1918.0,2532.0,1121.0,2038.0,1775.0,3613.0,3423.0,1383.0,1699.0,1.0,1.0,0.0
1922.0,2535.0,1122.0,2040.0,1777.0,3617.0,3425.0,1384.0,1701.0,1.0,1.0,0.0
1916.0,2530.0,1122.0,2035.0,1772.0,3615.0,3421.0,1382.0,1699.0,1.0,1.0,0.0
1913.0,2526.0,1119.0,2032.0,1771.0,3610.0,3415.0,1380.0,1697.0,1.0,1.0,0.0
1916.0,2528.0,1118.0,2033.0,1771.0,3609.0,3413.0,1379.0,1697.0,1.0,1.0,0.0
1909.0,2522.0,1113.0,2026.0,1765.0,3603.0,3406.0,1374.0,1691.0,1.0,1.0,0.0
1902.0,2514.0,1109.0,2020.0,1759.0,3596.0,3397.0,1370.0,1685.0,1.0,1.0,0.0
1905.0,2516.0,1107.0,2022.0,1760.0,3595.0,3399.0,1370.0,1685.0,1.0,1.0,0.0
1906.0,2517.0,1107.0,2021.0,1760.0,3596.0,3400.0,1369.0,1685.0,1.0,1.0,0.0
1901.0,2511.0,1105.0,2018.0,1757.0,3595.0,3397.0,1368.0,1683.0,1.0,1.0,0.0
1904.0,2513.0,1107.0,2022.0,1759.0,3598.0,3400.0,1370.0,1685.0,1.0,1.0,0.0
1908.0,2518.0,1108.0,2025.0,1762.0,3601.0,3403.0,1371.0,1688.0,1.0,1.0,0.0
1901.0,2512.0,1107.0,2021.0,1758.0,3597.0,3397.0,1369.0,1685.0,1.0,1.0,0.0
1902.0,2512.0,1109.0,2022.0,1759.0,3596.0,3397.0,1369.0,1684.0,1.0,1.0,0.0
1907.0,2518.0,1111.0,2026.0,1762.0,3600.0,3401.0,1370.0,1686.0,1.0,1.0,0.0
1904.0,2515.0,1109.0,2022.0,1759.0,3596.0,3399.0,1369.0,1684.0,1.0,1.0,0.0
1899.0,2510.0,1107.0,2017.0,1755.0,3591.0,3397.0,1367.0,1680.0,1.0,1.0,0.0
1905.0,2515.0,1107.0,2021.0,1758.0,3592.0,3402.0,1368.0,1682.0,1.0,1.0,0.0
1905.0,2516.0,1106.0,2020.0,1757.0,3592.0,3404.0,1367.0,1682.0,1.0,1.0,0.0
1901.0,2510.0,1105.0,2017.0,1742.0,3587.0,3402.0,1367.0,1707.0,1.0,1.0,0.0
1904.0,2514.0,1107.0,2020.0,1745.0,3589.0,3405.0,1369.0,1710.0,1.0,1.0,0.0
1911.0,2520.0,1111.0,2026.0,1750.0,3594.0,3411.0,1371.0,1714.0,1.0,1.0,0.0
1909.0,2519.0,1112.0,2025.0,1750.0,3594.0,3412.0,1372.0,1715.0,1.0,1.0,0.0
1909.0,2519.0,1113.0,2027.0,1753.0,3596.0,3413.0,1375.0,1717.0,1.0,1.0,0.0
1916.0,2526.0,1115.0,2032.0,1769.0,3601.0,3419.0,1377.0,1694.0,1.0,1.0,0.0
1915.0,2526.0,1116.0,2031.0,1768.0,3601.0,3419.0,1378.0,1693.0,1.0,1.0,0.0
1910.0,2522.0,1114.0,2028.0,1766.0,3599.0,3412.0,1376.0,1693.0,1.0,1.0,0.0
1915.0,2526.0,1115.0,2030.0,1769.0,3601.0,3415.0,1378.0,1695.0,1.0,1.0,0.0
1916.0,2528.0,1117.0,2032.0,1770.0,3602.0,3417.0,1379.0,1696.0,1.0,1.0,0.0
1910.0,2521.0,1114.0,2027.0,1766.0,3599.0,3413.0,1377.0,1693.0,1.0,1.0,0.0
1912.0,2523.0,1115.0,2029.0,1768.0,3601.0,3411.0,1376.0,1693.0,1.0,1.0,0.0
1917.0,2528.0,1117.0,2033.0,1771.0,3604.0,3417.0,1378.0,1695.0,1.0,1.0,0.0
1912.0,2523.0,1115.0,2030.0,1768.0,3602.0,3413.0,1376.0,1693.0,1.0,1.0,0.0
1909.0,2520.0,1113.0,2028.0,1767.0,3600.0,3410.0,1374.0,1691.0,1.0,1.0,0.0
1915.0,2527.0,1115.0,2032.0,1771.0,3603.0,3414.0,1376.0,1693.0,1.0,1.0,0.0
1913.0,2524.0,1115.0,2031.0,1770.0,3601.0,3413.0,1376.0,1692.0,1.0,1.0,0.0
1905.0,2517.0,1112.0,2024.0,1765.0,3595.0,3406.0,1372.0,1687.0,1.0,1.0,0.0
1907.0,2519.0,1111.0,2024.0,1764.0,3594.0,3405.0,1371.0,1687.0,1.0,1.0,0.0
1907.0,2520.0,1111.0,2023.0,1763.0,3593.0,3404.0,1370.0,1686.0,1.0,1.0,0.0
1901.0,2488.0,1096.0,1992.0,1877.0,3425.0,3630.0,1231.0,1650.0,2.0,1.0,0.0
1895.0,2483.0,1088.0,1987.0,1882.0,3393.0,3627.0,1214.0,1618.0,2.0,1.0,0.0
1886.0,2476.0,1082.0,1981.0,1885.0,3367.0,3624.0,1201.0,1590.0,2.0,1.0,0.0
1888.0,2478.0,1080.0,1983.0,1889.0,3360.0,3627.0,1195.0,1575.0,2.0,1.0,0.0
1888.0,2480.0,1078.0,1982.0,1887.0,3362.0,3630.0,1196.0,1573.0,2.0,1.0,0.0
1881.0,2473.0,1075.0,1977.0,1874.0,3377.0,3622.0,1201.0,1581.0,2.0,1.0,0.0
1879.0,2470.0,1073.0,1974.0,1863.0,3401.0,3615.0,1209.0,1597.0,2.0,1.0,0.0
1882.0,2473.0,1074.0,1977.0,1858.0,3423.0,3615.0,1218.0,1614.0,2.0,1.0,0.0
1878.0,2470.0,1073.0,1974.0,1842.0,3429.0,3613.0,1223.0,1649.0,2.0,1.0,0.0
1877.0,2468.0,1073.0,1974.0,1844.0,3425.0,3613.0,1221.0,1647.0,2.0,1.0,0.0
1883.0,2474.0,1076.0,1979.0,1857.0,3412.0,3620.0,1215.0,1637.0,2.0,1.0,0.0
1885.0,2476.0,1076.0,1981.0,1869.0,3391.0,3625.0,1206.0,1622.0,2.0,1.0,0.0
1881.0,2474.0,1075.0,1978.0,1874.0,3371.0,3625.0,1197.0,1605.0,2.0,1.0,0.0
1884.0,2477.0,1076.0,1979.0,1889.0,3366.0,3627.0,1192.0,1570.0,2.0,1.0,0.0
1887.0,2480.0,1076.0,1981.0,1890.0,3368.0,3626.0,1193.0,1569.0,2.0,1.0,0.0
1881.0,2475.0,1075.0,1977.0,1882.0,3381.0,3619.0,1197.0,1576.0,2.0,1.0,0.0
1880.0,2474.0,1076.0,1977.0,1873.0,3403.0,3614.0,1205.0,1589.0,2.0,1.0,0.0
1885.0,2477.0,1076.0,1980.0,1867.0,3423.0,3616.0,1214.0,1602.0,2.0,1.0,0.0
1882.0,2475.0,1076.0,1979.0,1859.0,3429.0,3612.0,1219.0,1606.0,2.0,1.0,0.0
1878.0,2470.0,1074.0,1976.0,1856.0,3428.0,3608.0,1220.0,1603.0,2.0,1.0,0.0
1883.0,2474.0,1075.0,1979.0,1862.0,3419.0,3611.0,1216.0,1594.0,2.0,1.0,0.0
1884.0,2474.0,1074.0,1979.0,1869.0,3400.0,3616.0,1209.0,1578.0,2.0,1.0,0.0
1879.0,2471.0,1073.0,1976.0,1874.0,3376.0,3616.0,1200.0,1560.0,2.0,1.0,0.0
1881.0,2472.0,1073.0,1977.0,1883.0,3362.0,3620.0,1194.0,1550.0,2.0,1.0,0.0
1886.0,2476.0,1075.0,1979.0,1888.0,3359.0,3625.0,1192.0,1548.0,2.0,1.0,0.0
1879.0,2471.0,1071.0,1973.0,1882.0,3363.0,3620.0,1190.0,1551.0,2.0,1.0,0.0
1876.0,2467.0,1069.0,1970.0,1879.0,3378.0,3616.0,1190.0,1562.0,2.0,1.0,0.0
1880.0,2469.0,1069.0,1972.0,1878.0,3398.0,3615.0,1192.0,1577.0,2.0,1.0,0.0
1877.0,2467.0,1066.0,1968.0,1874.0,3409.0,3611.0,1192.0,1587.0,2.0,1.0,0.0
1871.0,2461.0,1063.0,1964.0,1869.0,3409.0,3607.0,1190.0,1589.0,2.0,1.0,0.0
1874.0,2464.0,1064.0,1967.0,1873.0,3404.0,3610.0,1190.0,1586.0,2.0,1.0,0.0
1875.0,2466.0,1065.0,1968.0,1875.0,3389.0,3612.0,1189.0,1575.0,2.0,1.0,0.0
1869.0,2463.0,1063.0,1964.0,1873.0,3367.0,3609.0,1186.0,1558.0,2.0,1.0,0.0
1869.0,2463.0,1063.0,1966.0,1874.0,3351.0,3610.0,1185.0,1546.0,2.0,1.0,0.0
1874.0,2467.0,1064.0,1970.0,1877.0,3347.0,3613.0,1186.0,1539.0,2.0,1.0,0.0
1870.0,2464.0,1062.0,1967.0,1873.0,3351.0,3611.0,1186.0,1538.0,2.0,1.0,0.0
1868.0,2462.0,1062.0,1965.0,1869.0,3366.0,3609.0,1188.0,1546.0,2.0,1.0,0.0
1873.0,2465.0,1063.0,1969.0,1869.0,3388.0,3610.0,1190.0,1559.0,2.0,1.0,0.0
1894.0,2476.0,999.0,1967.0,1882.0,2855.0,3738.0,1182.0,1533.0,3.0,1.0,0.0
1893.0,2477.0,995.0,1967.0,1882.0,2874.0,3735.0,1178.0,1526.0,3.0,1.0,0.0
1883.0,2469.0,989.0,1960.0,1874.0,2902.0,3725.0,1175.0,1517.0,3.0,1.0,0.0
1879.0,2464.0,987.0,1957.0,1871.0,2935.0,3721.0,1174.0,1512.0,3.0,1.0,0.0
1883.0,2468.0,987.0,1960.0,1874.0,2960.0,3722.0,1173.0,1509.0,3.0,1.0,0.0
1880.0,2465.0,984.0,1957.0,1872.0,2961.0,3721.0,1171.0,1504.0,3.0,1.0,0.0
1872.0,2458.0,981.0,1953.0,1867.0,2938.0,3718.0,1169.0,1500.0,3.0,1.0,0.0
1875.0,2460.0,980.0,1955.0,1870.0,2904.0,3723.0,1167.0,1498.0,3.0,1.0,0.0
1875.0,2463.0,979.0,1956.0,1870.0,2870.0,3727.0,1164.0,1496.0,3.0,1.0,0.0
1869.0,2457.0,976.0,1950.0,1866.0,2840.0,3722.0,1162.0,1492.0,3.0,1.0,0.0
1868.0,2457.0,976.0,1951.0,1866.0,2829.0,3721.0,1162.0,1491.0,3.0,1.0,0.0
1873.0,2462.0,977.0,1954.0,1870.0,2836.0,3721.0,1163.0,1491.0,3.0,1.0,0.0
1871.0,2460.0,975.0,1952.0,1867.0,2849.0,3716.0,1162.0,1489.0,3.0,1.0,0.0
1870.0,2457.0,975.0,1950.0,1865.0,2860.0,3706.0,1163.0,1488.0,3.0,1.0,0.0
1875.0,2462.0,976.0,1954.0,1870.0,2869.0,3707.0,1165.0,1490.0,3.0,1.0,0.0
1878.0,2465.0,978.0,1955.0,1871.0,2867.0,3709.0,1166.0,1491.0,3.0,1.0,0.0
1873.0,2462.0,978.0,1952.0,1868.0,2855.0,3709.0,1165.0,1491.0,3.0,1.0,0.0
1875.0,2465.0,979.0,1955.0,1872.0,2842.0,3717.0,1167.0,1493.0,3.0,1.0,0.0
1878.0,2469.0,980.0,1957.0,1873.0,2832.0,3727.0,1167.0,1493.0,3.0,1.0,0.0
1872.0,2465.0,979.0,1954.0,1870.0,2827.0,3728.0,1166.0,1491.0,3.0,1.0,0.0
1870.0,2462.0,979.0,1953.0,1869.0,2832.0,3727.0,1165.0,1489.0,3.0,1.0,0.0
1875.0,2466.0,980.0,1956.0,1874.0,2844.0,3728.0,1166.0,1490.0,3.0,1.0,0.0
1873.0,2464.0,980.0,1955.0,1872.0,2856.0,3723.0,1166.0,1489.0,3.0,1.0,0.0
1871.0,2460.0,980.0,1954.0,1871.0,2862.0,3716.0,1165.0,1488.0,3.0,1.0,0.0
1876.0,2466.0,982.0,1958.0,1874.0,2861.0,3718.0,1167.0,1490.0,3.0,1.0,0.0
1877.0,2467.0,982.0,1958.0,1875.0,2853.0,3720.0,1168.0,1491.0,3.0,1.0,0.0
1874.0,2465.0,982.0,1957.0,1873.0,2841.0,3722.0,1169.0,1491.0,3.0,1.0,0.0
1877.0,2469.0,983.0,1959.0,1876.0,2833.0,3730.0,1171.0,1494.0,3.0,1.0,0.0
1881.0,2474.0,985.0,1963.0,1879.0,2832.0,3739.0,1173.0,1497.0,3.0,1.0,0.0
1877.0,2471.0,984.0,1960.0,1877.0,2838.0,3738.0,1174.0,1496.0,3.0,1.0,0.0
1878.0,2472.0,984.0,1961.0,1879.0,2848.0,3736.0,1174.0,1497.0,3.0,1.0,0.0
1881.0,2473.0,983.0,1962.0,1868.0,2876.0,3735.0,1172.0,1496.0,3.0,1.0,0.0
1877.0,2468.0,981.0,1958.0,1863.0,2878.0,3729.0,1170.0,1492.0,3.0,1.0,0.0
1843.0,2539.0,965.0,1967.0,1882.0,2802.0,3846.0,1186.0,1448.0,4.0,1.0,0.0
1816.0,2531.0,955.0,1958.0,1873.0,2792.0,3840.0,1178.0,1414.0,4.0,1.0,0.0
1803.0,2531.0,951.0,1956.0,1870.0,2787.0,3839.0,1174.0,1395.0,4.0,1.0,0.0
1801.0,2537.0,949.0,1957.0,1872.0,2786.0,3842.0,1173.0,1396.0,4.0,1.0,0.0
1801.0,2535.0,945.0,1953.0,1866.0,2783.0,3837.0,1171.0,1405.0,4.0,1.0,0.0
1809.0,2532.0,942.0,1951.0,1863.0,2782.0,3831.0,1170.0,1418.0,4.0,1.0,0.0
1822.0,2532.0,941.0,1952.0,1863.0,2782.0,3830.0,1168.0,1430.0,4.0,1.0,0.0
1827.0,2522.0,939.0,1948.0,1859.0,2778.0,3825.0,1165.0,1431.0,4.0,1.0,0.0
1825.0,2507.0,936.0,1941.0,1852.0,2773.0,3816.0,1161.0,1419.0,4.0,1.0,0.0
1826.0,2498.0,934.0,1939.0,1853.0,2772.0,3816.0,1159.0,1402.0,4.0,1.0,0.0
1822.0,2492.0,932.0,1936.0,1853.0,2770.0,3817.0,1159.0,1383.0,4.0,1.0,0.0
1811.0,2484.0,929.0,1931.0,1849.0,2768.0,3816.0,1158.0,1366.0,4.0,1.0,0.0
1805.0,2487.0,929.0,1931.0,1849.0,2767.0,3816.0,1158.0,1359.0,4.0,1.0,0.0
1801.0,2499.0,929.0,1934.0,1852.0,2768.0,3820.0,1158.0,1363.0,4.0,1.0,0.0
1794.0,2509.0,928.0,1933.0,1850.0,2766.0,3817.0,1157.0,1373.0,4.0,1.0,0.0
1789.0,2519.0,928.0,1935.0,1848.0,2765.0,3815.0,1156.0,1387.0,4.0,1.0,0.0
1793.0,2535.0,930.0,1939.0,1852.0,2767.0,3818.0,1157.0,1404.0,4.0,1.0,0.0
1792.0,2540.0,930.0,1938.0,1851.0,2766.0,3819.0,1157.0,1414.0,4.0,1.0,0.0
1787.0,2535.0,929.0,1935.0,1847.0,2765.0,3815.0,1155.0,1412.0,4.0,1.0,0.0
1788.0,2530.0,928.0,1936.0,1847.0,2765.0,3817.0,1155.0,1401.0,4.0,1.0,0.0
1790.0,2522.0,927.0,1934.0,1848.0,2764.0,3819.0,1155.0,1385.0,4.0,1.0,0.0
1786.0,2505.0,925.0,1928.0,1843.0,2761.0,3814.0,1153.0,1368.0,4.0,1.0,0.0
1789.0,2496.0,926.0,1929.0,1845.0,2762.0,3812.0,1153.0,1356.0,4.0,1.0,0.0
1799.0,2497.0,928.0,1934.0,1851.0,2766.0,3819.0,1157.0,1355.0,4.0,1.0,0.0
1802.0,2497.0,930.0,1934.0,1851.0,2767.0,3820.0,1158.0,1359.0,4.0,1.0,0.0
1805.0,2500.0,931.0,1937.0,1852.0,2768.0,3818.0,1159.0,1366.0,4.0,1.0,0.0
1814.0,2511.0,933.0,1943.0,1857.0,2771.0,3823.0,1160.0,1376.0,4.0,1.0,0.0
1816.0,2516.0,933.0,1944.0,1857.0,2772.0,3827.0,1161.0,1383.0,4.0,1.0,0.0
1812.0,2510.0,932.0,1940.0,1853.0,2770.0,3821.0,1160.0,1382.0,4.0,1.0,0.0
1816.0,2508.0,933.0,1942.0,1856.0,2771.0,3824.0,1161.0,1379.0,4.0,1.0,0.0
1818.0,2504.0,932.0,1942.0,1858.0,2771.0,3826.0,1162.0,1372.0,4.0,1.0,0.0
1812.0,2494.0,931.0,1937.0,1855.0,2770.0,3824.0,1160.0,1363.0,4.0,1.0,0.0
1809.0,2493.0,932.0,1937.0,1856.0,2770.0,3824.0,1160.0,1356.0,4.0,1.0,0.0
1808.0,2500.0,933.0,1940.0,1859.0,2771.0,3827.0,1160.0,1356.0,4.0,1.0,0.0
1801.0,2506.0,932.0,1938.0,1857.0,2770.0,3824.0,1159.0,1356.0,4.0,1.0,0.0
1795.0,2511.0,932.0,1938.0,1855.0,2769.0,3823.0,1158.0,1359.0,4.0,1.0,0.0
1795.0,2523.0,933.0,1943.0,1859.0,2771.0,3827.0,1161.0,1364.0,4.0,1.0,0.0
1669.0,2537.0,953.0,1866.0,1914.0,2785.0,3852.0,1175.0,1218.0,5.0,1.0,0.0
1621.0,2504.0,940.0,1847.0,1890.0,2767.0,3838.0,1164.0,1203.0,5.0,1.0,0.0
1595.0,2485.0,934.0,1842.0,1879.0,2762.0,3833.0,1160.0,1196.0,5.0,1.0,0.0
1591.0,2480.0,932.0,1842.0,1876.0,2761.0,3835.0,1159.0,1193.0,5.0,1.0,0.0
1606.0,2479.0,929.0,1840.0,1870.0,2758.0,3835.0,1156.0,1189.0,5.0,1.0,0.0
1632.0,2480.0,928.0,1837.0,1865.0,2756.0,3829.0,1155.0,1187.0,5.0,1.0,0.0
1665.0,2491.0,929.0,1842.0,1871.0,2759.0,3834.0,1157.0,1189.0,5.0,1.0,0.0
1688.0,2501.0,933.0,1848.0,1877.0,2766.0,3841.0,1161.0,1194.0,5.0,1.0,0.0
1687.0,2497.0,934.0,1846.0,1874.0,2766.0,3838.0,1161.0,1194.0,5.0,1.0,0.0
1674.0,2492.0,935.0,1848.0,1875.0,2767.0,3838.0,1162.0,1195.0,5.0,1.0,0.0
1653.0,2489.0,936.0,1851.0,1879.0,2768.0,3843.0,1164.0,1196.0,5.0,1.0,0.0
1623.0,2477.0,935.0,1848.0,1874.0,2766.0,3841.0,1163.0,1194.0,5.0,1.0,0.0
1600.0,2469.0,931.0,1843.0,1870.0,2760.0,3835.0,1159.0,1189.0,5.0,1.0,0.0
1598.0,2476.0,931.0,1845.0,1876.0,2760.0,3838.0,1159.0,1189.0,5.0,1.0,0.0
1608.0,2483.0,931.0,1844.0,1880.0,2760.0,3839.0,1157.0,1187.0,5.0,1.0,0.0
1628.0,2490.0,931.0,1842.0,1880.0,2759.0,3837.0,1157.0,1186.0,5.0,1.0,0.0
1656.0,2501.0,933.0,1845.0,1887.0,2761.0,3840.0,1158.0,1186.0,5.0,1.0,0.0
1674.0,2505.0,933.0,1846.0,1888.0,2762.0,3842.0,1158.0,1186.0,5.0,1.0,0.0
1675.0,2497.0,931.0,1842.0,1882.0,2761.0,3836.0,1156.0,1184.0,5.0,1.0,0.0
1666.0,2489.0,931.0,1842.0,1877.0,2760.0,3835.0,1157.0,1184.0,5.0,1.0,0.0
1652.0,2485.0,935.0,1846.0,1876.0,2764.0,3838.0,1161.0,1188.0,5.0,1.0,0.0
1629.0,2473.0,933.0,1844.0,1869.0,2764.0,3836.0,1161.0,1189.0,5.0,1.0,0.0
1608.0,2462.0,930.0,1840.0,1850.0,2779.0,3832.0,1160.0,1187.0,5.0,1.0,0.0
1600.0,2462.0,931.0,1842.0,1850.0,2779.0,3834.0,1161.0,1187.0,5.0,1.0,0.0
1603.0,2465.0,930.0,1839.0,1851.0,2778.0,3830.0,1160.0,1185.0,5.0,1.0,0.0
1616.0,2468.0,926.0,1834.0,1851.0,2772.0,3822.0,1156.0,1181.0,5.0,1.0,0.0
1641.0,2487.0,928.0,1839.0,1865.0,2778.0,3825.0,1160.0,1184.0,5.0,1.0,0.0
1661.0,2503.0,929.0,1841.0,1888.0,2760.0,3825.0,1159.0,1184.0,5.0,1.0,0.0
1674.0,2515.0,932.0,1844.0,1897.0,2765.0,3826.0,1162.0,1188.0,5.0,1.0,0.0
1232.0,2483.0,955.0,1807.0,1884.0,2776.0,3847.0,1177.0,1218.0,6.0,1.0,0.0
1231.0,2486.0,951.0,1815.0,1888.0,2772.0,3844.0,1174.0,1210.0,6.0,1.0,0.0
1233.0,2489.0,947.0,1824.0,1894.0,2770.0,3841.0,1173.0,1207.0,6.0,1.0,0.0
1236.0,2497.0,947.0,1837.0,1906.0,2773.0,3843.0,1174.0,1206.0,6.0,1.0,0.0
1241.0,2507.0,950.0,1846.0,1915.0,2780.0,3848.0,1178.0,1209.0,6.0,1.0,0.0
1245.0,2512.0,956.0,1848.0,1921.0,2792.0,3855.0,1185.0,1216.0,6.0,1.0,0.0
1248.0,2514.0,960.0,1845.0,1922.0,2800.0,3862.0,1190.0,1221.0,6.0,1.0,0.0
1247.0,2514.0,964.0,1839.0,1920.0,2806.0,3870.0,1193.0,1224.0,6.0,1.0,0.0
1246.0,2508.0,965.0,1830.0,1913.0,2808.0,3875.0,1195.0,1226.0,6.0,1.0,0.0
1244.0,2503.0,965.0,1823.0,1905.0,2806.0,3874.0,1195.0,1225.0,6.0,1.0,0.0
1243.0,2500.0,962.0,1821.0,1900.0,2800.0,3874.0,1192.0,1221.0,6.0,1.0,0.0
1243.0,2497.0,959.0,1824.0,1896.0,2798.0,3870.0,1190.0,1218.0,6.0,1.0,0.0
1248.0,2492.0,958.0,1828.0,1892.0,2795.0,3867.0,1188.0,1216.0,6.0,1.0,0.0
1253.0,2494.0,960.0,1837.0,1894.0,2797.0,3868.0,1189.0,1216.0,6.0,1.0,0.0
1255.0,2493.0,958.0,1840.0,1895.0,2796.0,3870.0,1188.0,1215.0,6.0,1.0,0.0
1250.0,2487.0,954.0,1832.0,1888.0,2790.0,3864.0,1183.0,1210.0,6.0,1.0,0.0
1245.0,2484.0,953.0,1824.0,1887.0,2787.0,3862.0,1182.0,1208.0,6.0,1.0,0.0
1239.0,2488.0,954.0,1820.0,1891.0,2789.0,3866.0,1184.0,1209.0,6.0,1.0,0.0
1232.0,2485.0,952.0,1810.0,1888.0,2787.0,3864.0,1182.0,1208.0,6.0,1.0,0.0
1230.0,2484.0,952.0,1806.0,1888.0,2787.0,3862.0,1182.0,1207.0,6.0,1.0,0.0
1231.0,2488.0,954.0,1811.0,1894.0,2790.0,3863.0,1185.0,1210.0,6.0,1.0,0.0
1234.0,2490.0,955.0,1816.0,1896.0,2792.0,3865.0,1186.0,1212.0,6.0,1.0,0.0
1234.0,2486.0,952.0,1817.0,1880.0,2807.0,3860.0,1184.0,1209.0,6.0,1.0,0.0
1236.0,2488.0,953.0,1823.0,1881.0,2806.0,3856.0,1184.0,1208.0,6.0,1.0,0.0
1237.0,2487.0,950.0,1822.0,1878.0,2804.0,3854.0,1182.0,1205.0,6.0,1.0,0.0
1232.0,2480.0,945.0,1814.0,1868.0,2798.0,3850.0,1179.0,1200.0,6.0,1.0,0.0
1229.0,2476.0,944.0,1808.0,1864.0,2794.0,3846.0,1175.0,1196.0,6.0,1.0,0.0
1227.0,2477.0,944.0,1803.0,1877.0,2776.0,3847.0,1175.0,1197.0,6.0,1.0,0.0
1224.0,2473.0,941.0,1795.0,1874.0,2774.0,3846.0,1174.0,1197.0,6.0,1.0,0.0
1225.0,2476.0,944.0,1796.0,1876.0,2780.0,3849.0,1177.0,1199.0,6.0,1.0,0.0
1230.0,2484.0,949.0,1804.0,1885.0,2786.0,3855.0,1181.0,1204.0,6.0,1.0,0.0
1231.0,2488.0,950.0,1807.0,1890.0,2789.0,3858.0,1184.0,1207.0,6.0,1.0,0.0
1228.0,2484.0,948.0,1806.0,1889.0,2784.0,3852.0,1180.0,1203.0,6.0,1.0,0.0
1226.0,2484.0,946.0,1807.0,1892.0,2780.0,3848.0,1177.0,1200.0,6.0,1.0,0.0
1221.0,2479.0,942.0,1803.0,1891.0,2770.0,3841.0,1172.0,1195.0,6.0,1.0,0.0
1215.0,2470.0,937.0,1794.0,1882.0,2761.0,3830.0,1167.0,1188.0,6.0,1.0,0.0
1233.0,2484.0,964.0,1805.0,1886.0,2786.0,3859.0,1188.0,1227.0,7.0,1.0,0.0
1228.0,2470.0,959.0,1801.0,1882.0,2782.0,3857.0,1184.0,1220.0,7.0,1.0,0.0
1226.0,2462.0,956.0,1799.0,1880.0,2778.0,3852.0,1181.0,1214.0,7.0,1.0,0.0
1225.0,2462.0,954.0,1799.0,1881.0,2777.0,3852.0,1179.0,1210.0,7.0,1.0,0.0
1219.0,2457.0,948.0,1792.0,1874.0,2768.0,3842.0,1173.0,1202.0,7.0,1.0,0.0
1213.0,2457.0,942.0,1786.0,1866.0,2760.0,3832.0,1168.0,1196.0,7.0,1.0,0.0
1214.0,2466.0,942.0,1787.0,1868.0,2759.0,3828.0,1167.0,1195.0,7.0,1.0,0.0
1212.0,2471.0,940.0,1787.0,1868.0,2758.0,3827.0,1167.0,1193.0,7.0,1.0,0.0
1210.0,2469.0,939.0,1782.0,1863.0,2755.0,3822.0,1165.0,1191.0,7.0,1.0,0.0
1210.0,2467.0,938.0,1783.0,1864.0,2755.0,3821.0,1165.0,1191.0,7.0,1.0,0.0
1211.0,2465.0,939.0,1786.0,1868.0,2758.0,3824.0,1166.0,1191.0,7.0,1.0,0.0
1210.0,2457.0,938.0,1784.0,1865.0,2756.0,3825.0,1165.0,1189.0,7.0,1.0,0.0
1210.0,2451.0,938.0,1782.0,1863.0,2756.0,3827.0,1164.0,1188.0,7.0,1.0,0.0
1212.0,2455.0,939.0,1786.0,1868.0,2759.0,3834.0,1166.0,1189.0,7.0,1.0,0.0
1214.0,2458.0,939.0,1787.0,1869.0,2760.0,3839.0,1167.0,1190.0,7.0,1.0,0.0
1213.0,2460.0,937.0,1783.0,1854.0,2776.0,3839.0,1166.0,1188.0,7.0,1.0,0.0
1214.0,2467.0,938.0,1786.0,1856.0,2779.0,3844.0,1167.0,1188.0,7.0,1.0,0.0
1215.0,2472.0,937.0,1787.0,1858.0,2780.0,3843.0,1168.0,1189.0,7.0,1.0,0.0
1211.0,2465.0,935.0,1783.0,1853.0,2777.0,3840.0,1166.0,1187.0,7.0,1.0,0.0
1209.0,2460.0,934.0,1781.0,1852.0,2775.0,3838.0,1166.0,1185.0,7.0,1.0,0.0
1210.0,2459.0,935.0,1783.0,1866.0,2760.0,3838.0,1167.0,1186.0,7.0,1.0,0.0
1208.0,2456.0,934.0,1780.0,1864.0,2758.0,3835.0,1167.0,1186.0,7.0,1.0,0.0
1207.0,2453.0,932.0,1777.0,1861.0,2756.0,3831.0,1166.0,1184.0,7.0,1.0,0.0
1208.0,2459.0,933.0,1780.0,1864.0,2759.0,3832.0,1166.0,1185.0,7.0,1.0,0.0
1209.0,2465.0,933.0,1780.0,1864.0,2759.0,3832.0,1166.0,1185.0,7.0,1.0,0.0
1208.0,2465.0,932.0,1778.0,1862.0,2758.0,3829.0,1165.0,1185.0,7.0,1.0,0.0
1210.0,2467.0,933.0,1781.0,1866.0,2760.0,3829.0,1164.0,1185.0,7.0,1.0,0.0
1211.0,2466.0,935.0,1784.0,1869.0,2762.0,3831.0,1165.0,1187.0,7.0,1.0,0.0
1210.0,2458.0,934.0,1782.0,1865.0,2760.0,3829.0,1164.0,1187.0,7.0,1.0,0.0
1210.0,2454.0,935.0,1782.0,1865.0,2760.0,3828.0,1164.0,1187.0,7.0,1.0,0.0
1212.0,2456.0,936.0,1785.0,1869.0,2762.0,3831.0,1164.0,1187.0,7.0,1.0,0.0
1210.0,2454.0,935.0,1782.0,1865.0,2759.0,3830.0,1163.0,1185.0,7.0,1.0,0.0
1210.0,2455.0,935.0,1780.0,1863.0,2757.0,3828.0,1162.0,1184.0,7.0,1.0,0.0
1212.0,2463.0,937.0,1783.0,1867.0,2759.0,3832.0,1164.0,1185.0,7.0,1.0,0.0
1211.0,2464.0,937.0,1783.0,1867.0,2759.0,3833.0,1164.0,1185.0,7.0,1.0,0.0
1217.0,2233.0,953.0,1786.0,1874.0,2759.0,3731.0,1176.0,1211.0,8.0,1.0,0.0
1213.0,2255.0,949.0,1784.0,1871.0,2757.0,3729.0,1172.0,1203.0,8.0,1.0,0.0
1213.0,2274.0,948.0,1786.0,1873.0,2758.0,3732.0,1171.0,1199.0,8.0,1.0,0.0
1211.0,2266.0,945.0,1783.0,1871.0,2756.0,3731.0,1168.0,1195.0,8.0,1.0,0.0
1208.0,2241.0,942.0,1780.0,1867.0,2753.0,3728.0,1167.0,1191.0,8.0,1.0,0.0
1208.0,2215.0,942.0,1782.0,1869.0,2753.0,3728.0,1168.0,1190.0,8.0,1.0,0.0
1208.0,2190.0,941.0,1782.0,1869.0,2753.0,3728.0,1168.0,1189.0,8.0,1.0,0.0
1206.0,2175.0,939.0,1780.0,1866.0,2750.0,3723.0,1166.0,1187.0,8.0,1.0,0.0
1207.0,2181.0,939.0,1781.0,1867.0,2751.0,3724.0,1167.0,1186.0,8.0,1.0,0.0
1208.0,2196.0,940.0,1783.0,1871.0,2754.0,3726.0,1167.0,1187.0,8.0,1.0,0.0
1206.0,2206.0,937.0,1779.0,1868.0,2752.0,3725.0,1166.0,1186.0,8.0,1.0,0.0
1205.0,2211.0,937.0,1778.0,1868.0,2751.0,3722.0,1165.0,1186.0,8.0,1.0,0.0
1206.0,2209.0,937.0,1780.0,1871.0,2753.0,3725.0,1166.0,1186.0,8.0,1.0,0.0
1205.0,2194.0,934.0,1778.0,1868.0,2751.0,3722.0,1164.0,1185.0,8.0,1.0,0.0
1202.0,2176.0,932.0,1773.0,1851.0,2764.0,3717.0,1161.0,1180.0,8.0,1.0,0.0
1202.0,2165.0,932.0,1775.0,1851.0,2763.0,3717.0,1160.0,1178.0,8.0,1.0,0.0
1199.0,2165.0,931.0,1773.0,1850.0,2762.0,3716.0,1160.0,1176.0,8.0,1.0,0.0
1197.0,2175.0,930.0,1769.0,1845.0,2759.0,3710.0,1157.0,1174.0,8.0,1.0,0.0
1196.0,2193.0,931.0,1770.0,1846.0,2759.0,3710.0,1158.0,1174.0,8.0,1.0,0.0
1198.0,2211.0,932.0,1774.0,1861.0,2743.0,3712.0,1160.0,1176.0,8.0,1.0,0.0
1197.0,2216.0,931.0,1771.0,1859.0,2743.0,3711.0,1159.0,1177.0,8.0,1.0,0.0
1198.0,2212.0,932.0,1772.0,1859.0,2743.0,3713.0,1160.0,1176.0,8.0,1.0,0.0
1201.0,2200.0,932.0,1775.0,1862.0,2746.0,3716.0,1162.0,1178.0,8.0,1.0,0.0
1200.0,2182.0,931.0,1773.0,1860.0,2746.0,3717.0,1161.0,1177.0,8.0,1.0,0.0
1199.0,2167.0,931.0,1771.0,1858.0,2745.0,3715.0,1161.0,1177.0,8.0,1.0,0.0
1202.0,2165.0,932.0,1774.0,1861.0,2747.0,3717.0,1160.0,1177.0,8.0,1.0,0.0
1201.0,2167.0,932.0,1775.0,1862.0,2748.0,3717.0,1160.0,1177.0,8.0,1.0,0.0
1199.0,2167.0,931.0,1772.0,1859.0,2746.0,3716.0,1158.0,1176.0,8.0,1.0,0.0
1201.0,2170.0,933.0,1774.0,1862.0,2748.0,3717.0,1158.0,1176.0,8.0,1.0,0.0
1201.0,2171.0,934.0,1776.0,1866.0,2751.0,3720.0,1160.0,1177.0,8.0,1.0,0.0
1199.0,2166.0,933.0,1774.0,1864.0,2748.0,3716.0,1160.0,1177.0,8.0,1.0,0.0
1202.0,2163.0,935.0,1776.0,1866.0,2750.0,3717.0,1162.0,1179.0,8.0,1.0,0.0
1206.0,2168.0,938.0,1781.0,1872.0,2755.0,3720.0,1165.0,1182.0,8.0,1.0,0.0
1206.0,2173.0,937.0,1780.0,1871.0,2754.0,3721.0,1167.0,1182.0,8.0,1.0,0.0
1206.0,2180.0,936.0,1778.0,1870.0,2753.0,3721.0,1167.0,1183.0,8.0,1.0,0.0
1840.0,2437.0,1067.0,1951.0,1685.0,3479.0,3279.0,1328.0,1640.0,1.0,2.0,0.0
1839.0,2435.0,1064.0,1948.0,1681.0,3476.0,3278.0,1326.0,1637.0,1.0,2.0,0.0
1834.0,2431.0,1063.0,1944.0,1678.0,3474.0,3276.0,1326.0,1635.0,1.0,2.0,0.0
1837.0,2432.0,1064.0,1947.0,1693.0,3456.0,3277.0,1326.0,1636.0,1.0,2.0,0.0
1840.0,2435.0,1064.0,1948.0,1694.0,3457.0,3277.0,1327.0,1637.0,1.0,2.0,0.0
1836.0,2431.0,1063.0,1946.0,1693.0,3457.0,3272.0,1327.0,1636.0,1.0,2.0,0.0
1837.0,2433.0,1064.0,1947.0,1694.0,3458.0,3273.0,1327.0,1636.0,1.0,2.0,0.0
1841.0,2437.0,1066.0,1951.0,1698.0,3460.0,3275.0,1328.0,1639.0,1.0,2.0,0.0
1839.0,2435.0,1065.0,1948.0,1696.0,3459.0,3275.0,1328.0,1638.0,1.0,2.0,0.0
1836.0,2433.0,1065.0,1947.0,1694.0,3457.0,3275.0,1328.0,1637.0,1.0,2.0,0.0
1841.0,2437.0,1066.0,1951.0,1698.0,3459.0,3278.0,1329.0,1640.0,1.0,2.0,0.0
1841.0,2436.0,1066.0,1952.0,1699.0,3458.0,3275.0,1328.0,1639.0,1.0,2.0,0.0
1834.0,2429.0,1063.0,1945.0,1693.0,3452.0,3270.0,1326.0,1636.0,1.0,2.0,0.0
1834.0,2428.0,1063.0,1945.0,1693.0,3450.0,3268.0,1323.0,1634.0,1.0,2.0,0.0
1835.0,2428.0,1062.0,1944.0,1691.0,3448.0,3263.0,1321.0,1633.0,1.0,2.0,0.0
1830.0,2423.0,1060.0,1939.0,1687.0,3445.0,3261.0,1320.0,1629.0,1.0,2.0,0.0
1830.0,2423.0,1061.0,1938.0,1687.0,3445.0,3263.0,1320.0,1629.0,1.0,2.0,0.0
1837.0,2429.0,1064.0,1943.0,1691.0,3450.0,3267.0,1322.0,1632.0,1.0,2.0,0.0
1836.0,2428.0,1064.0,1942.0,1690.0,3450.0,3268.0,1324.0,1633.0,1.0,2.0,0.0
1835.0,2427.0,1064.0,1942.0,1691.0,3451.0,3271.0,1325.0,1634.0,1.0,2.0,0.0
1840.0,2432.0,1066.0,1946.0,1694.0,3453.0,3274.0,1327.0,1636.0,1.0,2.0,0.0
1839.0,2430.0,1064.0,1945.0,1692.0,3452.0,3274.0,1326.0,1635.0,1.0,2.0,0.0
1834.0,2424.0,1062.0,1941.0,1690.0,3450.0,3270.0,1324.0,1633.0,1.0,2.0,0.0
1838.0,2428.0,1064.0,1945.0,1693.0,3451.0,3274.0,1324.0,1634.0,1.0,2.0,0.0
1840.0,2431.0,1064.0,1946.0,1694.0,3453.0,3276.0,1325.0,1635.0,1.0,2.0,0.0
1835.0,2426.0,1062.0,1941.0,1691.0,3450.0,3269.0,1323.0,1632.0,1.0,2.0,0.0
1836.0,2428.0,1063.0,1943.0,1693.0,3451.0,3268.0,1323.0,1634.0,1.0,2.0,0.0
1841.0,2433.0,1064.0,1946.0,1695.0,3455.0,3271.0,1325.0,1636.0,1.0,2.0,0.0
1837.0,2429.0,1064.0,1944.0,1694.0,3454.0,3269.0,1323.0,1634.0,1.0,2.0,0.0
1836.0,2429.0,1065.0,1944.0,1696.0,3456.0,3269.0,1325.0,1635.0,1.0,2.0,0.0
1852.0,2447.0,1077.0,1963.0,1710.0,3475.0,3293.0,1338.0,1649.0,1.0,2.0,0.0
1853.0,2447.0,1079.0,1964.0,1711.0,3476.0,3295.0,1340.0,1651.0,1.0,2.0,0.0
1861.0,2459.0,1091.0,1979.0,1724.0,3495.0,3313.0,1354.0,1665.0,1.0,2.0,0.0
1896.0,2500.0,1119.0,2032.0,1762.0,3542.0,3363.0,1389.0,1703.0,1.0,2.0,0.0
1887.0,2479.0,1105.0,1996.0,1742.0,3523.0,3326.0,1373.0,1692.0,1.0,2.0,0.0
1860.0,2437.0,1075.0,1950.0,1778.0,3385.0,3553.0,1230.0,1630.0,2.0,2.0,0.0
1862.0,2440.0,1073.0,1952.0,1780.0,3383.0,3554.0,1226.0,1619.0,2.0,2.0,0.0
1857.0,2437.0,1071.0,1948.0,1787.0,3373.0,3553.0,1214.0,1607.0,2.0,2.0,0.0
1854.0,2433.0,1068.0,1946.0,1800.0,3362.0,3554.0,1201.0,1604.0,2.0,2.0,0.0
1862.0,2437.0,1069.0,1949.0,1817.0,3358.0,3558.0,1189.0,1610.0,2.0,2.0,0.0
1868.0,2437.0,1068.0,1948.0,1826.0,3354.0,3561.0,1180.0,1618.0,2.0,2.0,0.0
1868.0,2431.0,1066.0,1944.0,1827.0,3352.0,3557.0,1176.0,1628.0,2.0,2.0,0.0
1875.0,2435.0,1067.0,1947.0,1831.0,3359.0,3559.0,1179.0,1640.0,2.0,2.0,0.0
1878.0,2439.0,1068.0,1949.0,1834.0,3366.0,3561.0,1185.0,1647.0,2.0,2.0,0.0
1869.0,2433.0,1067.0,1945.0,1829.0,3367.0,3556.0,1192.0,1647.0,2.0,2.0,0.0
1861.0,2432.0,1066.0,1944.0,1826.0,3368.0,3552.0,1198.0,1647.0,2.0,2.0,0.0
1859.0,2434.0,1065.0,1945.0,1826.0,3369.0,3555.0,1203.0,1646.0,2.0,2.0,0.0
1849.0,2429.0,1062.0,1940.0,1818.0,3366.0,3550.0,1202.0,1641.0,2.0,2.0,0.0
1843.0,2425.0,1059.0,1936.0,1814.0,3361.0,3546.0,1196.0,1630.0,2.0,2.0,0.0
1848.0,2428.0,1058.0,1937.0,1815.0,3352.0,3548.0,1188.0,1616.0,2.0,2.0,0.0
1848.0,2429.0,1058.0,1937.0,1815.0,3341.0,3551.0,1180.0,1598.0,2.0,2.0,0.0
1844.0,2425.0,1056.0,1933.0,1813.0,3335.0,3548.0,1174.0,1584.0,2.0,2.0,0.0
1848.0,2428.0,1057.0,1936.0,1816.0,3336.0,3551.0,1173.0,1581.0,2.0,2.0,0.0
1850.0,2429.0,1057.0,1937.0,1818.0,3340.0,3553.0,1175.0,1586.0,2.0,2.0,0.0
1845.0,2424.0,1054.0,1931.0,1813.0,3346.0,3548.0,1177.0,1597.0,2.0,2.0,0.0
1844.0,2424.0,1054.0,1931.0,1813.0,3356.0,3548.0,1182.0,1612.0,2.0,2.0,0.0
1848.0,2427.0,1054.0,1933.0,1816.0,3360.0,3550.0,1186.0,1624.0,2.0,2.0,0.0
1846.0,2422.0,1052.0,1929.0,1812.0,3357.0,3546.0,1185.0,1625.0,2.0,2.0,0.0
1846.0,2419.0,1051.0,1927.0,1810.0,3353.0,3542.0,1182.0,1626.0,2.0,2.0,0.0
1854.0,2423.0,1053.0,1931.0,1816.0,3353.0,3548.0,1178.0,1627.0,2.0,2.0,0.0
1856.0,2421.0,1052.0,1929.0,1815.0,3349.0,3546.0,1172.0,1626.0,2.0,2.0,0.0
1851.0,2416.0,1051.0,1926.0,1812.0,3343.0,3542.0,1168.0,1622.0,2.0,2.0,0.0
1856.0,2423.0,1054.0,1931.0,1819.0,3341.0,3548.0,1167.0,1618.0,2.0,2.0,0.0
1857.0,2427.0,1056.0,1933.0,1821.0,3342.0,3551.0,1168.0,1610.0,2.0,2.0,0.0
1849.0,2424.0,1055.0,1931.0,1817.0,3342.0,3549.0,1170.0,1602.0,2.0,2.0,0.0
1849.0,2428.0,1058.0,1935.0,1818.0,3348.0,3553.0,1178.0,1597.0,2.0,2.0,0.0
1854.0,2433.0,1060.0,1941.0,1817.0,3356.0,3556.0,1186.0,1597.0,2.0,2.0,0.0
1849.0,2429.0,1059.0,1937.0,1807.0,3361.0,3551.0,1194.0,1599.0,2.0,2.0,0.0
1847.0,2427.0,1059.0,1937.0,1804.0,3364.0,3549.0,1201.0,1605.0,2.0,2.0,0.0
1852.0,2432.0,1061.0,1941.0,1808.0,3369.0,3552.0,1203.0,1613.0,2.0,2.0,0.0
1850.0,2430.0,1060.0,1938.0,1808.0,3367.0,3550.0,1199.0,1618.0,2.0,2.0,0.0
1847.0,2426.0,1058.0,1935.0,1811.0,3363.0,3549.0,1193.0,1622.0,2.0,2.0,0.0
1853.0,2431.0,1059.0,1939.0,1821.0,3359.0,3554.0,1186.0,1625.0,2.0,2.0,0.0
1856.0,2432.0,1059.0,1939.0,1825.0,3356.0,3555.0,1179.0,1627.0,2.0,2.0,0.0
1852.0,2427.0,1056.0,1934.0,1822.0,3351.0,3551.0,1174.0,1626.0,2.0,2.0,0.0
1855.0,2427.0,1056.0,1935.0,1824.0,3351.0,3551.0,1173.0,1627.0,2.0,2.0,0.0
1858.0,2430.0,1058.0,1938.0,1826.0,3354.0,3554.0,1174.0,1627.0,2.0,2.0,0.0
1851.0,2424.0,1056.0,1934.0,1819.0,3356.0,3548.0,1177.0,1626.0,2.0,2.0,0.0
1847.0,2423.0,1055.0,1933.0,1804.0,3377.0,3546.0,1181.0,1623.0,2.0,2.0,0.0
1849.0,2427.0,1057.0,1936.0,1805.0,3380.0,3548.0,1185.0,1622.0,2.0,2.0,0.0
1844.0,2424.0,1055.0,1933.0,1799.0,3378.0,3546.0,1185.0,1614.0,2.0,2.0,0.0
1839.0,2420.0,1053.0,1929.0,1795.0,3373.0,3539.0,1183.0,1604.0,2.0,2.0,0.0
1843.0,2425.0,1054.0,1932.0,1800.0,3368.0,3542.0,1179.0,1597.0,2.0,2.0,0.0
1872.0,2443.0,995.0,1942.0,1830.0,2993.0,3620.0,1172.0,1512.0,3.0,2.0,0.0
1867.0,2440.0,992.0,1941.0,1830.0,3009.0,3615.0,1168.0,1504.0,3.0,2.0,0.0
1866.0,2442.0,988.0,1939.0,1829.0,2976.0,3615.0,1166.0,1498.0,3.0,2.0,0.0
1864.0,2444.0,985.0,1935.0,1824.0,2927.0,3620.0,1166.0,1494.0,3.0,2.0,0.0
1873.0,2458.0,983.0,1936.0,1825.0,2877.0,3628.0,1165.0,1492.0,3.0,2.0,0.0
1889.0,2479.0,982.0,1938.0,1827.0,2831.0,3634.0,1165.0,1491.0,3.0,2.0,0.0
1900.0,2493.0,979.0,1934.0,1823.0,2808.0,3628.0,1163.0,1489.0,3.0,2.0,0.0
1913.0,2506.0,979.0,1933.0,1821.0,2830.0,3617.0,1163.0,1495.0,3.0,2.0,0.0
1929.0,2520.0,983.0,1935.0,1824.0,2873.0,3605.0,1163.0,1508.0,3.0,2.0,0.0
1937.0,2520.0,986.0,1933.0,1823.0,2919.0,3588.0,1162.0,1521.0,3.0,2.0,0.0
1937.0,2513.0,988.0,1931.0,1820.0,2961.0,3573.0,1162.0,1531.0,3.0,2.0,0.0
1941.0,2513.0,990.0,1934.0,1825.0,2982.0,3571.0,1164.0,1537.0,3.0,2.0,0.0
1939.0,2510.0,990.0,1935.0,1825.0,2962.0,3576.0,1164.0,1531.0,3.0,2.0,0.0
1927.0,2499.0,984.0,1932.0,1822.0,2919.0,3581.0,1162.0,1517.0,3.0,2.0,0.0
1917.0,2493.0,980.0,1934.0,1823.0,2873.0,3598.0,1161.0,1502.0,3.0,2.0,0.0
1909.0,2489.0,979.0,1937.0,1827.0,2832.0,3619.0,1163.0,1492.0,3.0,2.0,0.0
1893.0,2476.0,977.0,1935.0,1826.0,2810.0,3626.0,1163.0,1486.0,3.0,2.0,0.0
1883.0,2465.0,978.0,1936.0,1827.0,2828.0,3629.0,1164.0,1484.0,3.0,2.0,0.0
1883.0,2463.0,982.0,1941.0,1832.0,2872.0,3628.0,1166.0,1487.0,3.0,2.0,0.0
1880.0,2456.0,982.0,1940.0,1832.0,2918.0,3615.0,1168.0,1488.0,3.0,2.0,0.0
1879.0,2451.0,982.0,1937.0,1829.0,2959.0,3600.0,1168.0,1489.0,3.0,2.0,0.0
1890.0,2457.0,982.0,1940.0,1832.0,2979.0,3595.0,1168.0,1489.0,3.0,2.0,0.0
1898.0,2465.0,981.0,1940.0,1832.0,2960.0,3591.0,1166.0,1489.0,3.0,2.0,0.0
1900.0,2472.0,979.0,1935.0,1829.0,2917.0,3593.0,1164.0,1485.0,3.0,2.0,0.0
1908.0,2487.0,979.0,1937.0,1831.0,2871.0,3607.0,1164.0,1485.0,3.0,2.0,0.0
1915.0,2501.0,978.0,1939.0,1832.0,2829.0,3619.0,1163.0,1484.0,3.0,2.0,0.0
1913.0,2503.0,978.0,1936.0,1829.0,2804.0,3619.0,1163.0,1482.0,3.0,2.0,0.0
1913.0,2502.0,978.0,1937.0,1830.0,2815.0,3619.0,1164.0,1483.0,3.0,2.0,0.0
1917.0,2499.0,979.0,1940.0,1833.0,2851.0,3616.0,1166.0,1485.0,3.0,2.0,0.0
1912.0,2486.0,979.0,1938.0,1829.0,2893.0,3602.0,1165.0,1484.0,3.0,2.0,0.0
1904.0,2470.0,978.0,1934.0,1826.0,2934.0,3589.0,1163.0,1482.0,3.0,2.0,0.0
1899.0,2464.0,978.0,1937.0,1816.0,2980.0,3589.0,1163.0,1482.0,3.0,2.0,0.0
1891.0,2456.0,977.0,1934.0,1813.0,2975.0,3592.0,1162.0,1480.0,3.0,2.0,0.0
1879.0,2448.0,974.0,1929.0,1808.0,2942.0,3592.0,1159.0,1476.0,3.0,2.0,0.0
1877.0,2451.0,974.0,1930.0,1810.0,2901.0,3604.0,1159.0,1474.0,3.0,2.0,0.0
1878.0,2458.0,974.0,1932.0,1812.0,2859.0,3617.0,1160.0,1474.0,3.0,2.0,0.0
1877.0,2459.0,972.0,1928.0,1820.0,2807.0,3617.0,1158.0,1471.0,3.0,2.0,0.0
1883.0,2463.0,971.0,1927.0,1820.0,2799.0,3613.0,1157.0,1470.0,3.0,2.0,0.0
1894.0,2473.0,972.0,1931.0,1823.0,2819.0,3612.0,1158.0,1473.0,3.0,2.0,0.0
1898.0,2473.0,972.0,1928.0,1820.0,2850.0,3597.0,1158.0,1474.0,3.0,2.0,0.0
1903.0,2472.0,972.0,1927.0,1818.0,2886.0,3582.0,1157.0,1476.0,3.0,2.0,0.0
1911.0,2477.0,974.0,1930.0,1822.0,2920.0,3578.0,1158.0,1480.0,3.0,2.0,0.0
1793.0,2595.0,946.0,1946.0,1902.0,2772.0,3802.0,1169.0,1444.0,4.0,2.0,0.0
1761.0,2583.0,940.0,1941.0,1884.0,2768.0,3801.0,1165.0,1420.0,4.0,2.0,0.0
1754.0,2572.0,938.0,1940.0,1869.0,2766.0,3800.0,1163.0,1412.0,4.0,2.0,0.0
1768.0,2560.0,936.0,1940.0,1853.0,2766.0,3800.0,1162.0,1423.0,4.0,2.0,0.0
1784.0,2538.0,933.0,1935.0,1835.0,2764.0,3794.0,1160.0,1440.0,4.0,2.0,0.0
1805.0,2520.0,932.0,1932.0,1827.0,2764.0,3787.0,1159.0,1459.0,4.0,2.0,0.0
1823.0,2512.0,932.0,1935.0,1828.0,2765.0,3790.0,1159.0,1468.0,4.0,2.0,0.0
1822.0,2508.0,932.0,1935.0,1828.0,2766.0,3791.0,1159.0,1458.0,4.0,2.0,0.0
1805.0,2513.0,932.0,1934.0,1830.0,2765.0,3792.0,1159.0,1438.0,4.0,2.0,0.0
1787.0,2532.0,934.0,1939.0,1842.0,2766.0,3801.0,1162.0,1418.0,4.0,2.0,0.0
1767.0,2551.0,936.0,1942.0,1856.0,2767.0,3809.0,1163.0,1400.0,4.0,2.0,0.0
1754.0,2564.0,936.0,1939.0,1868.0,2766.0,3809.0,1163.0,1395.0,4.0,2.0,0.0
1761.0,2578.0,936.0,1941.0,1885.0,2766.0,3807.0,1164.0,1408.0,4.0,2.0,0.0
1786.0,2588.0,937.0,1943.0,1902.0,2767.0,3803.0,1164.0,1427.0,4.0,2.0,0.0
1813.0,2588.0,936.0,1940.0,1908.0,2767.0,3787.0,1163.0,1448.0,4.0,2.0,0.0
1839.0,2587.0,936.0,1939.0,1912.0,2766.0,3777.0,1162.0,1467.0,4.0,2.0,0.0
1855.0,2593.0,937.0,1943.0,1917.0,2768.0,3777.0,1164.0,1476.0,4.0,2.0,0.0
1846.0,2592.0,936.0,1940.0,1912.0,2767.0,3779.0,1162.0,1471.0,4.0,2.0,0.0
1819.0,2587.0,935.0,1938.0,1902.0,2765.0,3783.0,1161.0,1453.0,4.0,2.0,0.0
1793.0,2587.0,935.0,1941.0,1896.0,2765.0,3797.0,1161.0,1431.0,4.0,2.0,0.0
1767.0,2582.0,934.0,1940.0,1882.0,2765.0,3806.0,1160.0,1407.0,4.0,2.0,0.0
1747.0,2569.0,933.0,1936.0,1863.0,2764.0,3806.0,1158.0,1387.0,4.0,2.0,0.0
1748.0,2562.0,933.0,1939.0,1853.0,2765.0,3807.0,1160.0,1385.0,4.0,2.0,0.0
1759.0,2557.0,932.0,1939.0,1831.0,2782.0,3807.0,1160.0,1398.0,4.0,2.0,0.0
1768.0,2547.0,929.0,1932.0,1818.0,2779.0,3800.0,1157.0,1415.0,4.0,2.0,0.0
1776.0,2546.0,928.0,1931.0,1815.0,2778.0,3795.0,1157.0,1435.0,4.0,2.0,0.0
1780.0,2554.0,928.0,1932.0,1818.0,2777.0,3795.0,1156.0,1448.0,4.0,2.0,0.0
1769.0,2556.0,926.0,1927.0,1820.0,2774.0,3791.0,1154.0,1444.0,4.0,2.0,0.0
1753.0,2560.0,926.0,1926.0,1841.0,2754.0,3788.0,1152.0,1428.0,4.0,2.0,0.0
1742.0,2572.0,928.0,1930.0,1859.0,2756.0,3791.0,1153.0,1409.0,4.0,2.0,0.0
1730.0,2578.0,926.0,1929.0,1869.0,2753.0,3793.0,1152.0,1390.0,4.0,2.0,0.0
1724.0,2575.0,925.0,1926.0,1874.0,2751.0,3788.0,1152.0,1382.0,4.0,2.0,0.0
1730.0,2579.0,926.0,1929.0,1879.0,2752.0,3789.0,1153.0,1390.0,4.0,2.0,0.0
1741.0,2581.0,927.0,1930.0,1876.0,2754.0,3791.0,1154.0,1407.0,4.0,2.0,0.0
1749.0,2573.0,926.0,1927.0,1861.0,2753.0,3788.0,1153.0,1426.0,4.0,2.0,0.0
1759.0,2569.0,927.0,1928.0,1851.0,2754.0,3788.0,1154.0,1445.0,4.0,2.0,0.0
1766.0,2570.0,928.0,1932.0,1846.0,2756.0,3793.0,1155.0,1453.0,4.0,2.0,0.0
1762.0,2563.0,927.0,1929.0,1835.0,2754.0,3792.0,1154.0,1445.0,4.0,2.0,0.0
1752.0,2558.0,927.0,1928.0,1830.0,2753.0,3790.0,1153.0,1427.0,4.0,2.0,0.0
1745.0,2561.0,928.0,1931.0,1835.0,2754.0,3792.0,1154.0,1407.0,4.0,2.0,0.0
1631.0,2579.0,953.0,1862.0,1936.0,2772.0,3824.0,1174.0,1220.0,5.0,2.0,0.0
1604.0,2569.0,946.0,1852.0,1928.0,2764.0,3818.0,1168.0,1210.0,5.0,2.0,0.0
1601.0,2568.0,943.0,1852.0,1927.0,2762.0,3815.0,1165.0,1203.0,5.0,2.0,0.0
1616.0,2574.0,941.0,1857.0,1930.0,2762.0,3817.0,1163.0,1199.0,5.0,2.0,0.0
1640.0,2575.0,938.0,1859.0,1927.0,2759.0,3813.0,1160.0,1194.0,5.0,2.0,0.0
1664.0,2576.0,936.0,1862.0,1925.0,2756.0,3810.0,1160.0,1193.0,5.0,2.0,0.0
1683.0,2580.0,935.0,1868.0,1927.0,2758.0,3811.0,1160.0,1191.0,5.0,2.0,0.0
1689.0,2578.0,933.0,1864.0,1922.0,2756.0,3811.0,1160.0,1190.0,5.0,2.0,0.0
1684.0,2566.0,930.0,1856.0,1913.0,2753.0,3806.0,1157.0,1187.0,5.0,2.0,0.0
1675.0,2559.0,931.0,1852.0,1911.0,2752.0,3807.0,1157.0,1187.0,5.0,2.0,0.0
1655.0,2552.0,932.0,1848.0,1908.0,2753.0,3808.0,1157.0,1186.0,5.0,2.0,0.0
1630.0,2541.0,932.0,1842.0,1903.0,2753.0,3808.0,1158.0,1187.0,5.0,2.0,0.0
1617.0,2540.0,933.0,1842.0,1905.0,2754.0,3812.0,1159.0,1187.0,5.0,2.0,0.0
1615.0,2549.0,935.0,1847.0,1913.0,2757.0,3818.0,1162.0,1188.0,5.0,2.0,0.0
1620.0,2556.0,935.0,1849.0,1917.0,2757.0,3818.0,1163.0,1189.0,5.0,2.0,0.0
1637.0,2564.0,935.0,1854.0,1924.0,2758.0,3819.0,1164.0,1190.0,5.0,2.0,0.0
1657.0,2576.0,935.0,1860.0,1931.0,2759.0,3819.0,1164.0,1190.0,5.0,2.0,0.0
1667.0,2580.0,934.0,1863.0,1934.0,2757.0,3815.0,1162.0,1190.0,5.0,2.0,0.0
1667.0,2579.0,933.0,1861.0,1931.0,2754.0,3812.0,1161.0,1188.0,5.0,2.0,0.0
1667.0,2581.0,934.0,1861.0,1933.0,2756.0,3814.0,1161.0,1188.0,5.0,2.0,0.0
1656.0,2578.0,934.0,1858.0,1931.0,2756.0,3817.0,1161.0,1187.0,5.0,2.0,0.0
1635.0,2565.0,933.0,1850.0,1922.0,2753.0,3815.0,1159.0,1185.0,5.0,2.0,0.0
1621.0,2558.0,934.0,1847.0,1918.0,2755.0,3819.0,1161.0,1186.0,5.0,2.0,0.0
1617.0,2553.0,934.0,1846.0,1917.0,2758.0,3822.0,1162.0,1187.0,5.0,2.0,0.0
1615.0,2544.0,932.0,1842.0,1909.0,2754.0,3818.0,1160.0,1185.0,5.0,2.0,0.0
1625.0,2543.0,932.0,1842.0,1908.0,2754.0,3813.0,1159.0,1185.0,5.0,2.0,0.0
1648.0,2552.0,932.0,1847.0,1914.0,2756.0,3816.0,1161.0,1186.0,5.0,2.0,0.0
1665.0,2556.0,932.0,1847.0,1916.0,2755.0,3812.0,1160.0,1185.0,5.0,2.0,0.0
1670.0,2556.0,931.0,1846.0,1914.0,2751.0,3807.0,1157.0,1183.0,5.0,2.0,0.0
1672.0,2561.0,931.0,1847.0,1919.0,2752.0,3808.0,1157.0,1182.0,5.0,2.0,0.0
1663.0,2562.0,930.0,1845.0,1919.0,2751.0,3807.0,1157.0,1181.0,5.0,2.0,0.0
1639.0,2553.0,927.0,1838.0,1913.0,2747.0,3802.0,1155.0,1178.0,5.0,2.0,0.0
1258.0,2564.0,980.0,1870.0,1977.0,2838.0,3895.0,1215.0,1240.0,6.0,2.0,0.0
1292.0,2624.0,1006.0,1918.0,2025.0,2881.0,3932.0,1244.0,1269.0,6.0,2.0,0.0
1323.0,2675.0,1025.0,1957.0,2062.0,2916.0,3962.0,1267.0,1294.0,6.0,2.0,0.0
1342.0,2640.0,1050.0,1968.0,2052.0,2946.0,3985.0,1292.0,1319.0,6.0,2.0,0.0
1321.0,2622.0,1035.0,1939.0,2039.0,2922.0,3968.0,1277.0,1303.0,6.0,2.0,0.0
1301.0,2604.0,1018.0,1910.0,2026.0,2900.0,3945.0,1261.0,1287.0,6.0,2.0,0.0
1287.0,2596.0,1005.0,1892.0,2020.0,2879.0,3929.0,1248.0,1273.0,6.0,2.0,0.0
1284.0,2611.0,1002.0,1896.0,2028.0,2875.0,3926.0,1244.0,1269.0,6.0,2.0,0.0
1283.0,2624.0,1000.0,1903.0,2033.0,2874.0,3925.0,1242.0,1268.0,6.0,2.0,0.0
1279.0,2632.0,996.0,1908.0,2032.0,2867.0,3917.0,1238.0,1265.0,6.0,2.0,0.0
1280.0,2642.0,995.0,1917.0,2035.0,2864.0,3915.0,1236.0,1264.0,6.0,2.0,0.0
1279.0,2640.0,992.0,1918.0,2030.0,2859.0,3911.0,1232.0,1260.0,6.0,2.0,0.0
1208.0,2464.0,947.0,1778.0,1863.0,2746.0,3751.0,1164.0,1202.0,7.0,2.0,0.0
1201.0,2459.0,939.0,1773.0,1856.0,2740.0,3758.0,1156.0,1190.0,7.0,2.0,0.0
1194.0,2449.0,932.0,1766.0,1845.0,2732.0,3761.0,1151.0,1182.0,7.0,2.0,0.0
1193.0,2449.0,931.0,1765.0,1841.0,2731.0,3765.0,1150.0,1178.0,7.0,2.0,0.0
1191.0,2448.0,929.0,1765.0,1839.0,2731.0,3762.0,1149.0,1176.0,7.0,2.0,0.0
1188.0,2442.0,925.0,1760.0,1831.0,2727.0,3751.0,1146.0,1172.0,7.0,2.0,0.0
1186.0,2439.0,923.0,1759.0,1828.0,2725.0,3737.0,1145.0,1169.0,7.0,2.0,0.0
1187.0,2442.0,924.0,1762.0,1833.0,2727.0,3730.0,1145.0,1168.0,7.0,2.0,0.0
1186.0,2440.0,922.0,1760.0,1837.0,2725.0,3723.0,1144.0,1166.0,7.0,2.0,0.0
1185.0,2438.0,921.0,1757.0,1842.0,2723.0,3721.0,1144.0,1164.0,7.0,2.0,0.0
1187.0,2444.0,924.0,1761.0,1857.0,2727.0,3731.0,1147.0,1167.0,7.0,2.0,0.0
1189.0,2447.0,926.0,1764.0,1870.0,2729.0,3744.0,1148.0,1169.0,7.0,2.0,0.0
1188.0,2444.0,925.0,1762.0,1875.0,2728.0,3747.0,1149.0,1169.0,7.0,2.0,0.0
1190.0,2446.0,926.0,1764.0,1879.0,2730.0,3751.0,1151.0,1171.0,7.0,2.0,0.0
1191.0,2449.0,928.0,1767.0,1878.0,2733.0,3755.0,1153.0,1173.0,7.0,2.0,0.0
1189.0,2445.0,924.0,1763.0,1865.0,2730.0,3744.0,1152.0,1172.0,7.0,2.0,0.0
1188.0,2443.0,924.0,1761.0,1854.0,2729.0,3733.0,1152.0,1171.0,7.0,2.0,0.0
1189.0,2445.0,924.0,1763.0,1847.0,2731.0,3733.0,1153.0,1171.0,7.0,2.0,0.0
1188.0,2444.0,924.0,1762.0,1838.0,2730.0,3733.0,1152.0,1171.0,7.0,2.0,0.0
1188.0,2441.0,922.0,1759.0,1832.0,2728.0,3735.0,1150.0,1170.0,7.0,2.0,0.0
1191.0,2445.0,925.0,1763.0,1836.0,2732.0,3749.0,1152.0,1171.0,7.0,2.0,0.0
1191.0,2446.0,925.0,1763.0,1836.0,2732.0,3757.0,1152.0,1171.0,7.0,2.0,0.0
1189.0,2443.0,924.0,1761.0,1835.0,2730.0,3761.0,1151.0,1170.0,7.0,2.0,0.0
1191.0,2445.0,924.0,1763.0,1839.0,2731.0,3760.0,1151.0,1170.0,7.0,2.0,0.0
1191.0,2448.0,925.0,1766.0,1844.0,2732.0,3758.0,1153.0,1171.0,7.0,2.0,0.0
1190.0,2444.0,924.0,1762.0,1842.0,2730.0,3746.0,1151.0,1170.0,7.0,2.0,0.0
1190.0,2443.0,924.0,1763.0,1843.0,2730.0,3736.0,1151.0,1169.0,7.0,2.0,0.0
1192.0,2446.0,925.0,1765.0,1844.0,2730.0,3726.0,1150.0,1169.0,7.0,2.0,0.0
1189.0,2443.0,923.0,1761.0,1838.0,2725.0,3716.0,1149.0,1167.0,7.0,2.0,0.0
1187.0,2439.0,921.0,1758.0,1834.0,2722.0,3710.0,1146.0,1163.0,7.0,2.0,0.0
1187.0,2442.0,921.0,1759.0,1835.0,2722.0,3710.0,1146.0,1163.0,7.0,2.0,0.0
1186.0,2442.0,919.0,1757.0,1834.0,2721.0,3715.0,1145.0,1161.0,7.0,2.0,0.0
1184.0,2439.0,918.0,1754.0,1830.0,2719.0,3722.0,1145.0,1161.0,7.0,2.0,0.0
1185.0,2441.0,918.0,1757.0,1832.0,2722.0,3733.0,1146.0,1161.0,7.0,2.0,0.0
1186.0,2443.0,919.0,1758.0,1832.0,2724.0,3743.0,1147.0,1163.0,7.0,2.0,0.0
1184.0,2439.0,917.0,1755.0,1826.0,2721.0,3748.0,1146.0,1162.0,7.0,2.0,0.0
1184.0,2439.0,917.0,1755.0,1825.0,2721.0,3748.0,1146.0,1162.0,7.0,2.0,0.0
1219.0,2246.0,957.0,1801.0,1870.0,2773.0,3734.0,1184.0,1213.0,8.0,2.0,0.0
1197.0,2185.0,936.0,1772.0,1842.0,2738.0,3694.0,1161.0,1188.0,8.0,2.0,0.0
1194.0,2156.0,933.0,1770.0,1842.0,2735.0,3687.0,1158.0,1183.0,8.0,2.0,0.0
1191.0,2154.0,929.0,1767.0,1839.0,2732.0,3682.0,1155.0,1178.0,8.0,2.0,0.0
1187.0,2169.0,926.0,1762.0,1832.0,2727.0,3678.0,1152.0,1174.0,8.0,2.0,0.0
1188.0,2198.0,926.0,1763.0,1833.0,2727.0,3683.0,1151.0,1173.0,8.0,2.0,0.0
1189.0,2226.0,927.0,1765.0,1836.0,2729.0,3691.0,1151.0,1172.0,8.0,2.0,0.0
1189.0,2235.0,928.0,1764.0,1834.0,2728.0,3695.0,1151.0,1171.0,8.0,2.0,0.0
1190.0,2229.0,929.0,1765.0,1835.0,2729.0,3695.0,1151.0,1171.0,8.0,2.0,0.0
1192.0,2210.0,930.0,1768.0,1841.0,2732.0,3696.0,1153.0,1172.0,8.0,2.0,0.0
1192.0,2182.0,930.0,1767.0,1841.0,2732.0,3696.0,1154.0,1172.0,8.0,2.0,0.0
1191.0,2153.0,930.0,1765.0,1839.0,2731.0,3694.0,1154.0,1171.0,8.0,2.0,0.0
1192.0,2146.0,930.0,1768.0,1843.0,2733.0,3696.0,1156.0,1172.0,8.0,2.0,0.0
1192.0,2152.0,930.0,1767.0,1842.0,2733.0,3697.0,1156.0,1172.0,8.0,2.0,0.0
1191.0,2168.0,929.0,1764.0,1838.0,2731.0,3699.0,1155.0,1171.0,8.0,2.0,0.0
1192.0,2193.0,929.0,1767.0,1840.0,2733.0,3704.0,1157.0,1172.0,8.0,2.0,0.0
1193.0,2214.0,929.0,1768.0,1841.0,2734.0,3708.0,1157.0,1172.0,8.0,2.0,0.0
1191.0,2218.0,928.0,1765.0,1837.0,2731.0,3704.0,1155.0,1171.0,8.0,2.0,0.0
1191.0,2211.0,927.0,1765.0,1838.0,2732.0,3704.0,1155.0,1171.0,8.0,2.0,0.0
1192.0,2194.0,927.0,1768.0,1842.0,2733.0,3704.0,1155.0,1170.0,8.0,2.0,0.0
1189.0,2167.0,926.0,1765.0,1840.0,2730.0,3698.0,1154.0,1169.0,8.0,2.0,0.0
1188.0,2145.0,925.0,1762.0,1837.0,2728.0,3690.0,1153.0,1168.0,8.0,2.0,0.0
1189.0,2139.0,926.0,1764.0,1840.0,2729.0,3689.0,1154.0,1169.0,8.0,2.0,0.0
1186.0,2139.0,925.0,1762.0,1836.0,2726.0,3685.0,1153.0,1167.0,8.0,2.0,0.0
1184.0,2142.0,923.0,1757.0,1830.0,2722.0,3682.0,1150.0,1164.0,8.0,2.0,0.0
1184.0,2152.0,923.0,1758.0,1830.0,2721.0,3682.0,1149.0,1163.0,8.0,2.0,0.0
1183.0,2158.0,922.0,1758.0,1830.0,2721.0,3685.0,1147.0,1161.0,8.0,2.0,0.0
1180.0,2156.0,918.0,1753.0,1824.0,2716.0,3683.0,1143.0,1157.0,8.0,2.0,0.0
1180.0,2153.0,918.0,1753.0,1825.0,2716.0,3682.0,1143.0,1157.0,8.0,2.0,0.0
1181.0,2149.0,920.0,1755.0,1828.0,2718.0,3683.0,1143.0,1158.0,8.0,2.0,0.0
1179.0,2137.0,917.0,1750.0,1824.0,2715.0,3680.0,1142.0,1156.0,8.0,2.0,0.0
1178.0,2128.0,916.0,1749.0,1823.0,2714.0,3679.0,1143.0,1157.0,8.0,2.0,0.0
1180.0,2129.0,918.0,1752.0,1826.0,2717.0,3679.0,1144.0,1158.0,8.0,2.0,0.0
1180.0,2130.0,917.0,1750.0,1825.0,2716.0,3680.0,1145.0,1158.0,8.0,2.0,0.0
1910.0,2356.0,1158.0,2087.0,1674.0,3464.0,3298.0,1401.0,1660.0,1.0,3.0,0.0
1906.0,2353.0,1156.0,2084.0,1672.0,3461.0,3296.0,1400.0,1659.0,1.0,3.0,0.0
1911.0,2357.0,1158.0,2089.0,1675.0,3464.0,3299.0,1401.0,1660.0,1.0,3.0,0.0
1910.0,2357.0,1157.0,2088.0,1674.0,3463.0,3298.0,1402.0,1661.0,1.0,3.0,0.0
1905.0,2353.0,1156.0,2083.0,1671.0,3460.0,3293.0,1400.0,1659.0,1.0,3.0,0.0
1907.0,2354.0,1155.0,2083.0,1670.0,3459.0,3291.0,1399.0,1658.0,1.0,3.0,0.0
1908.0,2355.0,1154.0,2083.0,1669.0,3459.0,3289.0,1396.0,1656.0,1.0,3.0,0.0
1901.0,2349.0,1151.0,2077.0,1665.0,3454.0,3283.0,1394.0,1652.0,1.0,3.0,0.0
1901.0,2348.0,1151.0,2077.0,1664.0,3453.0,3283.0,1392.0,1651.0,1.0,3.0,0.0
1903.0,2351.0,1151.0,2079.0,1665.0,3453.0,3284.0,1390.0,1651.0,1.0,3.0,0.0
1898.0,2346.0,1149.0,2076.0,1662.0,3450.0,3283.0,1388.0,1649.0,1.0,3.0,0.0
1895.0,2344.0,1148.0,2073.0,1661.0,3450.0,3283.0,1390.0,1648.0,1.0,3.0,0.0
1900.0,2347.0,1150.0,2077.0,1664.0,3456.0,3286.0,1391.0,1650.0,1.0,3.0,0.0
1899.0,2346.0,1148.0,2073.0,1663.0,3459.0,3285.0,1392.0,1648.0,1.0,3.0,0.0
1894.0,2340.0,1146.0,2068.0,1660.0,3460.0,3280.0,1391.0,1644.0,1.0,3.0,0.0
1899.0,2344.0,1149.0,2072.0,1664.0,3465.0,3282.0,1394.0,1647.0,1.0,3.0,0.0
1902.0,2347.0,1150.0,2075.0,1666.0,3465.0,3283.0,1394.0,1648.0,1.0,3.0,0.0
1896.0,2343.0,1149.0,2071.0,1663.0,3459.0,3282.0,1393.0,1648.0,1.0,3.0,0.0
1897.0,2344.0,1150.0,2073.0,1663.0,3456.0,3283.0,1392.0,1648.0,1.0,3.0,0.0
1902.0,2349.0,1150.0,2077.0,1665.0,3457.0,3289.0,1394.0,1651.0,1.0,3.0,0.0
1898.0,2345.0,1148.0,2073.0,1662.0,3455.0,3285.0,1393.0,1648.0,1.0,3.0,0.0
1895.0,2343.0,1148.0,2071.0,1661.0,3456.0,3283.0,1393.0,1647.0,1.0,3.0,0.0
1903.0,2348.0,1151.0,2078.0,1666.0,3462.0,3287.0,1395.0,1649.0,1.0,3.0,0.0
1904.0,2350.0,1152.0,2078.0,1668.0,3465.0,3289.0,1397.0,1650.0,1.0,3.0,0.0
1902.0,2348.0,1153.0,2079.0,1669.0,3465.0,3289.0,1398.0,1651.0,1.0,3.0,0.0
1909.0,2354.0,1156.0,2084.0,1674.0,3470.0,3294.0,1400.0,1655.0,1.0,3.0,0.0
1913.0,2357.0,1158.0,2087.0,1676.0,3472.0,3296.0,1401.0,1657.0,1.0,3.0,0.0
1905.0,2351.0,1156.0,2082.0,1672.0,3468.0,3292.0,1401.0,1657.0,1.0,3.0,0.0
1907.0,2352.0,1156.0,2084.0,1672.0,3468.0,3293.0,1401.0,1658.0,1.0,3.0,0.0
1911.0,2355.0,1157.0,2086.0,1674.0,3469.0,3293.0,1400.0,1659.0,1.0,3.0,0.0
1906.0,2351.0,1155.0,2081.0,1672.0,3467.0,3291.0,1398.0,1655.0,1.0,3.0,0.0
1904.0,2350.0,1155.0,2081.0,1672.0,3468.0,3291.0,1399.0,1654.0,1.0,3.0,0.0
1911.0,2355.0,1157.0,2085.0,1677.0,3474.0,3293.0,1399.0,1654.0,1.0,3.0,0.0
1909.0,2352.0,1156.0,2082.0,1675.0,3476.0,3291.0,1399.0,1652.0,1.0,3.0,0.0
1904.0,2347.0,1155.0,2078.0,1673.0,3475.0,3287.0,1398.0,1650.0,1.0,3.0,0.0
1909.0,2351.0,1157.0,2083.0,1675.0,3478.0,3290.0,1401.0,1654.0,1.0,3.0,0.0
1911.0,2352.0,1157.0,2083.0,1675.0,3478.0,3291.0,1400.0,1654.0,1.0,3.0,0.0
1905.0,2347.0,1154.0,2078.0,1670.0,3473.0,3287.0,1399.0,1652.0,1.0,3.0,0.0
1907.0,2347.0,1153.0,2079.0,1658.0,3489.0,3285.0,1396.0,1650.0,1.0,3.0,0.0
1908.0,2349.0,1153.0,2080.0,1658.0,3489.0,3287.0,1396.0,1651.0,1.0,3.0,0.0
1901.0,2344.0,1151.0,2074.0,1653.0,3484.0,3281.0,1394.0,1647.0,1.0,3.0,0.0
1896.0,2342.0,1149.0,2072.0,1651.0,3480.0,3279.0,1392.0,1644.0,1.0,3.0,0.0
1900.0,2345.0,1149.0,2074.0,1653.0,3481.0,3281.0,1392.0,1643.0,1.0,3.0,0.0
1896.0,2343.0,1148.0,2071.0,1663.0,3461.0,3279.0,1392.0,1643.0,1.0,3.0,0.0
1893.0,2341.0,1148.0,2068.0,1661.0,3459.0,3276.0,1391.0,1641.0,1.0,3.0,0.0
1956.0,2584.0,1168.0,2111.0,1871.0,3244.0,3457.0,1178.0,1757.0,2.0,3.0,0.0
1946.0,2578.0,1161.0,2105.0,1855.0,3247.0,3443.0,1173.0,1754.0,2.0,3.0,0.0
1936.0,2570.0,1160.0,2098.0,1836.0,3257.0,3421.0,1171.0,1757.0,2.0,3.0,0.0
1936.0,2571.0,1161.0,2099.0,1827.0,3266.0,3411.0,1171.0,1765.0,2.0,3.0,0.0
1936.0,2571.0,1159.0,2099.0,1822.0,3267.0,3407.0,1169.0,1765.0,2.0,3.0,0.0
1929.0,2563.0,1155.0,2093.0,1818.0,3260.0,3404.0,1166.0,1758.0,2.0,3.0,0.0
1929.0,2563.0,1151.0,2093.0,1826.0,3252.0,3412.0,1163.0,1747.0,2.0,3.0,0.0
1934.0,2568.0,1146.0,2097.0,1840.0,3239.0,3428.0,1160.0,1733.0,2.0,3.0,0.0
1930.0,2565.0,1140.0,2092.0,1847.0,3228.0,3434.0,1157.0,1716.0,2.0,3.0,0.0
1927.0,2563.0,1136.0,2091.0,1851.0,3224.0,3434.0,1156.0,1705.0,2.0,3.0,0.0
1932.0,2568.0,1137.0,2095.0,1854.0,3227.0,3434.0,1157.0,1701.0,2.0,3.0,0.0
1929.0,2566.0,1138.0,2092.0,1846.0,3233.0,3423.0,1159.0,1703.0,2.0,3.0,0.0
1923.0,2561.0,1141.0,2089.0,1832.0,3244.0,3408.0,1161.0,1709.0,2.0,3.0,0.0
1927.0,2564.0,1146.0,2092.0,1826.0,3254.0,3400.0,1164.0,1718.0,2.0,3.0,0.0
1930.0,2567.0,1149.0,2094.0,1825.0,3259.0,3401.0,1166.0,1725.0,2.0,3.0,0.0
1927.0,2564.0,1149.0,2092.0,1824.0,3258.0,3402.0,1166.0,1725.0,2.0,3.0,0.0
1932.0,2568.0,1148.0,2096.0,1834.0,3253.0,3417.0,1166.0,1723.0,2.0,3.0,0.0
1939.0,2575.0,1147.0,2101.0,1848.0,3245.0,3435.0,1165.0,1719.0,2.0,3.0,0.0
1936.0,2573.0,1144.0,2099.0,1853.0,3239.0,3446.0,1164.0,1714.0,2.0,3.0,0.0
1935.0,2571.0,1143.0,2097.0,1854.0,3237.0,3450.0,1162.0,1710.0,2.0,3.0,0.0
1939.0,2576.0,1143.0,2101.0,1855.0,3240.0,3451.0,1163.0,1714.0,2.0,3.0,0.0
1936.0,2574.0,1145.0,2097.0,1846.0,3245.0,3440.0,1164.0,1719.0,2.0,3.0,0.0
1931.0,2569.0,1147.0,2094.0,1836.0,3255.0,3424.0,1165.0,1725.0,2.0,3.0,0.0
1935.0,2572.0,1150.0,2098.0,1834.0,3263.0,3417.0,1166.0,1731.0,2.0,3.0,0.0
1935.0,2573.0,1151.0,2099.0,1834.0,3264.0,3411.0,1166.0,1732.0,2.0,3.0,0.0
1930.0,2567.0,1148.0,2094.0,1833.0,3258.0,3409.0,1164.0,1724.0,2.0,3.0,0.0
1932.0,2569.0,1146.0,2096.0,1842.0,3251.0,3417.0,1162.0,1714.0,2.0,3.0,0.0
1937.0,2574.0,1143.0,2100.0,1853.0,3242.0,3432.0,1160.0,1703.0,2.0,3.0,0.0
1933.0,2570.0,1139.0,2097.0,1855.0,3234.0,3438.0,1159.0,1693.0,2.0,3.0,0.0
1933.0,2570.0,1139.0,2097.0,1856.0,3233.0,3443.0,1159.0,1692.0,2.0,3.0,0.0
1937.0,2574.0,1140.0,2100.0,1844.0,3255.0,3444.0,1159.0,1698.0,2.0,3.0,0.0
1933.0,2570.0,1141.0,2096.0,1833.0,3259.0,3433.0,1159.0,1707.0,2.0,3.0,0.0
1926.0,2564.0,1142.0,2091.0,1820.0,3267.0,3417.0,1157.0,1717.0,2.0,3.0,0.0
1929.0,2566.0,1144.0,2093.0,1815.0,3272.0,3413.0,1157.0,1727.0,2.0,3.0,0.0
1956.0,2598.0,1069.0,2118.0,1951.0,2924.0,3689.0,1174.0,1676.0,3.0,3.0,0.0
1949.0,2594.0,1057.0,2114.0,1947.0,2881.0,3688.0,1171.0,1668.0,3.0,3.0,0.0
1945.0,2592.0,1045.0,2111.0,1945.0,2839.0,3689.0,1168.0,1662.0,3.0,3.0,0.0
1948.0,2594.0,1042.0,2114.0,1948.0,2809.0,3694.0,1167.0,1659.0,3.0,3.0,0.0
1944.0,2591.0,1037.0,2110.0,1944.0,2807.0,3689.0,1164.0,1654.0,3.0,3.0,0.0
1937.0,2583.0,1035.0,2103.0,1937.0,2832.0,3682.0,1160.0,1648.0,3.0,3.0,0.0
1940.0,2584.0,1042.0,2104.0,1937.0,2869.0,3679.0,1159.0,1645.0,3.0,3.0,0.0
1940.0,2582.0,1049.0,2103.0,1935.0,2904.0,3676.0,1158.0,1643.0,3.0,3.0,0.0
1932.0,2577.0,1049.0,2097.0,1928.0,2921.0,3669.0,1155.0,1637.0,3.0,3.0,0.0
1934.0,2577.0,1048.0,2097.0,1929.0,2913.0,3670.0,1156.0,1636.0,3.0,3.0,0.0
1937.0,2583.0,1042.0,2100.0,1932.0,2884.0,3675.0,1155.0,1636.0,3.0,3.0,0.0
1932.0,2579.0,1031.0,2096.0,1928.0,2843.0,3674.0,1154.0,1634.0,3.0,3.0,0.0
1930.0,2578.0,1025.0,2096.0,1928.0,2808.0,3674.0,1153.0,1632.0,3.0,3.0,0.0
1934.0,2583.0,1025.0,2100.0,1933.0,2792.0,3680.0,1154.0,1633.0,3.0,3.0,0.0
1931.0,2582.0,1026.0,2099.0,1932.0,2798.0,3679.0,1153.0,1632.0,3.0,3.0,0.0
1926.0,2576.0,1030.0,2096.0,1928.0,2824.0,3672.0,1153.0,1632.0,3.0,3.0,0.0
1930.0,2580.0,1041.0,2099.0,1933.0,2861.0,3672.0,1154.0,1633.0,3.0,3.0,0.0
1931.0,2581.0,1046.0,2100.0,1933.0,2896.0,3671.0,1154.0,1634.0,3.0,3.0,0.0
1925.0,2574.0,1046.0,2095.0,1928.0,2915.0,3666.0,1153.0,1631.0,3.0,3.0,0.0
1927.0,2575.0,1046.0,2097.0,1929.0,2917.0,3668.0,1153.0,1630.0,3.0,3.0,0.0
1931.0,2579.0,1047.0,2099.0,1932.0,2898.0,3673.0,1153.0,1631.0,3.0,3.0,0.0
1929.0,2577.0,1042.0,2097.0,1929.0,2865.0,3672.0,1153.0,1630.0,3.0,3.0,0.0
1929.0,2577.0,1033.0,2097.0,1931.0,2830.0,3675.0,1153.0,1630.0,3.0,3.0,0.0
1938.0,2585.0,1029.0,2103.0,1937.0,2804.0,3682.0,1155.0,1632.0,3.0,3.0,0.0
1938.0,2584.0,1027.0,2102.0,1937.0,2793.0,3684.0,1155.0,1632.0,3.0,3.0,0.0
1936.0,2581.0,1027.0,2101.0,1937.0,2806.0,3685.0,1156.0,1632.0,3.0,3.0,0.0
1941.0,2585.0,1032.0,2104.0,1941.0,2837.0,3688.0,1157.0,1632.0,3.0,3.0,0.0
1943.0,2587.0,1042.0,2105.0,1942.0,2871.0,3688.0,1157.0,1632.0,3.0,3.0,0.0
1937.0,2581.0,1048.0,2101.0,1937.0,2901.0,3685.0,1157.0,1631.0,3.0,3.0,0.0
1941.0,2585.0,1052.0,2103.0,1941.0,2919.0,3684.0,1158.0,1632.0,3.0,3.0,0.0
1944.0,2588.0,1054.0,2106.0,1943.0,2914.0,3687.0,1159.0,1634.0,3.0,3.0,0.0
1938.0,2584.0,1052.0,2103.0,1940.0,2887.0,3684.0,1158.0,1633.0,3.0,3.0,0.0
1937.0,2584.0,1047.0,2103.0,1941.0,2854.0,3686.0,1159.0,1634.0,3.0,3.0,0.0
1940.0,2590.0,1042.0,2108.0,1945.0,2823.0,3689.0,1159.0,1636.0,3.0,3.0,0.0
1937.0,2588.0,1038.0,2106.0,1943.0,2798.0,3691.0,1159.0,1635.0,3.0,3.0,0.0
1934.0,2585.0,1036.0,2104.0,1941.0,2792.0,3687.0,1159.0,1635.0,3.0,3.0,0.0
1940.0,2590.0,1037.0,2108.0,1945.0,2808.0,3690.0,1160.0,1637.0,3.0,3.0,0.0
1939.0,2588.0,1040.0,2105.0,1930.0,2849.0,3687.0,1159.0,1634.0,3.0,3.0,0.0
1933.0,2581.0,1043.0,2099.0,1924.0,2872.0,3682.0,1158.0,1631.0,3.0,3.0,0.0
1936.0,2583.0,1046.0,2100.0,1925.0,2892.0,3681.0,1157.0,1632.0,3.0,3.0,0.0
1938.0,2586.0,1046.0,2103.0,1926.0,2898.0,3687.0,1157.0,1632.0,3.0,3.0,0.0
1932.0,2581.0,1042.0,2098.0,1921.0,2885.0,3685.0,1154.0,1629.0,3.0,3.0,0.0
1830.0,2635.0,974.0,2107.0,1980.0,2798.0,3829.0,1191.0,1521.0,4.0,3.0,0.0
1804.0,2629.0,964.0,2093.0,1973.0,2789.0,3832.0,1183.0,1490.0,4.0,3.0,0.0
1775.0,2621.0,956.0,2066.0,1966.0,2782.0,3830.0,1177.0,1463.0,4.0,3.0,0.0
1760.0,2621.0,952.0,2060.0,1966.0,2779.0,3838.0,1176.0,1444.0,4.0,3.0,0.0
1752.0,2624.0,950.0,2058.0,1966.0,2778.0,3843.0,1175.0,1434.0,4.0,3.0,0.0
1746.0,2615.0,944.0,2052.0,1946.0,2790.0,3836.0,1171.0,1427.0,4.0,3.0,0.0
1750.0,2611.0,941.0,2057.0,1943.0,2787.0,3829.0,1169.0,1427.0,4.0,3.0,0.0
1763.0,2612.0,938.0,2075.0,1943.0,2785.0,3824.0,1166.0,1430.0,4.0,3.0,0.0
1768.0,2605.0,935.0,2073.0,1938.0,2782.0,3813.0,1162.0,1431.0,4.0,3.0,0.0
1771.0,2598.0,931.0,2068.0,1933.0,2778.0,3804.0,1158.0,1428.0,4.0,3.0,0.0
1777.0,2601.0,932.0,2055.0,1949.0,2760.0,3804.0,1157.0,1426.0,4.0,3.0,0.0
1772.0,2601.0,932.0,2034.0,1947.0,2759.0,3803.0,1156.0,1419.0,4.0,3.0,0.0
1761.0,2597.0,931.0,2010.0,1943.0,2757.0,3803.0,1156.0,1410.0,4.0,3.0,0.0
1756.0,2600.0,931.0,1997.0,1946.0,2757.0,3806.0,1157.0,1404.0,4.0,3.0,0.0
1750.0,2604.0,931.0,1998.0,1948.0,2758.0,3811.0,1157.0,1402.0,4.0,3.0,0.0
1743.0,2600.0,931.0,2011.0,1944.0,2757.0,3812.0,1156.0,1401.0,4.0,3.0,0.0
1743.0,2601.0,930.0,2032.0,1945.0,2757.0,3812.0,1156.0,1405.0,4.0,3.0,0.0
1747.0,2605.0,930.0,2056.0,1948.0,2758.0,3816.0,1156.0,1409.0,4.0,3.0,0.0
1744.0,2602.0,928.0,2069.0,1943.0,2757.0,3816.0,1154.0,1410.0,4.0,3.0,0.0
1742.0,2601.0,928.0,2070.0,1943.0,2756.0,3814.0,1153.0,1409.0,4.0,3.0,0.0
1742.0,2605.0,928.0,2066.0,1946.0,2756.0,3817.0,1152.0,1406.0,4.0,3.0,0.0
1735.0,2601.0,928.0,2044.0,1944.0,2755.0,3816.0,1153.0,1401.0,4.0,3.0,0.0
1729.0,2598.0,928.0,2022.0,1944.0,2756.0,3816.0,1155.0,1398.0,4.0,3.0,0.0
1735.0,2604.0,932.0,2011.0,1951.0,2760.0,3821.0,1157.0,1398.0,4.0,3.0,0.0
1740.0,2607.0,933.0,2011.0,1954.0,2762.0,3824.0,1160.0,1399.0,4.0,3.0,0.0
1743.0,2603.0,933.0,2016.0,1952.0,2763.0,3822.0,1162.0,1403.0,4.0,3.0,0.0
1754.0,2609.0,935.0,2038.0,1958.0,2769.0,3828.0,1164.0,1410.0,4.0,3.0,0.0
1765.0,2614.0,937.0,2059.0,1961.0,2771.0,3828.0,1165.0,1414.0,4.0,3.0,0.0
1616.0,2620.0,938.0,1946.0,1954.0,2757.0,3862.0,1161.0,1201.0,5.0,3.0,0.0
1605.0,2624.0,937.0,1949.0,1959.0,2757.0,3867.0,1161.0,1199.0,5.0,3.0,0.0
1602.0,2628.0,937.0,1950.0,1962.0,2758.0,3873.0,1161.0,1196.0,5.0,3.0,0.0
1602.0,2627.0,934.0,1946.0,1957.0,2756.0,3870.0,1160.0,1194.0,5.0,3.0,0.0
1618.0,2630.0,935.0,1948.0,1959.0,2757.0,3869.0,1162.0,1194.0,5.0,3.0,0.0
1641.0,2635.0,937.0,1952.0,1964.0,2760.0,3873.0,1163.0,1195.0,5.0,3.0,0.0
1650.0,2631.0,936.0,1949.0,1961.0,2760.0,3869.0,1164.0,1194.0,5.0,3.0,0.0
1651.0,2625.0,935.0,1948.0,1958.0,2758.0,3865.0,1164.0,1194.0,5.0,3.0,0.0
1647.0,2624.0,936.0,1952.0,1963.0,2760.0,3866.0,1163.0,1194.0,5.0,3.0,0.0
1627.0,2619.0,934.0,1949.0,1961.0,2757.0,3863.0,1160.0,1191.0,5.0,3.0,0.0
1601.0,2613.0,932.0,1944.0,1956.0,2754.0,3860.0,1158.0,1189.0,5.0,3.0,0.0
1587.0,2614.0,932.0,1946.0,1959.0,2755.0,3863.0,1157.0,1188.0,5.0,3.0,0.0
1583.0,2616.0,932.0,1946.0,1960.0,2756.0,3866.0,1157.0,1188.0,5.0,3.0,0.0
1585.0,2616.0,931.0,1943.0,1956.0,2755.0,3865.0,1158.0,1188.0,5.0,3.0,0.0
1604.0,2621.0,931.0,1945.0,1958.0,2756.0,3869.0,1160.0,1188.0,5.0,3.0,0.0
1628.0,2631.0,933.0,1948.0,1962.0,2758.0,3871.0,1160.0,1188.0,5.0,3.0,0.0
1641.0,2633.0,931.0,1945.0,1958.0,2755.0,3868.0,1159.0,1187.0,5.0,3.0,0.0
1645.0,2636.0,929.0,1942.0,1943.0,2769.0,3863.0,1157.0,1185.0,5.0,3.0,0.0
1646.0,2640.0,929.0,1943.0,1944.0,2768.0,3865.0,1157.0,1184.0,5.0,3.0,0.0
1635.0,2635.0,927.0,1939.0,1940.0,2765.0,3861.0,1155.0,1182.0,5.0,3.0,0.0
1614.0,2624.0,925.0,1935.0,1935.0,2762.0,3859.0,1155.0,1181.0,5.0,3.0,0.0
1597.0,2621.0,925.0,1936.0,1936.0,2762.0,3859.0,1154.0,1180.0,5.0,3.0,0.0
1584.0,2615.0,925.0,1937.0,1949.0,2745.0,3860.0,1153.0,1178.0,5.0,3.0,0.0
1577.0,2607.0,925.0,1934.0,1945.0,2743.0,3854.0,1152.0,1177.0,5.0,3.0,0.0
1584.0,2606.0,925.0,1936.0,1948.0,2744.0,3854.0,1152.0,1177.0,5.0,3.0,0.0
1600.0,2609.0,927.0,1938.0,1951.0,2747.0,3853.0,1151.0,1177.0,5.0,3.0,0.0
1613.0,2604.0,925.0,1935.0,1948.0,2746.0,3850.0,1150.0,1177.0,5.0,3.0,0.0
1621.0,2603.0,924.0,1934.0,1946.0,2746.0,3849.0,1150.0,1177.0,5.0,3.0,0.0
1622.0,2605.0,923.0,1935.0,1949.0,2746.0,3852.0,1150.0,1176.0,5.0,3.0,0.0
1611.0,2603.0,923.0,1933.0,1946.0,2745.0,3852.0,1150.0,1175.0,5.0,3.0,0.0
1596.0,2601.0,922.0,1931.0,1944.0,2743.0,3851.0,1150.0,1175.0,5.0,3.0,0.0
1588.0,2607.0,924.0,1934.0,1948.0,2744.0,3855.0,1152.0,1177.0,5.0,3.0,0.0
1585.0,2611.0,925.0,1935.0,1949.0,2745.0,3857.0,1153.0,1178.0,5.0,3.0,0.0
1586.0,2610.0,925.0,1933.0,1946.0,2744.0,3854.0,1153.0,1179.0,5.0,3.0,0.0
1600.0,2618.0,927.0,1937.0,1952.0,2748.0,3858.0,1155.0,1181.0,5.0,3.0,0.0
1615.0,2625.0,929.0,1941.0,1956.0,2751.0,3863.0,1157.0,1182.0,5.0,3.0,0.0
1624.0,2623.0,929.0,1940.0,1954.0,2751.0,3862.0,1156.0,1182.0,5.0,3.0,0.0
1628.0,2623.0,932.0,1943.0,1957.0,2754.0,3863.0,1158.0,1184.0,5.0,3.0,0.0
1624.0,2627.0,934.0,1949.0,1963.0,2757.0,3871.0,1161.0,1186.0,5.0,3.0,0.0
1608.0,2619.0,933.0,1946.0,1959.0,2755.0,3868.0,1158.0,1185.0,5.0,3.0,0.0
1593.0,2613.0,932.0,1945.0,1957.0,2753.0,3866.0,1157.0,1183.0,5.0,3.0,0.0
1586.0,2615.0,932.0,1947.0,1961.0,2754.0,3869.0,1158.0,1184.0,5.0,3.0,0.0
1584.0,2615.0,932.0,1946.0,1959.0,2753.0,3869.0,1158.0,1184.0,5.0,3.0,0.0
1589.0,2612.0,931.0,1942.0,1957.0,2752.0,3865.0,1157.0,1183.0,5.0,3.0,0.0
1603.0,2617.0,931.0,1944.0,1959.0,2754.0,3866.0,1159.0,1184.0,5.0,3.0,0.0
1616.0,2621.0,932.0,1946.0,1960.0,2755.0,3867.0,1159.0,1185.0,5.0,3.0,0.0
1222.0,2645.0,948.0,1862.0,1974.0,2763.0,3889.0,1170.0,1212.0,6.0,3.0,0.0
1211.0,2629.0,941.0,1853.0,1968.0,2757.0,3881.0,1164.0,1204.0,6.0,3.0,0.0
1206.0,2625.0,937.0,1851.0,1968.0,2755.0,3882.0,1163.0,1199.0,6.0,3.0,0.0
1205.0,2625.0,935.0,1850.0,1967.0,2754.0,3882.0,1161.0,1194.0,6.0,3.0,0.0
1204.0,2619.0,931.0,1846.0,1962.0,2750.0,3879.0,1158.0,1191.0,6.0,3.0,0.0
1208.0,2618.0,931.0,1847.0,1962.0,2750.0,3876.0,1157.0,1188.0,6.0,3.0,0.0
1213.0,2626.0,932.0,1853.0,1967.0,2753.0,3882.0,1159.0,1189.0,6.0,3.0,0.0
1214.0,2627.0,932.0,1853.0,1966.0,2753.0,3881.0,1158.0,1188.0,6.0,3.0,0.0
1215.0,2628.0,933.0,1853.0,1967.0,2754.0,3882.0,1157.0,1187.0,6.0,3.0,0.0
1215.0,2635.0,935.0,1856.0,1971.0,2757.0,3887.0,1160.0,1189.0,6.0,3.0,0.0
1212.0,2637.0,936.0,1855.0,1973.0,2758.0,3889.0,1161.0,1189.0,6.0,3.0,0.0
1206.0,2631.0,934.0,1851.0,1970.0,2754.0,3885.0,1161.0,1187.0,6.0,3.0,0.0
1204.0,2629.0,934.0,1852.0,1972.0,2755.0,3885.0,1161.0,1187.0,6.0,3.0,0.0
1203.0,2627.0,935.0,1852.0,1973.0,2754.0,3886.0,1162.0,1188.0,6.0,3.0,0.0
1202.0,2621.0,933.0,1848.0,1969.0,2753.0,3882.0,1160.0,1187.0,6.0,3.0,0.0
1204.0,2619.0,933.0,1849.0,1970.0,2753.0,3884.0,1160.0,1187.0,6.0,3.0,0.0
1207.0,2622.0,933.0,1851.0,1971.0,2755.0,3885.0,1160.0,1187.0,6.0,3.0,0.0
1208.0,2619.0,931.0,1848.0,1967.0,2753.0,3884.0,1159.0,1185.0,6.0,3.0,0.0
1209.0,2617.0,931.0,1847.0,1965.0,2752.0,3881.0,1159.0,1185.0,6.0,3.0,0.0
1210.0,2620.0,932.0,1850.0,1968.0,2753.0,3884.0,1161.0,1186.0,6.0,3.0,0.0
1207.0,2619.0,931.0,1848.0,1967.0,2752.0,3883.0,1160.0,1186.0,6.0,3.0,0.0
1203.0,2615.0,930.0,1846.0,1965.0,2750.0,3881.0,1158.0,1183.0,6.0,3.0,0.0
1203.0,2619.0,932.0,1848.0,1968.0,2751.0,3882.0,1160.0,1185.0,6.0,3.0,0.0
1201.0,2620.0,931.0,1847.0,1968.0,2750.0,3881.0,1158.0,1183.0,6.0,3.0,0.0
1198.0,2618.0,928.0,1843.0,1963.0,2747.0,3875.0,1156.0,1181.0,6.0,3.0,0.0
1196.0,2619.0,928.0,1842.0,1962.0,2745.0,3873.0,1154.0,1178.0,6.0,3.0,0.0
1196.0,2624.0,927.0,1842.0,1963.0,2746.0,3873.0,1154.0,1178.0,6.0,3.0,0.0
1193.0,2619.0,924.0,1837.0,1957.0,2742.0,3869.0,1152.0,1176.0,6.0,3.0,0.0
1193.0,2617.0,924.0,1836.0,1955.0,2742.0,3869.0,1153.0,1176.0,6.0,3.0,0.0
1194.0,2618.0,925.0,1838.0,1958.0,2743.0,3871.0,1152.0,1174.0,6.0,3.0,0.0
1195.0,2616.0,925.0,1836.0,1957.0,2742.0,3869.0,1152.0,1174.0,6.0,3.0,0.0
1195.0,2611.0,925.0,1835.0,1954.0,2740.0,3865.0,1151.0,1173.0,6.0,3.0,0.0
1227.0,2613.0,967.0,1807.0,2009.0,2781.0,3797.0,1187.0,1236.0,7.0,3.0,0.0
1216.0,2615.0,954.0,1799.0,2000.0,2770.0,3820.0,1177.0,1218.0,7.0,3.0,0.0
1211.0,2629.0,947.0,1795.0,1993.0,2765.0,3848.0,1170.0,1207.0,7.0,3.0,0.0
1207.0,2629.0,943.0,1791.0,1987.0,2761.0,3866.0,1167.0,1202.0,7.0,3.0,0.0
1206.0,2627.0,940.0,1789.0,1985.0,2760.0,3876.0,1165.0,1197.0,7.0,3.0,0.0
1203.0,2618.0,938.0,1788.0,1987.0,2758.0,3877.0,1163.0,1194.0,7.0,3.0,0.0
1201.0,2602.0,935.0,1785.0,1982.0,2754.0,3864.0,1161.0,1190.0,7.0,3.0,0.0
1200.0,2593.0,934.0,1784.0,1982.0,2752.0,3847.0,1162.0,1189.0,7.0,3.0,0.0
1199.0,2594.0,934.0,1784.0,1984.0,2753.0,3831.0,1162.0,1187.0,7.0,3.0,0.0
1198.0,2595.0,934.0,1783.0,1984.0,2753.0,3809.0,1162.0,1186.0,7.0,3.0,0.0
1199.0,2603.0,934.0,1783.0,1983.0,2753.0,3789.0,1164.0,1187.0,7.0,3.0,0.0
1201.0,2619.0,935.0,1787.0,1988.0,2756.0,3779.0,1166.0,1189.0,7.0,3.0,0.0
1203.0,2628.0,936.0,1788.0,1988.0,2757.0,3775.0,1167.0,1189.0,7.0,3.0,0.0
1203.0,2627.0,937.0,1789.0,1986.0,2755.0,3772.0,1166.0,1189.0,7.0,3.0,0.0
1205.0,2629.0,938.0,1791.0,1987.0,2756.0,3777.0,1167.0,1189.0,7.0,3.0,0.0
1206.0,2631.0,937.0,1792.0,1989.0,2757.0,3785.0,1167.0,1189.0,7.0,3.0,0.0
1204.0,2623.0,935.0,1789.0,1986.0,2755.0,3792.0,1163.0,1186.0,7.0,3.0,0.0
1204.0,2609.0,935.0,1789.0,1986.0,2755.0,3804.0,1163.0,1185.0,7.0,3.0,0.0
1204.0,2603.0,936.0,1791.0,1988.0,2758.0,3824.0,1164.0,1186.0,7.0,3.0,0.0
1202.0,2597.0,934.0,1788.0,1985.0,2755.0,3838.0,1162.0,1185.0,7.0,3.0,0.0
1200.0,2593.0,934.0,1785.0,1983.0,2753.0,3849.0,1161.0,1184.0,7.0,3.0,0.0
1202.0,2601.0,936.0,1788.0,1986.0,2756.0,3864.0,1163.0,1186.0,7.0,3.0,0.0
1202.0,2615.0,935.0,1788.0,1986.0,2756.0,3871.0,1163.0,1187.0,7.0,3.0,0.0
1200.0,2621.0,934.0,1785.0,1983.0,2753.0,3865.0,1162.0,1186.0,7.0,3.0,0.0
1202.0,2626.0,935.0,1787.0,1985.0,2755.0,3857.0,1164.0,1187.0,7.0,3.0,0.0
1203.0,2629.0,937.0,1789.0,1988.0,2759.0,3841.0,1165.0,1188.0,7.0,3.0,0.0
1200.0,2619.0,934.0,1784.0,1984.0,2754.0,3810.0,1162.0,1185.0,7.0,3.0,0.0
1197.0,2609.0,933.0,1782.0,1982.0,2753.0,3782.0,1161.0,1183.0,7.0,3.0,0.0
1198.0,2606.0,932.0,1783.0,1985.0,2753.0,3765.0,1161.0,1183.0,7.0,3.0,0.0
1195.0,2601.0,930.0,1779.0,1981.0,2749.0,3758.0,1158.0,1179.0,7.0,3.0,0.0
1193.0,2598.0,927.0,1776.0,1976.0,2745.0,3765.0,1155.0,1177.0,7.0,3.0,0.0
1195.0,2606.0,929.0,1779.0,1979.0,2747.0,3791.0,1158.0,1179.0,7.0,3.0,0.0
1196.0,2613.0,927.0,1778.0,1978.0,2747.0,3818.0,1158.0,1179.0,7.0,3.0,0.0
1208.0,2306.0,948.0,1795.0,2002.0,2764.0,3702.0,1171.0,1207.0,8.0,3.0,0.0
1205.0,2297.0,945.0,1794.0,2000.0,2762.0,3703.0,1169.0,1202.0,8.0,3.0,0.0
1203.0,2269.0,942.0,1792.0,1998.0,2760.0,3702.0,1168.0,1199.0,8.0,3.0,0.0
1201.0,2233.0,940.0,1789.0,1995.0,2758.0,3700.0,1166.0,1194.0,8.0,3.0,0.0
1198.0,2194.0,937.0,1786.0,1991.0,2755.0,3695.0,1164.0,1191.0,8.0,3.0,0.0
1200.0,2173.0,938.0,1789.0,1993.0,2756.0,3696.0,1165.0,1189.0,8.0,3.0,0.0
1199.0,2178.0,936.0,1787.0,1992.0,2754.0,3695.0,1164.0,1187.0,8.0,3.0,0.0
1198.0,2199.0,934.0,1784.0,1988.0,2751.0,3694.0,1161.0,1184.0,8.0,3.0,0.0
1198.0,2228.0,934.0,1785.0,1988.0,2752.0,3696.0,1161.0,1183.0,8.0,3.0,0.0
1200.0,2255.0,935.0,1786.0,1991.0,2754.0,3699.0,1161.0,1183.0,8.0,3.0,0.0
1196.0,2262.0,932.0,1782.0,1986.0,2751.0,3695.0,1159.0,1181.0,8.0,3.0,0.0
1197.0,2250.0,933.0,1783.0,1986.0,2750.0,3694.0,1159.0,1181.0,8.0,3.0,0.0
1197.0,2227.0,933.0,1784.0,1988.0,2750.0,3693.0,1161.0,1182.0,8.0,3.0,0.0
1195.0,2196.0,932.0,1781.0,1987.0,2748.0,3688.0,1159.0,1180.0,8.0,3.0,0.0
1191.0,2167.0,929.0,1776.0,1981.0,2744.0,3682.0,1157.0,1177.0,8.0,3.0,0.0
1192.0,2159.0,928.0,1777.0,1982.0,2744.0,3681.0,1156.0,1176.0,8.0,3.0,0.0
1191.0,2164.0,926.0,1775.0,1979.0,2742.0,3680.0,1155.0,1174.0,8.0,3.0,0.0
1188.0,2173.0,924.0,1771.0,1974.0,2739.0,3674.0,1152.0,1172.0,8.0,3.0,0.0
1189.0,2187.0,923.0,1773.0,1974.0,2738.0,3675.0,1151.0,1170.0,8.0,3.0,0.0
1190.0,2195.0,924.0,1775.0,1975.0,2740.0,3678.0,1152.0,1171.0,8.0,3.0,0.0
1189.0,2191.0,924.0,1772.0,1973.0,2738.0,3676.0,1150.0,1170.0,8.0,3.0,0.0
1189.0,2181.0,923.0,1772.0,1973.0,2738.0,3672.0,1149.0,1169.0,8.0,3.0,0.0
1191.0,2170.0,923.0,1774.0,1976.0,2742.0,3677.0,1150.0,1169.0,8.0,3.0,0.0
1189.0,2155.0,922.0,1771.0,1974.0,2740.0,3675.0,1150.0,1168.0,8.0,3.0,0.0
1188.0,2150.0,922.0,1770.0,1973.0,2739.0,3673.0,1150.0,1166.0,8.0,3.0,0.0
1189.0,2156.0,922.0,1773.0,1976.0,2741.0,3677.0,1152.0,1167.0,8.0,3.0,0.0
1189.0,2162.0,922.0,1772.0,1977.0,2740.0,3679.0,1153.0,1167.0,8.0,3.0,0.0
1187.0,2163.0,920.0,1769.0,1973.0,2738.0,3677.0,1152.0,1167.0,8.0,3.0,0.0
1187.0,2164.0,921.0,1771.0,1975.0,2739.0,3677.0,1153.0,1167.0,8.0,3.0,0.0
1188.0,2161.0,920.0,1771.0,1976.0,2740.0,3678.0,1153.0,1169.0,8.0,3.0,0.0
1186.0,2152.0,920.0,1769.0,1964.0,2738.0,3676.0,1154.0,1198.0,8.0,3.0,0.0
1188.0,2149.0,922.0,1772.0,1966.0,2741.0,3677.0,1155.0,1199.0,8.0,3.0,0.0
1191.0,2151.0,924.0,1774.0,1971.0,2744.0,3679.0,1157.0,1202.0,8.0,3.0,0.0
1191.0,2156.0,924.0,1774.0,1970.0,2745.0,3682.0,1158.0,1203.0,8.0,3.0,0.0
1191.0,2161.0,925.0,1774.0,1970.0,2745.0,3683.0,1158.0,1204.0,8.0,3.0,0.0
1193.0,2169.0,926.0,1777.0,1984.0,2749.0,3685.0,1158.0,1176.0,8.0,3.0,0.0
1193.0,2169.0,926.0,1777.0,1983.0,2748.0,3687.0,1158.0,1175.0,8.0,3.0,0.0
1191.0,2165.0,925.0,1776.0,1980.0,2746.0,3684.0,1156.0,1174.0,8.0,3.0,0.0
1192.0,2160.0,925.0,1779.0,1983.0,2747.0,3683.0,1156.0,1174.0,8.0,3.0,0.0
1663.0,2439.0,1180.0,2088.0,1643.0,3318.0,3248.0,1451.0,1842.0,1.0,4.0,0.0
1661.0,2436.0,1180.0,2086.0,1641.0,3316.0,3249.0,1451.0,1840.0,1.0,4.0,0.0
1660.0,2436.0,1182.0,2086.0,1641.0,3316.0,3249.0,1452.0,1842.0,1.0,4.0,0.0
1665.0,2442.0,1184.0,2093.0,1647.0,3323.0,3256.0,1455.0,1847.0,1.0,4.0,0.0
1666.0,2441.0,1184.0,2094.0,1648.0,3324.0,3257.0,1455.0,1847.0,1.0,4.0,0.0
1662.0,2437.0,1184.0,2091.0,1655.0,3323.0,3254.0,1453.0,1820.0,1.0,4.0,0.0
1666.0,2442.0,1185.0,2096.0,1659.0,3325.0,3258.0,1455.0,1823.0,1.0,4.0,0.0
1667.0,2444.0,1185.0,2098.0,1660.0,3327.0,3261.0,1455.0,1823.0,1.0,4.0,0.0
1663.0,2440.0,1184.0,2093.0,1657.0,3323.0,3257.0,1454.0,1821.0,1.0,4.0,0.0
1665.0,2442.0,1186.0,2096.0,1660.0,3325.0,3259.0,1457.0,1823.0,1.0,4.0,0.0
1670.0,2447.0,1187.0,2100.0,1662.0,3328.0,3261.0,1457.0,1825.0,1.0,4.0,0.0
1667.0,2445.0,1187.0,2097.0,1660.0,3326.0,3258.0,1456.0,1824.0,1.0,4.0,0.0
1667.0,2444.0,1187.0,2096.0,1661.0,3327.0,3259.0,1458.0,1824.0,1.0,4.0,0.0
1672.0,2448.0,1189.0,2101.0,1664.0,3331.0,3263.0,1458.0,1826.0,1.0,4.0,0.0
1670.0,2449.0,1190.0,2099.0,1663.0,3330.0,3263.0,1457.0,1826.0,1.0,4.0,0.0
1667.0,2446.0,1190.0,2097.0,1662.0,3329.0,3262.0,1458.0,1825.0,1.0,4.0,0.0
1670.0,2448.0,1191.0,2101.0,1664.0,3332.0,3263.0,1458.0,1827.0,1.0,4.0,0.0
1671.0,2449.0,1190.0,2101.0,1663.0,3330.0,3259.0,1456.0,1826.0,1.0,4.0,0.0
1664.0,2444.0,1188.0,2095.0,1659.0,3327.0,3256.0,1456.0,1822.0,1.0,4.0,0.0
1664.0,2441.0,1185.0,2094.0,1657.0,3324.0,3254.0,1454.0,1820.0,1.0,4.0,0.0
1666.0,2444.0,1185.0,2095.0,1658.0,3324.0,3255.0,1453.0,1821.0,1.0,4.0,0.0
1662.0,2440.0,1183.0,2091.0,1655.0,3322.0,3253.0,1452.0,1818.0,1.0,4.0,0.0
1660.0,2437.0,1182.0,2089.0,1653.0,3321.0,3254.0,1451.0,1816.0,1.0,4.0,0.0
1665.0,2442.0,1184.0,2093.0,1657.0,3324.0,3258.0,1451.0,1819.0,1.0,4.0,0.0
1665.0,2443.0,1185.0,2094.0,1658.0,3325.0,3260.0,1452.0,1820.0,1.0,4.0,0.0
1661.0,2438.0,1183.0,2090.0,1654.0,3322.0,3256.0,1451.0,1817.0,1.0,4.0,0.0
1663.0,2440.0,1184.0,2093.0,1656.0,3324.0,3258.0,1452.0,1818.0,1.0,4.0,0.0
1665.0,2444.0,1185.0,2095.0,1659.0,3326.0,3258.0,1454.0,1821.0,1.0,4.0,0.0
1661.0,2438.0,1183.0,2090.0,1654.0,3323.0,3255.0,1453.0,1819.0,1.0,4.0,0.0
1661.0,2438.0,1183.0,2090.0,1654.0,3322.0,3254.0,1452.0,1819.0,1.0,4.0,0.0
1666.0,2443.0,1185.0,2095.0,1657.0,3325.0,3258.0,1454.0,1822.0,1.0,4.0,0.0
1663.0,2441.0,1183.0,2092.0,1654.0,3323.0,3256.0,1453.0,1820.0,1.0,4.0,0.0
1662.0,2437.0,1182.0,2090.0,1653.0,3320.0,3255.0,1452.0,1819.0,1.0,4.0,0.0
1666.0,2442.0,1184.0,2094.0,1656.0,3323.0,3257.0,1455.0,1822.0,1.0,4.0,0.0
1667.0,2444.0,1186.0,2096.0,1657.0,3325.0,3259.0,1455.0,1823.0,1.0,4.0,0.0
1664.0,2442.0,1187.0,2094.0,1656.0,3325.0,3258.0,1456.0,1823.0,1.0,4.0,0.0
1669.0,2447.0,1189.0,2098.0,1660.0,3328.0,3263.0,1459.0,1828.0,1.0,4.0,0.0
1673.0,2451.0,1192.0,2103.0,1663.0,3332.0,3265.0,1460.0,1831.0,1.0,4.0,0.0
1670.0,2449.0,1193.0,2100.0,1664.0,3331.0,3263.0,1461.0,1831.0,1.0,4.0,0.0
1671.0,2449.0,1192.0,2100.0,1665.0,3332.0,3265.0,1462.0,1832.0,1.0,4.0,0.0
1716.0,2531.0,1230.0,2141.0,1842.0,3227.0,3472.0,1200.0,1889.0,2.0,4.0,0.0
1712.0,2537.0,1213.0,2135.0,1850.0,3200.0,3487.0,1192.0,1880.0,2.0,4.0,0.0
1716.0,2552.0,1199.0,2135.0,1866.0,3173.0,3510.0,1185.0,1876.0,2.0,4.0,0.0
1711.0,2548.0,1186.0,2125.0,1869.0,3150.0,3518.0,1177.0,1869.0,2.0,4.0,0.0
1707.0,2536.0,1179.0,2118.0,1866.0,3149.0,3518.0,1174.0,1864.0,2.0,4.0,0.0
1710.0,2526.0,1177.0,2119.0,1866.0,3176.0,3519.0,1175.0,1863.0,2.0,4.0,0.0
1709.0,2507.0,1175.0,2115.0,1852.0,3210.0,3510.0,1178.0,1859.0,2.0,4.0,0.0
1703.0,2484.0,1173.0,2109.0,1835.0,3242.0,3498.0,1182.0,1854.0,2.0,4.0,0.0
1703.0,2479.0,1173.0,2111.0,1829.0,3262.0,3492.0,1184.0,1852.0,2.0,4.0,0.0
1704.0,2489.0,1173.0,2114.0,1829.0,3254.0,3492.0,1184.0,1850.0,2.0,4.0,0.0
1698.0,2503.0,1169.0,2114.0,1828.0,3221.0,3490.0,1180.0,1842.0,2.0,4.0,0.0
1697.0,2523.0,1168.0,2121.0,1835.0,3180.0,3495.0,1174.0,1834.0,2.0,4.0,0.0
1700.0,2549.0,1166.0,2131.0,1844.0,3143.0,3503.0,1169.0,1827.0,2.0,4.0,0.0
1697.0,2562.0,1164.0,2133.0,1844.0,3117.0,3507.0,1165.0,1820.0,2.0,4.0,0.0
1694.0,2560.0,1163.0,2130.0,1842.0,3112.0,3501.0,1163.0,1815.0,2.0,4.0,0.0
1697.0,2551.0,1163.0,2128.0,1842.0,3130.0,3498.0,1162.0,1816.0,2.0,4.0,0.0
1695.0,2532.0,1162.0,2120.0,1835.0,3161.0,3493.0,1164.0,1820.0,2.0,4.0,0.0
1689.0,2503.0,1159.0,2105.0,1822.0,3191.0,3482.0,1166.0,1822.0,2.0,4.0,0.0
1689.0,2482.0,1158.0,2099.0,1817.0,3220.0,3477.0,1168.0,1826.0,2.0,4.0,0.0
1690.0,2471.0,1157.0,2097.0,1815.0,3239.0,3480.0,1168.0,1827.0,2.0,4.0,0.0
1687.0,2460.0,1154.0,2090.0,1813.0,3235.0,3481.0,1167.0,1826.0,2.0,4.0,0.0
1686.0,2464.0,1152.0,2090.0,1819.0,3214.0,3484.0,1165.0,1825.0,2.0,4.0,0.0
1691.0,2482.0,1154.0,2095.0,1834.0,3186.0,3493.0,1162.0,1827.0,2.0,4.0,0.0
1690.0,2495.0,1152.0,2094.0,1840.0,3155.0,3494.0,1160.0,1826.0,2.0,4.0,0.0
1686.0,2505.0,1150.0,2092.0,1841.0,3129.0,3492.0,1159.0,1824.0,2.0,4.0,0.0
1689.0,2519.0,1152.0,2098.0,1845.0,3118.0,3493.0,1159.0,1826.0,2.0,4.0,0.0
1690.0,2524.0,1152.0,2100.0,1840.0,3119.0,3493.0,1159.0,1825.0,2.0,4.0,0.0
1685.0,2513.0,1150.0,2095.0,1829.0,3127.0,3485.0,1158.0,1821.0,2.0,4.0,0.0
1686.0,2507.0,1152.0,2097.0,1827.0,3143.0,3486.0,1158.0,1821.0,2.0,4.0,0.0
1690.0,2503.0,1154.0,2099.0,1828.0,3157.0,3489.0,1158.0,1822.0,2.0,4.0,0.0
1686.0,2492.0,1152.0,2092.0,1823.0,3164.0,3486.0,1157.0,1821.0,2.0,4.0,0.0
1686.0,2486.0,1153.0,2091.0,1818.0,3166.0,3487.0,1159.0,1847.0,2.0,4.0,0.0
1693.0,2492.0,1155.0,2098.0,1830.0,3164.0,3495.0,1162.0,1852.0,2.0,4.0,0.0
1694.0,2495.0,1155.0,2098.0,1839.0,3156.0,3496.0,1162.0,1853.0,2.0,4.0,0.0
1692.0,2495.0,1156.0,2098.0,1844.0,3148.0,3497.0,1163.0,1853.0,2.0,4.0,0.0
1734.0,2762.0,1131.0,2150.0,1983.0,2870.0,3666.0,1192.0,1760.0,3.0,4.0,0.0
1732.0,2747.0,1147.0,2150.0,1977.0,2904.0,3661.0,1188.0,1758.0,3.0,4.0,0.0
1723.0,2726.0,1160.0,2146.0,1966.0,2927.0,3651.0,1185.0,1752.0,3.0,4.0,0.0
1719.0,2715.0,1168.0,2145.0,1963.0,2932.0,3646.0,1182.0,1746.0,3.0,4.0,0.0
1721.0,2721.0,1159.0,2145.0,1966.0,2917.0,3649.0,1182.0,1741.0,3.0,4.0,0.0
1716.0,2727.0,1139.0,2138.0,1964.0,2881.0,3649.0,1180.0,1732.0,3.0,4.0,0.0
1713.0,2736.0,1117.0,2133.0,1966.0,2840.0,3652.0,1179.0,1723.0,3.0,4.0,0.0
1717.0,2753.0,1098.0,2133.0,1972.0,2812.0,3656.0,1177.0,1718.0,3.0,4.0,0.0
1720.0,2766.0,1086.0,2134.0,1974.0,2806.0,3661.0,1178.0,1721.0,3.0,4.0,0.0
1722.0,2771.0,1092.0,2137.0,1976.0,2829.0,3660.0,1183.0,1735.0,3.0,4.0,0.0
1735.0,2785.0,1115.0,2153.0,1988.0,2875.0,3667.0,1193.0,1763.0,3.0,4.0,0.0
1748.0,2797.0,1139.0,2165.0,1996.0,2922.0,3669.0,1203.0,1792.0,3.0,4.0,0.0
1756.0,2804.0,1161.0,2176.0,2003.0,2963.0,3673.0,1214.0,1819.0,3.0,4.0,0.0
1767.0,2823.0,1144.0,2191.0,2023.0,2906.0,3712.0,1228.0,1803.0,3.0,4.0,0.0
1765.0,2821.0,1129.0,2188.0,2024.0,2876.0,3716.0,1223.0,1784.0,3.0,4.0,0.0
1758.0,2810.0,1120.0,2179.0,2019.0,2858.0,3708.0,1214.0,1766.0,3.0,4.0,0.0
1745.0,2788.0,1120.0,2164.0,2004.0,2857.0,3693.0,1205.0,1751.0,3.0,4.0,0.0
1739.0,2771.0,1129.0,2157.0,1994.0,2871.0,3678.0,1196.0,1743.0,3.0,4.0,0.0
1732.0,2754.0,1138.0,2147.0,1982.0,2886.0,3660.0,1186.0,1735.0,3.0,4.0,0.0
1721.0,2737.0,1147.0,2136.0,1967.0,2902.0,3645.0,1180.0,1733.0,3.0,4.0,0.0
1713.0,2728.0,1150.0,2129.0,1957.0,2905.0,3633.0,1177.0,1730.0,3.0,4.0,0.0
1713.0,2734.0,1144.0,2127.0,1956.0,2899.0,3632.0,1174.0,1729.0,3.0,4.0,0.0
1709.0,2737.0,1127.0,2122.0,1951.0,2874.0,3630.0,1171.0,1724.0,3.0,4.0,0.0
1703.0,2739.0,1108.0,2115.0,1946.0,2840.0,3628.0,1168.0,1715.0,3.0,4.0,0.0
1706.0,2751.0,1091.0,2118.0,1951.0,2813.0,3637.0,1168.0,1707.0,3.0,4.0,0.0
1709.0,2761.0,1079.0,2120.0,1955.0,2795.0,3644.0,1168.0,1703.0,3.0,4.0,0.0
1705.0,2757.0,1074.0,2117.0,1953.0,2789.0,3642.0,1168.0,1700.0,3.0,4.0,0.0
1707.0,2757.0,1082.0,2118.0,1955.0,2802.0,3645.0,1170.0,1701.0,3.0,4.0,0.0
1711.0,2757.0,1096.0,2124.0,1959.0,2825.0,3647.0,1173.0,1706.0,3.0,4.0,0.0
1707.0,2745.0,1110.0,2120.0,1953.0,2846.0,3639.0,1171.0,1708.0,3.0,4.0,0.0
1707.0,2733.0,1124.0,2120.0,1951.0,2867.0,3633.0,1170.0,1711.0,3.0,4.0,0.0
1709.0,2733.0,1137.0,2124.0,1954.0,2881.0,3635.0,1171.0,1715.0,3.0,4.0,0.0
1709.0,2731.0,1139.0,2123.0,1953.0,2882.0,3633.0,1171.0,1716.0,3.0,4.0,0.0
1705.0,2729.0,1130.0,2119.0,1949.0,2868.0,3631.0,1169.0,1713.0,3.0,4.0,0.0
1708.0,2739.0,1117.0,2120.0,1952.0,2848.0,3637.0,1169.0,1712.0,3.0,4.0,0.0
1709.0,2749.0,1101.0,2120.0,1953.0,2825.0,3641.0,1170.0,1709.0,3.0,4.0,0.0
1707.0,2751.0,1086.0,2117.0,1942.0,2803.0,3643.0,1172.0,1731.0,3.0,4.0,0.0
1709.0,2757.0,1078.0,2120.0,1944.0,2792.0,3648.0,1174.0,1731.0,3.0,4.0,0.0
1718.0,2768.0,1080.0,2129.0,1953.0,2799.0,3657.0,1178.0,1737.0,3.0,4.0,0.0
1795.0,2869.0,1024.0,2225.0,2194.0,2868.0,3773.0,1250.0,1539.0,4.0,4.0,0.0
1785.0,2859.0,1017.0,2218.0,2187.0,2861.0,3767.0,1243.0,1529.0,4.0,4.0,0.0
1785.0,2861.0,1014.0,2218.0,2187.0,2860.0,3766.0,1241.0,1538.0,4.0,4.0,0.0
1782.0,2857.0,1010.0,2215.0,2181.0,2857.0,3762.0,1238.0,1550.0,4.0,4.0,0.0
1774.0,2847.0,1006.0,2206.0,2170.0,2850.0,3752.0,1233.0,1561.0,4.0,4.0,0.0
1772.0,2845.0,1002.0,2204.0,2167.0,2847.0,3752.0,1231.0,1569.0,4.0,4.0,0.0
1771.0,2845.0,999.0,2202.0,2163.0,2844.0,3749.0,1229.0,1567.0,4.0,4.0,0.0
1761.0,2834.0,993.0,2192.0,2151.0,2835.0,3740.0,1222.0,1546.0,4.0,4.0,0.0
1754.0,2829.0,987.0,2185.0,2147.0,2829.0,3735.0,1217.0,1520.0,4.0,4.0,0.0
1754.0,2832.0,985.0,2187.0,2151.0,2829.0,3734.0,1216.0,1497.0,4.0,4.0,0.0
1750.0,2829.0,984.0,2184.0,2149.0,2827.0,3729.0,1214.0,1480.0,4.0,4.0,0.0
1747.0,2825.0,982.0,2182.0,2148.0,2826.0,3726.0,1213.0,1472.0,4.0,4.0,0.0
1753.0,2832.0,984.0,2188.0,2156.0,2829.0,3731.0,1216.0,1478.0,4.0,4.0,0.0
1755.0,2834.0,986.0,2191.0,2158.0,2831.0,3733.0,1217.0,1489.0,4.0,4.0,0.0
1754.0,2831.0,986.0,2189.0,2156.0,2832.0,3731.0,1218.0,1501.0,4.0,4.0,0.0
1757.0,2834.0,988.0,2192.0,2161.0,2834.0,3734.0,1219.0,1509.0,4.0,4.0,0.0
1760.0,2838.0,989.0,2194.0,2164.0,2833.0,3737.0,1220.0,1513.0,4.0,4.0,0.0
1755.0,2832.0,987.0,2189.0,2159.0,2831.0,3733.0,1218.0,1510.0,4.0,4.0,0.0
1754.0,2830.0,986.0,2188.0,2159.0,2830.0,3731.0,1216.0,1502.0,4.0,4.0,0.0
1757.0,2835.0,985.0,2191.0,2164.0,2830.0,3735.0,1217.0,1491.0,4.0,4.0,0.0
1754.0,2833.0,984.0,2189.0,2160.0,2828.0,3734.0,1217.0,1480.0,4.0,4.0,0.0
1750.0,2829.0,983.0,2185.0,2156.0,2827.0,3731.0,1214.0,1467.0,4.0,4.0,0.0
1752.0,2833.0,983.0,2188.0,2158.0,2828.0,3733.0,1215.0,1463.0,4.0,4.0,0.0
1755.0,2837.0,984.0,2190.0,2147.0,2831.0,3737.0,1218.0,1495.0,4.0,4.0,0.0
1756.0,2838.0,990.0,2193.0,2146.0,2837.0,3742.0,1223.0,1509.0,4.0,4.0,0.0
1752.0,2831.0,985.0,2186.0,2140.0,2829.0,3734.0,1218.0,1518.0,4.0,4.0,0.0
1750.0,2828.0,980.0,2181.0,2134.0,2821.0,3728.0,1213.0,1527.0,4.0,4.0,0.0
1750.0,2827.0,982.0,2182.0,2134.0,2824.0,3730.0,1216.0,1540.0,4.0,4.0,0.0
1752.0,2829.0,984.0,2185.0,2148.0,2827.0,3733.0,1218.0,1517.0,4.0,4.0,0.0
1515.0,2803.0,962.0,2139.0,2125.0,2763.0,3684.0,1177.0,1226.0,5.0,4.0,0.0
1513.0,2793.0,954.0,2132.0,2114.0,2756.0,3678.0,1171.0,1216.0,5.0,4.0,0.0
1516.0,2789.0,951.0,2130.0,2111.0,2754.0,3678.0,1169.0,1211.0,5.0,4.0,0.0
1523.0,2791.0,949.0,2131.0,2114.0,2754.0,3681.0,1168.0,1207.0,5.0,4.0,0.0
1521.0,2787.0,946.0,2126.0,2110.0,2752.0,3682.0,1166.0,1203.0,5.0,4.0,0.0
1516.0,2781.0,943.0,2121.0,2106.0,2750.0,3682.0,1165.0,1201.0,5.0,4.0,0.0
1511.0,2784.0,942.0,2119.0,2110.0,2750.0,3682.0,1165.0,1199.0,5.0,4.0,0.0
1501.0,2784.0,939.0,2112.0,2107.0,2746.0,3677.0,1162.0,1195.0,5.0,4.0,0.0
1488.0,2775.0,934.0,2105.0,2099.0,2741.0,3668.0,1159.0,1191.0,5.0,4.0,0.0
1483.0,2774.0,932.0,2106.0,2099.0,2739.0,3665.0,1158.0,1189.0,5.0,4.0,0.0
1483.0,2777.0,931.0,2108.0,2101.0,2737.0,3661.0,1156.0,1186.0,5.0,4.0,0.0
1479.0,2771.0,928.0,2108.0,2094.0,2733.0,3656.0,1153.0,1183.0,5.0,4.0,0.0
1479.0,2769.0,929.0,2110.0,2093.0,2732.0,3654.0,1152.0,1181.0,5.0,4.0,0.0
1483.0,2775.0,931.0,2115.0,2098.0,2734.0,3657.0,1154.0,1182.0,5.0,4.0,0.0
1484.0,2774.0,931.0,2114.0,2096.0,2734.0,3657.0,1154.0,1182.0,5.0,4.0,0.0
1482.0,2771.0,931.0,2113.0,2092.0,2734.0,3659.0,1155.0,1181.0,5.0,4.0,0.0
1485.0,2775.0,932.0,2115.0,2097.0,2736.0,3662.0,1155.0,1181.0,5.0,4.0,0.0
1486.0,2778.0,932.0,2114.0,2099.0,2738.0,3665.0,1156.0,1182.0,5.0,4.0,0.0
1482.0,2774.0,931.0,2105.0,2094.0,2738.0,3664.0,1156.0,1182.0,5.0,4.0,0.0
1481.0,2774.0,930.0,2100.0,2095.0,2738.0,3667.0,1156.0,1182.0,5.0,4.0,0.0
1482.0,2776.0,930.0,2099.0,2097.0,2738.0,3668.0,1156.0,1181.0,5.0,4.0,0.0
1479.0,2770.0,928.0,2094.0,2092.0,2735.0,3665.0,1154.0,1180.0,5.0,4.0,0.0
1478.0,2766.0,927.0,2095.0,2090.0,2733.0,3662.0,1153.0,1179.0,5.0,4.0,0.0
1483.0,2771.0,929.0,2105.0,2086.0,2735.0,3665.0,1155.0,1209.0,5.0,4.0,0.0
1485.0,2773.0,931.0,2111.0,2086.0,2736.0,3665.0,1156.0,1210.0,5.0,4.0,0.0
1485.0,2771.0,932.0,2113.0,2086.0,2736.0,3661.0,1155.0,1211.0,5.0,4.0,0.0
1489.0,2778.0,935.0,2119.0,2093.0,2741.0,3664.0,1158.0,1213.0,5.0,4.0,0.0
1492.0,2783.0,937.0,2123.0,2096.0,2743.0,3668.0,1161.0,1215.0,5.0,4.0,0.0
1487.0,2779.0,935.0,2119.0,2102.0,2741.0,3666.0,1159.0,1186.0,5.0,4.0,0.0
1486.0,2779.0,936.0,2119.0,2104.0,2742.0,3664.0,1159.0,1185.0,5.0,4.0,0.0
1486.0,2783.0,936.0,2120.0,2108.0,2743.0,3668.0,1161.0,1186.0,5.0,4.0,0.0
1483.0,2780.0,935.0,2116.0,2103.0,2741.0,3665.0,1160.0,1185.0,5.0,4.0,0.0
1481.0,2777.0,933.0,2113.0,2102.0,2740.0,3664.0,1160.0,1185.0,5.0,4.0,0.0
1485.0,2781.0,934.0,2115.0,2106.0,2742.0,3667.0,1159.0,1184.0,5.0,4.0,0.0
1485.0,2781.0,933.0,2114.0,2105.0,2742.0,3667.0,1158.0,1184.0,5.0,4.0,0.0
1487.0,2777.0,933.0,2110.0,2101.0,2741.0,3665.0,1157.0,1183.0,5.0,4.0,0.0
1490.0,2779.0,934.0,2111.0,2105.0,2743.0,3672.0,1158.0,1184.0,5.0,4.0,0.0
1231.0,2679.0,956.0,1945.0,2125.0,2750.0,3678.0,1173.0,1218.0,6.0,4.0,0.0
1211.0,2679.0,951.0,1942.0,2124.0,2747.0,3678.0,1168.0,1207.0,6.0,4.0,0.0
1203.0,2690.0,945.0,1936.0,2118.0,2742.0,3675.0,1165.0,1201.0,6.0,4.0,0.0
1201.0,2707.0,941.0,1932.0,2112.0,2739.0,3670.0,1163.0,1196.0,6.0,4.0,0.0
1205.0,2733.0,939.0,1938.0,2113.0,2739.0,3668.0,1161.0,1193.0,6.0,4.0,0.0
1211.0,2759.0,939.0,1943.0,2111.0,2739.0,3668.0,1160.0,1191.0,6.0,4.0,0.0
1214.0,2770.0,937.0,1940.0,2106.0,2737.0,3665.0,1159.0,1189.0,6.0,4.0,0.0
1215.0,2777.0,937.0,1939.0,2107.0,2738.0,3665.0,1159.0,1188.0,6.0,4.0,0.0
1214.0,2781.0,937.0,1936.0,2110.0,2738.0,3668.0,1159.0,1186.0,6.0,4.0,0.0
1207.0,2773.0,935.0,1929.0,2106.0,2736.0,3666.0,1157.0,1184.0,6.0,4.0,0.0
1201.0,2754.0,934.0,1924.0,2106.0,2735.0,3664.0,1157.0,1183.0,6.0,4.0,0.0
1195.0,2735.0,933.0,1923.0,2108.0,2734.0,3664.0,1156.0,1182.0,6.0,4.0,0.0
1190.0,2708.0,931.0,1921.0,2105.0,2731.0,3660.0,1153.0,1179.0,6.0,4.0,0.0
1188.0,2678.0,929.0,1923.0,2101.0,2727.0,3653.0,1152.0,1177.0,6.0,4.0,0.0
1190.0,2660.0,929.0,1930.0,2104.0,2728.0,3655.0,1153.0,1176.0,6.0,4.0,0.0
1193.0,2651.0,928.0,1935.0,2104.0,2727.0,3656.0,1151.0,1175.0,6.0,4.0,0.0
1199.0,2646.0,928.0,1938.0,2101.0,2726.0,3655.0,1152.0,1175.0,6.0,4.0,0.0
1210.0,2654.0,932.0,1945.0,2107.0,2733.0,3660.0,1156.0,1180.0,6.0,4.0,0.0
1219.0,2671.0,935.0,1952.0,2115.0,2741.0,3669.0,1161.0,1184.0,6.0,4.0,0.0
1220.0,2683.0,936.0,1951.0,2113.0,2742.0,3670.0,1162.0,1185.0,6.0,4.0,0.0
1217.0,2700.0,936.0,1951.0,2114.0,2744.0,3668.0,1163.0,1187.0,6.0,4.0,0.0
1213.0,2723.0,937.0,1950.0,2118.0,2746.0,3672.0,1165.0,1188.0,6.0,4.0,0.0
1204.0,2738.0,934.0,1937.0,2112.0,2741.0,3667.0,1161.0,1184.0,6.0,4.0,0.0
1195.0,2746.0,931.0,1921.0,2105.0,2735.0,3662.0,1157.0,1180.0,6.0,4.0,0.0
1192.0,2757.0,931.0,1915.0,2106.0,2734.0,3660.0,1156.0,1179.0,6.0,4.0,0.0
1191.0,2765.0,930.0,1914.0,2106.0,2734.0,3662.0,1155.0,1177.0,6.0,4.0,0.0
1192.0,2763.0,930.0,1915.0,2104.0,2735.0,3660.0,1156.0,1178.0,6.0,4.0,0.0
1197.0,2762.0,933.0,1928.0,2098.0,2739.0,3664.0,1160.0,1210.0,6.0,4.0,0.0
1204.0,2759.0,936.0,1943.0,2106.0,2745.0,3670.0,1164.0,1214.0,6.0,4.0,0.0
1210.0,2748.0,940.0,1955.0,2112.0,2753.0,3677.0,1168.0,1219.0,6.0,4.0,0.0
1214.0,2728.0,944.0,1959.0,2115.0,2756.0,3678.0,1172.0,1224.0,6.0,4.0,0.0
1218.0,2712.0,946.0,1964.0,2121.0,2759.0,3684.0,1174.0,1226.0,6.0,4.0,0.0
1214.0,2692.0,944.0,1959.0,2128.0,2756.0,3681.0,1170.0,1194.0,6.0,4.0,0.0
1209.0,2672.0,943.0,1954.0,2124.0,2753.0,3675.0,1167.0,1192.0,6.0,4.0,0.0
1207.0,2667.0,943.0,1954.0,2126.0,2753.0,3677.0,1168.0,1192.0,6.0,4.0,0.0
1205.0,2673.0,942.0,1954.0,2127.0,2753.0,3677.0,1167.0,1191.0,6.0,4.0,0.0
1200.0,2680.0,940.0,1948.0,2120.0,2747.0,3670.0,1164.0,1187.0,6.0,4.0,0.0
1238.0,2648.0,986.0,1841.0,2182.0,2815.0,3737.0,1211.0,1250.0,7.0,4.0,0.0
1233.0,2622.0,979.0,1837.0,2178.0,2809.0,3731.0,1205.0,1241.0,7.0,4.0,0.0
1224.0,2600.0,970.0,1824.0,2166.0,2797.0,3717.0,1197.0,1230.0,7.0,4.0,0.0
1220.0,2597.0,965.0,1820.0,2161.0,2792.0,3712.0,1193.0,1224.0,7.0,4.0,0.0
1221.0,2617.0,965.0,1823.0,2165.0,2795.0,3716.0,1193.0,1223.0,7.0,4.0,0.0
1224.0,2645.0,967.0,1828.0,2168.0,2801.0,3722.0,1196.0,1226.0,7.0,4.0,0.0
1222.0,2662.0,965.0,1826.0,2164.0,2798.0,3719.0,1195.0,1225.0,7.0,4.0,0.0
1225.0,2678.0,966.0,1829.0,2168.0,2801.0,3724.0,1197.0,1226.0,7.0,4.0,0.0
1226.0,2686.0,968.0,1833.0,2170.0,2804.0,3727.0,1199.0,1228.0,7.0,4.0,0.0
1224.0,2682.0,966.0,1829.0,2166.0,2802.0,3726.0,1197.0,1225.0,7.0,4.0,0.0
1218.0,2665.0,960.0,1819.0,2156.0,2788.0,3714.0,1190.0,1216.0,7.0,4.0,0.0
1213.0,2644.0,956.0,1812.0,2151.0,2780.0,3707.0,1184.0,1209.0,7.0,4.0,0.0
1203.0,2605.0,946.0,1797.0,2137.0,2762.0,3690.0,1172.0,1197.0,7.0,4.0,0.0
1191.0,2566.0,934.0,1781.0,2120.0,2742.0,3668.0,1159.0,1182.0,7.0,4.0,0.0
1182.0,2544.0,927.0,1770.0,2112.0,2726.0,3652.0,1149.0,1172.0,7.0,4.0,0.0
1178.0,2540.0,924.0,1766.0,2107.0,2721.0,3648.0,1145.0,1168.0,7.0,4.0,0.0
1175.0,2546.0,920.0,1761.0,2089.0,2714.0,3642.0,1142.0,1192.0,7.0,4.0,0.0
1176.0,2570.0,921.0,1762.0,2090.0,2715.0,3643.0,1143.0,1193.0,7.0,4.0,0.0
1177.0,2595.0,923.0,1764.0,2093.0,2717.0,3646.0,1144.0,1194.0,7.0,4.0,0.0
1177.0,2606.0,923.0,1763.0,2089.0,2716.0,3648.0,1144.0,1194.0,7.0,4.0,0.0
1179.0,2613.0,923.0,1764.0,2092.0,2718.0,3649.0,1145.0,1195.0,7.0,4.0,0.0
1179.0,2614.0,924.0,1765.0,2105.0,2720.0,3651.0,1145.0,1166.0,7.0,4.0,0.0
1178.0,2603.0,923.0,1764.0,2104.0,2718.0,3648.0,1144.0,1164.0,7.0,4.0,0.0
1177.0,2585.0,922.0,1763.0,2103.0,2718.0,3646.0,1144.0,1164.0,7.0,4.0,0.0
1182.0,2577.0,926.0,1770.0,2114.0,2727.0,3654.0,1148.0,1168.0,7.0,4.0,0.0
1194.0,2583.0,938.0,1788.0,2130.0,2749.0,3675.0,1162.0,1182.0,7.0,4.0,0.0
1273.0,2351.0,1021.0,1892.0,2241.0,2879.0,3660.0,1251.0,1288.0,8.0,4.0,0.0
1270.0,2377.0,1018.0,1888.0,2239.0,2874.0,3657.0,1247.0,1282.0,8.0,4.0,0.0
1266.0,2386.0,1013.0,1882.0,2235.0,2869.0,3652.0,1243.0,1277.0,8.0,4.0,0.0
1264.0,2377.0,1012.0,1883.0,2236.0,2869.0,3651.0,1244.0,1276.0,8.0,4.0,0.0
1263.0,2351.0,1009.0,1882.0,2235.0,2868.0,3649.0,1243.0,1273.0,8.0,4.0,0.0
1262.0,2320.0,1009.0,1883.0,2230.0,2870.0,3649.0,1245.0,1274.0,8.0,4.0,0.0
1265.0,2295.0,1012.0,1886.0,2228.0,2877.0,3652.0,1248.0,1276.0,8.0,4.0,0.0
1267.0,2276.0,1014.0,1890.0,2227.0,2879.0,3654.0,1250.0,1277.0,8.0,4.0,0.0
1268.0,2269.0,1014.0,1889.0,2213.0,2877.0,3654.0,1251.0,1306.0,8.0,4.0,0.0
1269.0,2276.0,1013.0,1888.0,2211.0,2875.0,3653.0,1250.0,1304.0,8.0,4.0,0.0
1270.0,2294.0,1013.0,1888.0,2217.0,2873.0,3653.0,1249.0,1302.0,8.0,4.0,0.0
1267.0,2313.0,1011.0,1885.0,2219.0,2868.0,3651.0,1246.0,1299.0,8.0,4.0,0.0
1263.0,2327.0,1007.0,1879.0,2216.0,2861.0,3648.0,1243.0,1295.0,8.0,4.0,0.0
1260.0,2338.0,1006.0,1878.0,2228.0,2860.0,3647.0,1242.0,1265.0,8.0,4.0,0.0
1260.0,2336.0,1006.0,1879.0,2230.0,2862.0,3647.0,1242.0,1265.0,8.0,4.0,0.0
1258.0,2315.0,1003.0,1875.0,2224.0,2858.0,3643.0,1240.0,1263.0,8.0,4.0,0.0
1263.0,2299.0,1008.0,1882.0,2229.0,2868.0,3648.0,1246.0,1268.0,8.0,4.0,0.0
1268.0,2285.0,1012.0,1889.0,2233.0,2876.0,3653.0,1250.0,1272.0,8.0,4.0,0.0
1270.0,2273.0,1015.0,1892.0,2234.0,2880.0,3656.0,1253.0,1275.0,8.0,4.0,0.0
1274.0,2274.0,1019.0,1898.0,2238.0,2888.0,3662.0,1257.0,1280.0,8.0,4.0,0.0
1280.0,2286.0,1025.0,1906.0,2248.0,2898.0,3672.0,1263.0,1285.0,8.0,4.0,0.0
1280.0,2297.0,1025.0,1905.0,2251.0,2897.0,3675.0,1263.0,1284.0,8.0,4.0,0.0
1284.0,2317.0,1029.0,1909.0,2257.0,2903.0,3682.0,1266.0,1288.0,8.0,4.0,0.0
1283.0,2327.0,1028.0,1907.0,2258.0,2901.0,3682.0,1266.0,1286.0,8.0,4.0,0.0
1281.0,2330.0,1028.0,1906.0,2257.0,2898.0,3680.0,1264.0,1284.0,8.0,4.0,0.0
1275.0,2320.0,1022.0,1897.0,2245.0,2888.0,3669.0,1258.0,1279.0,8.0,4.0,0.0
1269.0,2301.0,1017.0,1891.0,2232.0,2880.0,3657.0,1254.0,1275.0,8.0,4.0,0.0
1263.0,2278.0,1010.0,1882.0,2219.0,2869.0,3644.0,1245.0,1266.0,8.0,4.0,0.0
1259.0,2261.0,1005.0,1876.0,2209.0,2863.0,3636.0,1241.0,1262.0,8.0,4.0,0.0
1255.0,2247.0,999.0,1869.0,2200.0,2855.0,3629.0,1236.0,1257.0,8.0,4.0,0.0
1256.0,2247.0,999.0,1871.0,2205.0,2857.0,3632.0,1236.0,1256.0,8.0,4.0,0.0
1256.0,2250.0,997.0,1868.0,2208.0,2854.0,3632.0,1234.0,1254.0,8.0,4.0,0.0
1251.0,2251.0,994.0,1862.0,2207.0,2848.0,3628.0,1233.0,1252.0,8.0,4.0,0.0
1250.0,2256.0,993.0,1862.0,2210.0,2846.0,3627.0,1231.0,1251.0,8.0,4.0,0.0
1250.0,2259.0,992.0,1861.0,2210.0,2845.0,3625.0,1229.0,1249.0,8.0,4.0,0.0
1246.0,2253.0,988.0,1855.0,2203.0,2839.0,3618.0,1225.0,1246.0,8.0,4.0,0.0
1244.0,2246.0,988.0,1854.0,2197.0,2837.0,3613.0,1224.0,1244.0,8.0,4.0,0.0
1245.0,2240.0,988.0,1856.0,2193.0,2838.0,3613.0,1223.0,1244.0,8.0,4.0,0.0
1670.0,2336.0,1285.0,2229.0,1728.0,3181.0,3196.0,1371.0,1896.0,1.0,5.0,0.0
1675.0,2339.0,1286.0,2233.0,1731.0,3186.0,3199.0,1371.0,1898.0,1.0,5.0,0.0
1674.0,2338.0,1285.0,2232.0,1729.0,3185.0,3201.0,1371.0,1896.0,1.0,5.0,0.0
1670.0,2336.0,1283.0,2228.0,1726.0,3179.0,3200.0,1369.0,1893.0,1.0,5.0,0.0
1673.0,2342.0,1285.0,2232.0,1730.0,3179.0,3203.0,1370.0,1896.0,1.0,5.0,0.0
1677.0,2349.0,1286.0,2236.0,1732.0,3178.0,3206.0,1370.0,1898.0,1.0,5.0,0.0
1671.0,2349.0,1286.0,2231.0,1730.0,3172.0,3204.0,1370.0,1896.0,1.0,5.0,0.0
1673.0,2352.0,1287.0,2234.0,1732.0,3171.0,3206.0,1371.0,1899.0,1.0,5.0,0.0
1678.0,2359.0,1291.0,2241.0,1739.0,3176.0,3210.0,1375.0,1905.0,1.0,5.0,0.0
1677.0,2360.0,1292.0,2240.0,1738.0,3177.0,3211.0,1377.0,1906.0,1.0,5.0,0.0
1676.0,2357.0,1292.0,2238.0,1737.0,3177.0,3211.0,1379.0,1907.0,1.0,5.0,0.0
1682.0,2362.0,1293.0,2244.0,1741.0,3181.0,3216.0,1380.0,1910.0,1.0,5.0,0.0
1683.0,2362.0,1294.0,2244.0,1742.0,3183.0,3215.0,1379.0,1910.0,1.0,5.0,0.0
1680.0,2357.0,1292.0,2239.0,1738.0,3180.0,3211.0,1377.0,1906.0,1.0,5.0,0.0
1683.0,2357.0,1293.0,2243.0,1740.0,3183.0,3213.0,1377.0,1906.0,1.0,5.0,0.0
1687.0,2360.0,1294.0,2246.0,1742.0,3185.0,3214.0,1377.0,1907.0,1.0,5.0,0.0
1684.0,2356.0,1293.0,2242.0,1740.0,3184.0,3211.0,1375.0,1904.0,1.0,5.0,0.0
1683.0,2356.0,1294.0,2241.0,1740.0,3183.0,3213.0,1376.0,1905.0,1.0,5.0,0.0
1688.0,2361.0,1296.0,2247.0,1743.0,3187.0,3217.0,1377.0,1909.0,1.0,5.0,0.0
1685.0,2358.0,1294.0,2244.0,1741.0,3185.0,3215.0,1377.0,1908.0,1.0,5.0,0.0
1681.0,2353.0,1292.0,2240.0,1739.0,3183.0,3212.0,1376.0,1906.0,1.0,5.0,0.0
1684.0,2357.0,1294.0,2244.0,1742.0,3186.0,3215.0,1378.0,1909.0,1.0,5.0,0.0
1685.0,2358.0,1295.0,2246.0,1743.0,3187.0,3216.0,1379.0,1909.0,1.0,5.0,0.0
1681.0,2355.0,1294.0,2241.0,1739.0,3182.0,3212.0,1378.0,1906.0,1.0,5.0,0.0
1681.0,2357.0,1295.0,2242.0,1739.0,3180.0,3212.0,1377.0,1905.0,1.0,5.0,0.0
1683.0,2362.0,1296.0,2244.0,1740.0,3179.0,3214.0,1377.0,1907.0,1.0,5.0,0.0
1678.0,2358.0,1293.0,2239.0,1736.0,3175.0,3210.0,1375.0,1902.0,1.0,5.0,0.0
1674.0,2354.0,1290.0,2234.0,1733.0,3171.0,3206.0,1373.0,1900.0,1.0,5.0,0.0
1677.0,2356.0,1289.0,2237.0,1734.0,3173.0,3206.0,1371.0,1900.0,1.0,5.0,0.0
1676.0,2353.0,1288.0,2235.0,1732.0,3173.0,3205.0,1372.0,1899.0,1.0,5.0,0.0
1673.0,2348.0,1287.0,2231.0,1730.0,3173.0,3203.0,1372.0,1897.0,1.0,5.0,0.0
1677.0,2352.0,1288.0,2235.0,1733.0,3176.0,3203.0,1372.0,1900.0,1.0,5.0,0.0
1679.0,2353.0,1289.0,2237.0,1734.0,3178.0,3205.0,1373.0,1900.0,1.0,5.0,0.0
1675.0,2349.0,1288.0,2233.0,1731.0,3175.0,3205.0,1373.0,1899.0,1.0,5.0,0.0
1676.0,2351.0,1289.0,2234.0,1732.0,3176.0,3207.0,1374.0,1901.0,1.0,5.0,0.0
1680.0,2356.0,1290.0,2238.0,1735.0,3177.0,3210.0,1374.0,1903.0,1.0,5.0,0.0
1676.0,2355.0,1289.0,2234.0,1733.0,3174.0,3208.0,1373.0,1901.0,1.0,5.0,0.0
1676.0,2356.0,1290.0,2234.0,1733.0,3172.0,3207.0,1373.0,1901.0,1.0,5.0,0.0
1680.0,2362.0,1292.0,2240.0,1737.0,3174.0,3211.0,1374.0,1904.0,1.0,5.0,0.0
1678.0,2361.0,1291.0,2238.0,1736.0,3172.0,3209.0,1373.0,1903.0,1.0,5.0,0.0
1675.0,2357.0,1290.0,2234.0,1724.0,3171.0,3208.0,1375.0,1928.0,1.0,5.0,0.0
1680.0,2361.0,1293.0,2240.0,1729.0,3176.0,3212.0,1377.0,1932.0,1.0,5.0,0.0
1616.0,2535.0,1337.0,2267.0,1844.0,3148.0,3474.0,1194.0,1991.0,2.0,5.0,0.0
1623.0,2550.0,1328.0,2261.0,1857.0,3141.0,3478.0,1185.0,1977.0,2.0,5.0,0.0
1640.0,2567.0,1324.0,2263.0,1866.0,3141.0,3478.0,1184.0,1971.0,2.0,5.0,0.0
1659.0,2578.0,1324.0,2267.0,1865.0,3146.0,3468.0,1186.0,1968.0,2.0,5.0,0.0
1668.0,2569.0,1321.0,2266.0,1846.0,3150.0,3451.0,1192.0,1964.0,2.0,5.0,0.0
1672.0,2554.0,1319.0,2264.0,1824.0,3151.0,3431.0,1197.0,1960.0,2.0,5.0,0.0
1679.0,2548.0,1318.0,2267.0,1815.0,3155.0,3418.0,1200.0,1960.0,2.0,5.0,0.0
1674.0,2540.0,1314.0,2262.0,1807.0,3151.0,3410.0,1197.0,1954.0,2.0,5.0,0.0
1661.0,2532.0,1309.0,2254.0,1806.0,3143.0,3413.0,1192.0,1948.0,2.0,5.0,0.0
1651.0,2538.0,1306.0,2253.0,1818.0,3136.0,3427.0,1183.0,1943.0,2.0,5.0,0.0
1640.0,2547.0,1303.0,2252.0,1838.0,3130.0,3443.0,1174.0,1939.0,2.0,5.0,0.0
1622.0,2543.0,1298.0,2244.0,1846.0,3121.0,3453.0,1167.0,1933.0,2.0,5.0,0.0
1611.0,2540.0,1296.0,2244.0,1850.0,3119.0,3461.0,1165.0,1931.0,2.0,5.0,0.0
1608.0,2536.0,1296.0,2247.0,1846.0,3122.0,3463.0,1165.0,1931.0,2.0,5.0,0.0
1600.0,2519.0,1295.0,2243.0,1828.0,3122.0,3450.0,1167.0,1930.0,2.0,5.0,0.0
1596.0,2500.0,1292.0,2238.0,1803.0,3121.0,3431.0,1170.0,1927.0,2.0,5.0,0.0
1604.0,2493.0,1292.0,2240.0,1788.0,3124.0,3417.0,1173.0,1927.0,2.0,5.0,0.0
1611.0,2490.0,1291.0,2238.0,1777.0,3122.0,3403.0,1174.0,1924.0,2.0,5.0,0.0
1615.0,2488.0,1288.0,2232.0,1772.0,3118.0,3389.0,1173.0,1919.0,2.0,5.0,0.0
1626.0,2503.0,1288.0,2233.0,1781.0,3115.0,3390.0,1170.0,1917.0,2.0,5.0,0.0
1638.0,2525.0,1288.0,2235.0,1797.0,3114.0,3403.0,1166.0,1917.0,2.0,5.0,0.0
1640.0,2538.0,1285.0,2229.0,1809.0,3109.0,3413.0,1162.0,1913.0,2.0,5.0,0.0
1641.0,2552.0,1284.0,2229.0,1824.0,3107.0,3427.0,1159.0,1912.0,2.0,5.0,0.0
1641.0,2561.0,1285.0,2233.0,1834.0,3107.0,3441.0,1157.0,1913.0,2.0,5.0,0.0
1629.0,2551.0,1283.0,2230.0,1829.0,3105.0,3444.0,1156.0,1911.0,2.0,5.0,0.0
1615.0,2533.0,1282.0,2228.0,1819.0,3104.0,3439.0,1155.0,1909.0,2.0,5.0,0.0
1606.0,2519.0,1284.0,2232.0,1809.0,3108.0,3438.0,1156.0,1912.0,2.0,5.0,0.0
1594.0,2501.0,1284.0,2232.0,1795.0,3110.0,3431.0,1157.0,1913.0,2.0,5.0,0.0
1582.0,2486.0,1282.0,2228.0,1784.0,3109.0,3423.0,1157.0,1911.0,2.0,5.0,0.0
1583.0,2485.0,1283.0,2231.0,1785.0,3112.0,3423.0,1159.0,1913.0,2.0,5.0,0.0
1588.0,2493.0,1284.0,2234.0,1790.0,3114.0,3428.0,1160.0,1916.0,2.0,5.0,0.0
1594.0,2502.0,1284.0,2230.0,1790.0,3111.0,3431.0,1161.0,1940.0,2.0,5.0,0.0
1608.0,2521.0,1285.0,2233.0,1805.0,3111.0,3440.0,1162.0,1940.0,2.0,5.0,0.0
1627.0,2544.0,1289.0,2239.0,1821.0,3114.0,3450.0,1163.0,1943.0,2.0,5.0,0.0
1639.0,2557.0,1289.0,2238.0,1828.0,3114.0,3450.0,1162.0,1942.0,2.0,5.0,0.0
1647.0,2562.0,1290.0,2238.0,1828.0,3113.0,3446.0,1163.0,1941.0,2.0,5.0,0.0
1655.0,2566.0,1292.0,2242.0,1838.0,3117.0,3442.0,1163.0,1918.0,2.0,5.0,0.0
1656.0,2561.0,1292.0,2242.0,1829.0,3118.0,3433.0,1163.0,1918.0,2.0,5.0,0.0
1648.0,2547.0,1290.0,2238.0,1817.0,3116.0,3423.0,1163.0,1916.0,2.0,5.0,0.0
1646.0,2541.0,1290.0,2239.0,1814.0,3117.0,3419.0,1164.0,1918.0,2.0,5.0,0.0
1646.0,2541.0,1292.0,2242.0,1815.0,3118.0,3421.0,1164.0,1919.0,2.0,5.0,0.0
1639.0,2537.0,1289.0,2237.0,1813.0,3115.0,3424.0,1162.0,1916.0,2.0,5.0,0.0
1550.0,2734.0,1193.0,2259.0,1972.0,2892.0,3536.0,1165.0,1769.0,3.0,5.0,0.0
1545.0,2744.0,1149.0,2256.0,1981.0,2846.0,3551.0,1164.0,1726.0,3.0,5.0,0.0
1549.0,2754.0,1114.0,2260.0,1994.0,2808.0,3573.0,1162.0,1696.0,3.0,5.0,0.0
1560.0,2746.0,1097.0,2259.0,1997.0,2795.0,3589.0,1161.0,1690.0,3.0,5.0,0.0
1571.0,2717.0,1099.0,2252.0,1990.0,2807.0,3592.0,1159.0,1704.0,3.0,5.0,0.0
1591.0,2690.0,1122.0,2251.0,1984.0,2843.0,3590.0,1156.0,1739.0,3.0,5.0,0.0
1609.0,2664.0,1155.0,2251.0,1972.0,2881.0,3580.0,1154.0,1789.0,3.0,5.0,0.0
1614.0,2640.0,1178.0,2245.0,1955.0,2911.0,3564.0,1153.0,1824.0,3.0,5.0,0.0
1609.0,2638.0,1182.0,2243.0,1948.0,2918.0,3553.0,1152.0,1832.0,3.0,5.0,0.0
1600.0,2663.0,1174.0,2247.0,1953.0,2899.0,3553.0,1153.0,1815.0,3.0,5.0,0.0
1577.0,2690.0,1149.0,2246.0,1955.0,2863.0,3550.0,1154.0,1779.0,3.0,5.0,0.0
1554.0,2717.0,1117.0,2244.0,1957.0,2824.0,3548.0,1154.0,1737.0,3.0,5.0,0.0
1541.0,2748.0,1094.0,2249.0,1965.0,2795.0,3548.0,1156.0,1704.0,3.0,5.0,0.0
1533.0,2762.0,1086.0,2250.0,1966.0,2786.0,3548.0,1156.0,1686.0,3.0,5.0,0.0
1533.0,2749.0,1091.0,2246.0,1961.0,2804.0,3543.0,1156.0,1692.0,3.0,5.0,0.0
1547.0,2732.0,1111.0,2250.0,1961.0,2841.0,3544.0,1158.0,1721.0,3.0,5.0,0.0
1571.0,2715.0,1141.0,2257.0,1965.0,2884.0,3555.0,1163.0,1761.0,3.0,5.0,0.0
1585.0,2689.0,1158.0,2255.0,1960.0,2915.0,3558.0,1165.0,1793.0,3.0,5.0,0.0
1598.0,2676.0,1165.0,2257.0,1963.0,2927.0,3564.0,1167.0,1815.0,3.0,5.0,0.0
1606.0,2686.0,1163.0,2264.0,1974.0,2915.0,3579.0,1170.0,1817.0,3.0,5.0,0.0
1601.0,2702.0,1147.0,2266.0,1971.0,2885.0,3590.0,1174.0,1821.0,3.0,5.0,0.0
1585.0,2721.0,1124.0,2264.0,1977.0,2849.0,3593.0,1174.0,1785.0,3.0,5.0,0.0
1578.0,2750.0,1111.0,2272.0,1989.0,2823.0,3601.0,1176.0,1757.0,3.0,5.0,0.0
1569.0,2771.0,1107.0,2276.0,1993.0,2811.0,3601.0,1178.0,1737.0,3.0,5.0,0.0
1559.0,2772.0,1107.0,2273.0,1988.0,2820.0,3590.0,1178.0,1731.0,3.0,5.0,0.0
1559.0,2771.0,1114.0,2273.0,1994.0,2847.0,3578.0,1176.0,1714.0,3.0,5.0,0.0
1565.0,2764.0,1129.0,2275.0,1989.0,2881.0,3569.0,1175.0,1734.0,3.0,5.0,0.0
1566.0,2746.0,1144.0,2270.0,1980.0,2909.0,3560.0,1175.0,1754.0,3.0,5.0,0.0
1570.0,2732.0,1155.0,2269.0,1976.0,2928.0,3557.0,1175.0,1771.0,3.0,5.0,0.0
1579.0,2732.0,1161.0,2273.0,1981.0,2937.0,3561.0,1176.0,1781.0,3.0,5.0,0.0
1580.0,2732.0,1157.0,2273.0,1981.0,2927.0,3565.0,1177.0,1781.0,3.0,5.0,0.0
1577.0,2734.0,1145.0,2270.0,1982.0,2899.0,3572.0,1177.0,1768.0,3.0,5.0,0.0
1577.0,2747.0,1130.0,2273.0,1993.0,2868.0,3585.0,1178.0,1747.0,3.0,5.0,0.0
1576.0,2758.0,1116.0,2275.0,2003.0,2836.0,3599.0,1177.0,1723.0,3.0,5.0,0.0
1571.0,2758.0,1108.0,2270.0,2003.0,2810.0,3605.0,1176.0,1705.0,3.0,5.0,0.0
1573.0,2759.0,1107.0,2271.0,2005.0,2806.0,3609.0,1175.0,1700.0,3.0,5.0,0.0
1577.0,2758.0,1109.0,2274.0,2006.0,2824.0,3608.0,1176.0,1708.0,3.0,5.0,0.0
1575.0,2744.0,1113.0,2267.0,1992.0,2847.0,3594.0,1173.0,1720.0,3.0,5.0,0.0
1575.0,2732.0,1121.0,2263.0,1980.0,2875.0,3577.0,1172.0,1740.0,3.0,5.0,0.0
1580.0,2728.0,1130.0,2266.0,1977.0,2902.0,3569.0,1171.0,1757.0,3.0,5.0,0.0
1577.0,2721.0,1134.0,2262.0,1971.0,2916.0,3560.0,1170.0,1766.0,3.0,5.0,0.0
1572.0,2715.0,1134.0,2257.0,1965.0,2915.0,3551.0,1166.0,1765.0,3.0,5.0,0.0
1575.0,2723.0,1133.0,2261.0,1970.0,2907.0,3555.0,1168.0,1763.0,3.0,5.0,0.0
1574.0,2733.0,1126.0,2262.0,1973.0,2886.0,3563.0,1167.0,1751.0,3.0,5.0,0.0
1567.0,2735.0,1115.0,2258.0,1974.0,2855.0,3568.0,1166.0,1732.0,3.0,5.0,0.0
1566.0,2742.0,1106.0,2260.0,1984.0,2825.0,3580.0,1166.0,1712.0,3.0,5.0,0.0
1569.0,2752.0,1101.0,2264.0,1994.0,2804.0,3595.0,1168.0,1699.0,3.0,5.0,0.0
1567.0,2749.0,1099.0,2262.0,1993.0,2793.0,3598.0,1167.0,1691.0,3.0,5.0,0.0
1553.0,2862.0,979.0,2316.0,2148.0,2796.0,3694.0,1201.0,1465.0,4.0,5.0,0.0
1534.0,2836.0,958.0,2287.0,2121.0,2762.0,3669.0,1179.0,1446.0,4.0,5.0,0.0
1512.0,2803.0,940.0,2258.0,2089.0,2732.0,3641.0,1159.0,1452.0,4.0,5.0,0.0
1508.0,2789.0,935.0,2253.0,2080.0,2728.0,3636.0,1156.0,1481.0,4.0,5.0,0.0
1511.0,2789.0,935.0,2254.0,2082.0,2728.0,3637.0,1155.0,1498.0,4.0,5.0,0.0
1509.0,2786.0,933.0,2252.0,2078.0,2726.0,3636.0,1154.0,1499.0,4.0,5.0,0.0
1505.0,2783.0,931.0,2249.0,2074.0,2724.0,3634.0,1152.0,1481.0,4.0,5.0,0.0
1505.0,2792.0,930.0,2253.0,2080.0,2724.0,3636.0,1153.0,1449.0,4.0,5.0,0.0
1506.0,2802.0,932.0,2256.0,2077.0,2725.0,3636.0,1154.0,1447.0,4.0,5.0,0.0
1503.0,2801.0,931.0,2253.0,2077.0,2723.0,3629.0,1153.0,1430.0,4.0,5.0,0.0
1505.0,2805.0,932.0,2256.0,2082.0,2726.0,3623.0,1155.0,1428.0,4.0,5.0,0.0
1508.0,2812.0,933.0,2259.0,2088.0,2728.0,3619.0,1157.0,1445.0,4.0,5.0,0.0
1506.0,2807.0,933.0,2256.0,2082.0,2728.0,3609.0,1157.0,1475.0,4.0,5.0,0.0
1505.0,2804.0,933.0,2254.0,2085.0,2727.0,3601.0,1156.0,1476.0,4.0,5.0,0.0
1507.0,2808.0,933.0,2258.0,2087.0,2728.0,3605.0,1157.0,1492.0,4.0,5.0,0.0
1505.0,2807.0,932.0,2256.0,2083.0,2726.0,3608.0,1156.0,1495.0,4.0,5.0,0.0
1502.0,2801.0,931.0,2253.0,2079.0,2724.0,3610.0,1155.0,1483.0,4.0,5.0,0.0
1504.0,2805.0,931.0,2256.0,2085.0,2724.0,3620.0,1154.0,1454.0,4.0,5.0,0.0
1504.0,2808.0,931.0,2257.0,2087.0,2724.0,3629.0,1153.0,1421.0,4.0,5.0,0.0
1500.0,2802.0,929.0,2253.0,2083.0,2722.0,3629.0,1150.0,1403.0,4.0,5.0,0.0
1501.0,2801.0,929.0,2253.0,2084.0,2723.0,3633.0,1150.0,1398.0,4.0,5.0,0.0
1504.0,2803.0,930.0,2255.0,2087.0,2725.0,3637.0,1150.0,1409.0,4.0,5.0,0.0
1502.0,2797.0,930.0,2251.0,2081.0,2724.0,3635.0,1149.0,1436.0,4.0,5.0,0.0
1502.0,2792.0,930.0,2250.0,2079.0,2724.0,3633.0,1149.0,1467.0,4.0,5.0,0.0
1506.0,2796.0,931.0,2253.0,2084.0,2726.0,3636.0,1151.0,1484.0,4.0,5.0,0.0
1504.0,2794.0,930.0,2250.0,2081.0,2724.0,3630.0,1150.0,1487.0,4.0,5.0,0.0
1499.0,2790.0,928.0,2246.0,2076.0,2720.0,3623.0,1148.0,1479.0,4.0,5.0,0.0
1499.0,2795.0,927.0,2247.0,2080.0,2719.0,3622.0,1149.0,1456.0,4.0,5.0,0.0
1498.0,2800.0,926.0,2247.0,2084.0,2718.0,3621.0,1148.0,1427.0,4.0,5.0,0.0
1493.0,2797.0,923.0,2242.0,2079.0,2714.0,3613.0,1146.0,1405.0,4.0,5.0,0.0
1494.0,2799.0,925.0,2244.0,2082.0,2715.0,3613.0,1146.0,1398.0,4.0,5.0,0.0
1475.0,2848.0,948.0,2220.0,2199.0,2745.0,3675.0,1165.0,1208.0,5.0,5.0,0.0
1445.0,2843.0,941.0,2188.0,2201.0,2739.0,3671.0,1160.0,1200.0,5.0,5.0,0.0
1419.0,2835.0,936.0,2163.0,2202.0,2733.0,3665.0,1157.0,1194.0,5.0,5.0,0.0
1409.0,2839.0,934.0,2158.0,2208.0,2733.0,3666.0,1155.0,1190.0,5.0,5.0,0.0
1413.0,2838.0,931.0,2169.0,2207.0,2730.0,3666.0,1153.0,1186.0,5.0,5.0,0.0
1425.0,2829.0,926.0,2184.0,2194.0,2727.0,3660.0,1150.0,1180.0,5.0,5.0,0.0
1446.0,2831.0,926.0,2210.0,2189.0,2727.0,3661.0,1150.0,1179.0,5.0,5.0,0.0
1468.0,2835.0,927.0,2233.0,2186.0,2729.0,3664.0,1150.0,1178.0,5.0,5.0,0.0
1475.0,2830.0,925.0,2238.0,2176.0,2726.0,3663.0,1148.0,1175.0,5.0,5.0,0.0
1473.0,2827.0,923.0,2233.0,2174.0,2725.0,3658.0,1146.0,1174.0,5.0,5.0,0.0
1464.0,2832.0,925.0,2221.0,2183.0,2726.0,3664.0,1147.0,1174.0,5.0,5.0,0.0
1444.0,2830.0,924.0,2195.0,2187.0,2725.0,3664.0,1145.0,1172.0,5.0,5.0,0.0
1420.0,2825.0,921.0,2168.0,2189.0,2723.0,3660.0,1144.0,1171.0,5.0,5.0,0.0
1404.0,2829.0,922.0,2152.0,2198.0,2724.0,3662.0,1147.0,1173.0,5.0,5.0,0.0
1399.0,2834.0,922.0,2148.0,2202.0,2726.0,3667.0,1147.0,1173.0,5.0,5.0,0.0
1402.0,2828.0,921.0,2153.0,2195.0,2723.0,3663.0,1146.0,1171.0,5.0,5.0,0.0
1419.0,2829.0,921.0,2173.0,2191.0,2724.0,3664.0,1146.0,1171.0,5.0,5.0,0.0
1443.0,2834.0,923.0,2199.0,2181.0,2727.0,3669.0,1149.0,1202.0,5.0,5.0,0.0
1461.0,2831.0,923.0,2217.0,2171.0,2727.0,3669.0,1148.0,1202.0,5.0,5.0,0.0
1473.0,2828.0,923.0,2226.0,2164.0,2727.0,3669.0,1149.0,1203.0,5.0,5.0,0.0
1482.0,2833.0,924.0,2230.0,2165.0,2730.0,3674.0,1151.0,1205.0,5.0,5.0,0.0
1479.0,2834.0,925.0,2219.0,2164.0,2731.0,3677.0,1152.0,1206.0,5.0,5.0,0.0
1465.0,2831.0,925.0,2197.0,2169.0,2730.0,3675.0,1151.0,1176.0,5.0,5.0,0.0
1449.0,2834.0,926.0,2177.0,2174.0,2732.0,3676.0,1152.0,1177.0,5.0,5.0,0.0
1432.0,2837.0,927.0,2158.0,2179.0,2734.0,3677.0,1153.0,1178.0,5.0,5.0,0.0
1416.0,2834.0,928.0,2144.0,2179.0,2734.0,3674.0,1153.0,1178.0,5.0,5.0,0.0
1411.0,2835.0,929.0,2145.0,2185.0,2734.0,3674.0,1154.0,1178.0,5.0,5.0,0.0
1417.0,2840.0,929.0,2160.0,2193.0,2735.0,3677.0,1155.0,1179.0,5.0,5.0,0.0
1427.0,2837.0,927.0,2174.0,2190.0,2732.0,3673.0,1155.0,1178.0,5.0,5.0,0.0
1442.0,2834.0,928.0,2192.0,2189.0,2731.0,3673.0,1153.0,1177.0,5.0,5.0,0.0
1456.0,2838.0,927.0,2209.0,2193.0,2731.0,3674.0,1153.0,1177.0,5.0,5.0,0.0
1463.0,2837.0,925.0,2214.0,2191.0,2730.0,3672.0,1152.0,1176.0,5.0,5.0,0.0
1461.0,2832.0,924.0,2208.0,2185.0,2728.0,3668.0,1151.0,1175.0,5.0,5.0,0.0
1222.0,2835.0,962.0,2038.0,2252.0,2752.0,3632.0,1177.0,1225.0,6.0,5.0,0.0
1210.0,2822.0,950.0,2019.0,2256.0,2742.0,3608.0,1167.0,1208.0,6.0,5.0,0.0
1201.0,2805.0,943.0,1995.0,2263.0,2735.0,3582.0,1162.0,1198.0,6.0,5.0,0.0
1195.0,2792.0,940.0,1974.0,2280.0,2733.0,3559.0,1160.0,1193.0,6.0,5.0,0.0
1189.0,2772.0,936.0,1950.0,2286.0,2727.0,3537.0,1156.0,1188.0,6.0,5.0,0.0
1183.0,2748.0,933.0,1935.0,2284.0,2721.0,3519.0,1152.0,1181.0,6.0,5.0,0.0
1180.0,2733.0,930.0,1931.0,2286.0,2719.0,3512.0,1151.0,1178.0,6.0,5.0,0.0
1179.0,2729.0,928.0,1931.0,2288.0,2718.0,3509.0,1150.0,1176.0,6.0,5.0,0.0
1176.0,2727.0,924.0,1930.0,2280.0,2713.0,3507.0,1147.0,1171.0,6.0,5.0,0.0
1175.0,2736.0,923.0,1934.0,2276.0,2713.0,3511.0,1145.0,1169.0,6.0,5.0,0.0
1177.0,2755.0,924.0,1940.0,2275.0,2715.0,3523.0,1145.0,1168.0,6.0,5.0,0.0
1178.0,2770.0,923.0,1942.0,2263.0,2713.0,3534.0,1143.0,1166.0,6.0,5.0,0.0
1178.0,2779.0,922.0,1946.0,2246.0,2711.0,3550.0,1141.0,1164.0,6.0,5.0,0.0
1183.0,2791.0,922.0,1957.0,2237.0,2713.0,3569.0,1143.0,1165.0,6.0,5.0,0.0
1185.0,2798.0,922.0,1976.0,2227.0,2713.0,3585.0,1145.0,1165.0,6.0,5.0,0.0
1185.0,2795.0,920.0,1980.0,2215.0,2710.0,3590.0,1143.0,1164.0,6.0,5.0,0.0
1186.0,2796.0,920.0,1982.0,2216.0,2710.0,3591.0,1144.0,1164.0,6.0,5.0,0.0
1186.0,2800.0,921.0,1981.0,2226.0,2712.0,3588.0,1145.0,1165.0,6.0,5.0,0.0
1181.0,2795.0,921.0,1971.0,2232.0,2709.0,3571.0,1143.0,1164.0,6.0,5.0,0.0
1178.0,2786.0,921.0,1951.0,2241.0,2708.0,3553.0,1140.0,1162.0,6.0,5.0,0.0
1179.0,2781.0,923.0,1945.0,2249.0,2712.0,3542.0,1144.0,1193.0,6.0,5.0,0.0
1177.0,2769.0,922.0,1939.0,2259.0,2712.0,3529.0,1144.0,1193.0,6.0,5.0,0.0
1175.0,2751.0,922.0,1933.0,2263.0,2711.0,3515.0,1144.0,1193.0,6.0,5.0,0.0
1178.0,2743.0,924.0,1932.0,2274.0,2716.0,3512.0,1146.0,1195.0,6.0,5.0,0.0
1179.0,2739.0,925.0,1929.0,2281.0,2718.0,3512.0,1148.0,1197.0,6.0,5.0,0.0
1178.0,2734.0,925.0,1925.0,2286.0,2716.0,3508.0,1146.0,1167.0,6.0,5.0,0.0
1179.0,2739.0,927.0,1927.0,2286.0,2718.0,3513.0,1146.0,1168.0,6.0,5.0,0.0
1182.0,2755.0,928.0,1935.0,2289.0,2722.0,3525.0,1149.0,1170.0,6.0,5.0,0.0
1183.0,2767.0,927.0,1943.0,2281.0,2722.0,3536.0,1150.0,1171.0,6.0,5.0,0.0
1185.0,2779.0,927.0,1954.0,2273.0,2724.0,3550.0,1152.0,1172.0,6.0,5.0,0.0
1194.0,2803.0,933.0,1984.0,2277.0,2737.0,3579.0,1159.0,1179.0,6.0,5.0,0.0
1243.0,2580.0,998.0,1847.0,2310.0,2818.0,3591.0,1221.0,1265.0,7.0,5.0,0.0
1228.0,2559.0,983.0,1832.0,2290.0,2799.0,3574.0,1205.0,1245.0,7.0,5.0,0.0
1209.0,2547.0,963.0,1809.0,2274.0,2770.0,3548.0,1186.0,1220.0,7.0,5.0,0.0
1209.0,2569.0,960.0,1809.0,2294.0,2769.0,3549.0,1185.0,1217.0,7.0,5.0,0.0
1210.0,2598.0,961.0,1815.0,2318.0,2774.0,3558.0,1188.0,1217.0,7.0,5.0,0.0
1209.0,2615.0,960.0,1814.0,2328.0,2774.0,3558.0,1187.0,1216.0,7.0,5.0,0.0
1209.0,2620.0,961.0,1815.0,2333.0,2777.0,3561.0,1188.0,1215.0,7.0,5.0,0.0
1211.0,2610.0,962.0,1818.0,2334.0,2780.0,3563.0,1189.0,1215.0,7.0,5.0,0.0
1208.0,2584.0,960.0,1815.0,2319.0,2777.0,3560.0,1187.0,1213.0,7.0,5.0,0.0
1205.0,2554.0,957.0,1811.0,2303.0,2774.0,3553.0,1184.0,1210.0,7.0,5.0,0.0
1207.0,2540.0,958.0,1815.0,2301.0,2778.0,3557.0,1186.0,1211.0,7.0,5.0,0.0
1208.0,2537.0,959.0,1817.0,2299.0,2781.0,3557.0,1188.0,1213.0,7.0,5.0,0.0
1209.0,2545.0,960.0,1817.0,2300.0,2782.0,3558.0,1189.0,1214.0,7.0,5.0,0.0
1214.0,2569.0,963.0,1822.0,2315.0,2787.0,3564.0,1192.0,1217.0,7.0,5.0,0.0
1216.0,2590.0,963.0,1823.0,2324.0,2788.0,3567.0,1194.0,1217.0,7.0,5.0,0.0
1215.0,2599.0,963.0,1821.0,2324.0,2785.0,3565.0,1192.0,1215.0,7.0,5.0,0.0
1215.0,2601.0,963.0,1820.0,2326.0,2785.0,3564.0,1191.0,1215.0,7.0,5.0,0.0
1213.0,2591.0,962.0,1818.0,2319.0,2783.0,3561.0,1189.0,1213.0,7.0,5.0,0.0
1210.0,2569.0,958.0,1814.0,2301.0,2779.0,3557.0,1185.0,1209.0,7.0,5.0,0.0
1208.0,2548.0,957.0,1812.0,2287.0,2777.0,3553.0,1184.0,1208.0,7.0,5.0,0.0
1209.0,2536.0,956.0,1812.0,2280.0,2778.0,3553.0,1184.0,1206.0,7.0,5.0,0.0
1207.0,2527.0,954.0,1809.0,2273.0,2774.0,3550.0,1182.0,1203.0,7.0,5.0,0.0
1206.0,2531.0,953.0,1807.0,2275.0,2773.0,3548.0,1181.0,1202.0,7.0,5.0,0.0
1207.0,2547.0,953.0,1808.0,2290.0,2774.0,3549.0,1181.0,1203.0,7.0,5.0,0.0
1209.0,2569.0,954.0,1810.0,2307.0,2777.0,3552.0,1182.0,1204.0,7.0,5.0,0.0
1205.0,2581.0,951.0,1806.0,2311.0,2772.0,3548.0,1179.0,1202.0,7.0,5.0,0.0
1204.0,2589.0,950.0,1805.0,2317.0,2771.0,3547.0,1179.0,1200.0,7.0,5.0,0.0
1204.0,2591.0,949.0,1803.0,2318.0,2770.0,3547.0,1178.0,1199.0,7.0,5.0,0.0
1199.0,2574.0,947.0,1798.0,2303.0,2763.0,3540.0,1175.0,1195.0,7.0,5.0,0.0
1194.0,2549.0,943.0,1790.0,2282.0,2754.0,3533.0,1170.0,1189.0,7.0,5.0,0.0
1191.0,2529.0,940.0,1787.0,2266.0,2751.0,3529.0,1168.0,1186.0,7.0,5.0,0.0
1261.0,2325.0,1025.0,1877.0,2326.0,2857.0,3611.0,1246.0,1298.0,8.0,5.0,0.0
1252.0,2348.0,1011.0,1873.0,2336.0,2850.0,3615.0,1237.0,1278.0,8.0,5.0,0.0
1248.0,2329.0,1005.0,1870.0,2324.0,2846.0,3609.0,1234.0,1270.0,8.0,5.0,0.0
1248.0,2304.0,1002.0,1868.0,2307.0,2844.0,3601.0,1232.0,1264.0,8.0,5.0,0.0
1241.0,2267.0,994.0,1858.0,2274.0,2833.0,3580.0,1225.0,1254.0,8.0,5.0,0.0
1231.0,2231.0,984.0,1845.0,2239.0,2817.0,3558.0,1213.0,1242.0,8.0,5.0,0.0
1224.0,2210.0,976.0,1835.0,2215.0,2805.0,3545.0,1204.0,1231.0,8.0,5.0,0.0
1217.0,2204.0,969.0,1826.0,2195.0,2794.0,3540.0,1197.0,1222.0,8.0,5.0,0.0
1209.0,2209.0,962.0,1816.0,2179.0,2781.0,3534.0,1189.0,1214.0,8.0,5.0,0.0
1205.0,2223.0,958.0,1812.0,2173.0,2775.0,3539.0,1184.0,1209.0,8.0,5.0,0.0
1204.0,2243.0,957.0,1812.0,2174.0,2776.0,3549.0,1184.0,1207.0,8.0,5.0,0.0
1201.0,2252.0,954.0,1808.0,2169.0,2772.0,3546.0,1181.0,1203.0,8.0,5.0,0.0
1201.0,2253.0,954.0,1807.0,2168.0,2770.0,3542.0,1180.0,1200.0,8.0,5.0,0.0
1204.0,2245.0,955.0,1812.0,2174.0,2777.0,3547.0,1183.0,1202.0,8.0,5.0,0.0
1205.0,2227.0,956.0,1813.0,2175.0,2779.0,3543.0,1185.0,1203.0,8.0,5.0,0.0
1206.0,2209.0,957.0,1815.0,2177.0,2783.0,3533.0,1187.0,1206.0,8.0,5.0,0.0
1216.0,2206.0,966.0,1830.0,2194.0,2800.0,3544.0,1199.0,1217.0,8.0,5.0,0.0
1223.0,2210.0,973.0,1840.0,2208.0,2813.0,3554.0,1209.0,1226.0,8.0,5.0,0.0
1230.0,2224.0,982.0,1850.0,2224.0,2826.0,3567.0,1217.0,1235.0,8.0,5.0,0.0
1237.0,2243.0,989.0,1860.0,2242.0,2838.0,3584.0,1225.0,1244.0,8.0,5.0,0.0
1237.0,2259.0,989.0,1859.0,2248.0,2836.0,3592.0,1223.0,1242.0,8.0,5.0,0.0
1237.0,2276.0,989.0,1859.0,2249.0,2836.0,3599.0,1224.0,1243.0,8.0,5.0,0.0
1238.0,2291.0,990.0,1861.0,2250.0,2839.0,3604.0,1225.0,1246.0,8.0,5.0,0.0
1238.0,2294.0,988.0,1859.0,2244.0,2836.0,3602.0,1223.0,1243.0,8.0,5.0,0.0
1237.0,2287.0,987.0,1857.0,2236.0,2836.0,3603.0,1222.0,1242.0,8.0,5.0,0.0
1254.0,2297.0,1005.0,1883.0,2253.0,2868.0,3635.0,1243.0,1263.0,8.0,5.0,0.0
1746.0,2594.0,1630.0,2455.0,1810.0,3443.0,3448.0,1573.0,1909.0,1.0,6.0,0.0
1742.0,2591.0,1626.0,2450.0,1807.0,3439.0,3445.0,1571.0,1905.0,1.0,6.0,0.0
1748.0,2599.0,1632.0,2459.0,1813.0,3447.0,3454.0,1575.0,1910.0,1.0,6.0,0.0
1749.0,2601.0,1632.0,2459.0,1814.0,3449.0,3457.0,1578.0,1911.0,1.0,6.0,0.0
1745.0,2596.0,1630.0,2454.0,1810.0,3444.0,3452.0,1576.0,1908.0,1.0,6.0,0.0
1755.0,2606.0,1637.0,2465.0,1819.0,3455.0,3463.0,1582.0,1916.0,1.0,6.0,0.0
1758.0,2607.0,1639.0,2468.0,1822.0,3457.0,3466.0,1583.0,1918.0,1.0,6.0,0.0
1752.0,2599.0,1636.0,2460.0,1817.0,3453.0,3459.0,1582.0,1915.0,1.0,6.0,0.0
1749.0,2596.0,1633.0,2457.0,1815.0,3450.0,3454.0,1581.0,1914.0,1.0,6.0,0.0
1751.0,2599.0,1633.0,2460.0,1816.0,3453.0,3460.0,1582.0,1914.0,1.0,6.0,0.0
1736.0,2582.0,1621.0,2442.0,1802.0,3435.0,3441.0,1570.0,1899.0,1.0,6.0,0.0
1724.0,2568.0,1608.0,2427.0,1790.0,3420.0,3426.0,1561.0,1889.0,1.0,6.0,0.0
1715.0,2558.0,1595.0,2416.0,1779.0,3404.0,3410.0,1548.0,1876.0,1.0,6.0,0.0
1703.0,2545.0,1583.0,2401.0,1768.0,3388.0,3394.0,1536.0,1863.0,1.0,6.0,0.0
1688.0,2528.0,1570.0,2382.0,1753.0,3368.0,3372.0,1524.0,1849.0,1.0,6.0,0.0
1686.0,2526.0,1565.0,2381.0,1751.0,3363.0,3366.0,1518.0,1844.0,1.0,6.0,0.0
1686.0,2527.0,1564.0,2382.0,1750.0,3362.0,3365.0,1514.0,1841.0,1.0,6.0,0.0
1690.0,2532.0,1570.0,2388.0,1756.0,3372.0,3375.0,1520.0,1846.0,1.0,6.0,0.0
1700.0,2542.0,1579.0,2401.0,1765.0,3383.0,3389.0,1529.0,1857.0,1.0,6.0,0.0
1709.0,2549.0,1584.0,2410.0,1771.0,3390.0,3397.0,1533.0,1862.0,1.0,6.0,0.0
1707.0,2547.0,1584.0,2408.0,1770.0,3390.0,3397.0,1534.0,1862.0,1.0,6.0,0.0
1703.0,2541.0,1579.0,2401.0,1765.0,3384.0,3391.0,1532.0,1858.0,1.0,6.0,0.0
1704.0,2541.0,1577.0,2402.0,1763.0,3380.0,3390.0,1528.0,1856.0,1.0,6.0,0.0
1700.0,2538.0,1575.0,2397.0,1760.0,3377.0,3386.0,1525.0,1852.0,1.0,6.0,0.0
1697.0,2536.0,1575.0,2393.0,1760.0,3378.0,3386.0,1528.0,1852.0,1.0,6.0,0.0
1703.0,2544.0,1579.0,2400.0,1766.0,3384.0,3393.0,1532.0,1858.0,1.0,6.0,0.0
1710.0,2553.0,1588.0,2409.0,1774.0,3394.0,3403.0,1541.0,1866.0,1.0,6.0,0.0
1703.0,2546.0,1585.0,2402.0,1770.0,3389.0,3398.0,1540.0,1863.0,1.0,6.0,0.0
1703.0,2545.0,1583.0,2403.0,1770.0,3388.0,3399.0,1539.0,1862.0,1.0,6.0,0.0
1706.0,2548.0,1584.0,2408.0,1771.0,3390.0,3403.0,1537.0,1863.0,1.0,6.0,0.0
1701.0,2540.0,1579.0,2401.0,1765.0,3383.0,3395.0,1531.0,1856.0,1.0,6.0,0.0
1697.0,2535.0,1574.0,2396.0,1762.0,3377.0,3389.0,1526.0,1851.0,1.0,6.0,0.0
1695.0,2533.0,1569.0,2393.0,1758.0,3371.0,3379.0,1518.0,1847.0,1.0,6.0,0.0
1692.0,2529.0,1566.0,2389.0,1754.0,3366.0,3372.0,1514.0,1842.0,1.0,6.0,0.0
1694.0,2532.0,1570.0,2391.0,1758.0,3373.0,3377.0,1521.0,1847.0,1.0,6.0,0.0
1703.0,2543.0,1578.0,2402.0,1768.0,3383.0,3388.0,1530.0,1857.0,1.0,6.0,0.0
1704.0,2544.0,1578.0,2401.0,1767.0,3383.0,3388.0,1530.0,1858.0,1.0,6.0,0.0
1712.0,2555.0,1591.0,2412.0,1778.0,3398.0,3406.0,1545.0,1870.0,1.0,6.0,0.0
1719.0,2563.0,1598.0,2419.0,1785.0,3408.0,3416.0,1552.0,1878.0,1.0,6.0,0.0
1720.0,2564.0,1598.0,2420.0,1784.0,3405.0,3415.0,1550.0,1878.0,1.0,6.0,0.0
1725.0,2571.0,1606.0,2427.0,1789.0,3416.0,3426.0,1557.0,1885.0,1.0,6.0,0.0
1731.0,2578.0,1613.0,2437.0,1784.0,3446.0,3438.0,1566.0,1893.0,1.0,6.0,0.0
1726.0,2571.0,1605.0,2430.0,1776.0,3435.0,3427.0,1555.0,1884.0,1.0,6.0,0.0
1726.0,2571.0,1605.0,2431.0,1776.0,3436.0,3427.0,1556.0,1885.0,1.0,6.0,0.0
1710.0,2551.0,1589.0,2410.0,1760.0,3416.0,3404.0,1541.0,1869.0,1.0,6.0,0.0
1779.0,2760.0,1522.0,2594.0,2002.0,3285.0,3646.0,1309.0,1923.0,2.0,6.0,0.0
1772.0,2747.0,1527.0,2584.0,1993.0,3281.0,3621.0,1310.0,1914.0,2.0,6.0,0.0
1767.0,2739.0,1530.0,2578.0,1987.0,3275.0,3593.0,1307.0,1904.0,2.0,6.0,0.0
1754.0,2724.0,1521.0,2564.0,1972.0,3257.0,3559.0,1298.0,1888.0,2.0,6.0,0.0
1725.0,2690.0,1488.0,2532.0,1940.0,3214.0,3512.0,1271.0,1855.0,2.0,6.0,0.0
1722.0,2691.0,1472.0,2534.0,1938.0,3203.0,3507.0,1261.0,1846.0,2.0,6.0,0.0
1712.0,2700.0,1441.0,2536.0,1929.0,3214.0,3530.0,1243.0,1825.0,2.0,6.0,0.0
1715.0,2702.0,1443.0,2539.0,1928.0,3215.0,3522.0,1244.0,1827.0,2.0,6.0,0.0
1715.0,2701.0,1442.0,2538.0,1926.0,3215.0,3518.0,1243.0,1828.0,2.0,6.0,0.0
1669.0,2666.0,1150.0,2488.0,2146.0,2847.0,3557.0,1195.0,1752.0,3.0,6.0,0.0
1656.0,2654.0,1132.0,2474.0,2130.0,2829.0,3539.0,1179.0,1730.0,3.0,6.0,0.0
1640.0,2638.0,1120.0,2454.0,2103.0,2832.0,3515.0,1165.0,1714.0,3.0,6.0,0.0
1627.0,2623.0,1118.0,2441.0,2077.0,2854.0,3497.0,1157.0,1708.0,3.0,6.0,0.0
1628.0,2625.0,1127.0,2444.0,2065.0,2891.0,3492.0,1155.0,1716.0,3.0,6.0,0.0
1627.0,2626.0,1135.0,2443.0,2051.0,2918.0,3489.0,1155.0,1720.0,3.0,6.0,0.0
1621.0,2618.0,1137.0,2435.0,2027.0,2943.0,3483.0,1153.0,1718.0,3.0,6.0,0.0
1621.0,2615.0,1136.0,2434.0,2031.0,2935.0,3481.0,1151.0,1715.0,3.0,6.0,0.0
1621.0,2617.0,1131.0,2435.0,2042.0,2912.0,3481.0,1148.0,1710.0,3.0,6.0,0.0
1616.0,2610.0,1117.0,2428.0,2049.0,2873.0,3478.0,1146.0,1700.0,3.0,6.0,0.0
1614.0,2607.0,1102.0,2426.0,2060.0,2832.0,3479.0,1144.0,1689.0,3.0,6.0,0.0
1618.0,2613.0,1093.0,2430.0,2086.0,2784.0,3485.0,1143.0,1683.0,3.0,6.0,0.0
1615.0,2610.0,1088.0,2428.0,2085.0,2767.0,3486.0,1143.0,1678.0,3.0,6.0,0.0
1613.0,2606.0,1086.0,2423.0,2081.0,2772.0,3482.0,1142.0,1677.0,3.0,6.0,0.0
1616.0,2610.0,1091.0,2427.0,2081.0,2799.0,3483.0,1144.0,1682.0,3.0,6.0,0.0
1616.0,2609.0,1100.0,2427.0,2072.0,2831.0,3479.0,1144.0,1688.0,3.0,6.0,0.0
1612.0,2603.0,1107.0,2421.0,2056.0,2861.0,3473.0,1144.0,1693.0,3.0,6.0,0.0
1613.0,2604.0,1114.0,2423.0,2050.0,2886.0,3473.0,1145.0,1698.0,3.0,6.0,0.0
1616.0,2608.0,1117.0,2426.0,2046.0,2899.0,3477.0,1146.0,1701.0,3.0,6.0,0.0
1612.0,2603.0,1115.0,2422.0,2041.0,2895.0,3472.0,1145.0,1700.0,3.0,6.0,0.0
1612.0,2603.0,1110.0,2420.0,2047.0,2879.0,3473.0,1145.0,1698.0,3.0,6.0,0.0
1616.0,2610.0,1105.0,2427.0,2063.0,2855.0,3479.0,1146.0,1696.0,3.0,6.0,0.0
1614.0,2609.0,1097.0,2424.0,2071.0,2823.0,3479.0,1146.0,1689.0,3.0,6.0,0.0
1614.0,2607.0,1093.0,2424.0,2081.0,2793.0,3482.0,1147.0,1684.0,3.0,6.0,0.0
1619.0,2614.0,1092.0,2431.0,2093.0,2777.0,3487.0,1149.0,1683.0,3.0,6.0,0.0
1621.0,2617.0,1094.0,2434.0,2095.0,2776.0,3489.0,1150.0,1682.0,3.0,6.0,0.0
1618.0,2612.0,1097.0,2430.0,2087.0,2785.0,3485.0,1152.0,1680.0,3.0,6.0,0.0
1622.0,2615.0,1106.0,2433.0,2085.0,2807.0,3486.0,1153.0,1684.0,3.0,6.0,0.0
1624.0,2617.0,1114.0,2435.0,2081.0,2828.0,3483.0,1153.0,1688.0,3.0,6.0,0.0
1620.0,2611.0,1119.0,2429.0,2070.0,2840.0,3480.0,1151.0,1687.0,3.0,6.0,0.0
1620.0,2609.0,1122.0,2428.0,2067.0,2845.0,3478.0,1150.0,1687.0,3.0,6.0,0.0
1624.0,2614.0,1121.0,2433.0,2073.0,2843.0,3481.0,1151.0,1689.0,3.0,6.0,0.0
1621.0,2613.0,1116.0,2431.0,2076.0,2828.0,3481.0,1150.0,1688.0,3.0,6.0,0.0
1560.0,2675.0,978.0,2455.0,2163.0,2765.0,3619.0,1189.0,1467.0,4.0,6.0,0.0
1565.0,2655.0,961.0,2437.0,2142.0,2750.0,3599.0,1174.0,1459.0,4.0,6.0,0.0
1587.0,2649.0,956.0,2439.0,2137.0,2747.0,3591.0,1171.0,1478.0,4.0,6.0,0.0
1611.0,2651.0,953.0,2447.0,2138.0,2747.0,3590.0,1169.0,1497.0,4.0,6.0,0.0
1611.0,2640.0,946.0,2441.0,2128.0,2736.0,3577.0,1162.0,1502.0,4.0,6.0,0.0
1593.0,2630.0,941.0,2436.0,2118.0,2728.0,3572.0,1157.0,1494.0,4.0,6.0,0.0
1572.0,2634.0,939.0,2440.0,2123.0,2728.0,3576.0,1155.0,1477.0,4.0,6.0,0.0
1543.0,2634.0,937.0,2440.0,2122.0,2725.0,3580.0,1155.0,1449.0,4.0,6.0,0.0
1511.0,2628.0,934.0,2435.0,2116.0,2720.0,3578.0,1153.0,1423.0,4.0,6.0,0.0
1492.0,2630.0,933.0,2439.0,2119.0,2721.0,3580.0,1152.0,1413.0,4.0,6.0,0.0
1486.0,2633.0,932.0,2442.0,2121.0,2720.0,3580.0,1152.0,1413.0,4.0,6.0,0.0
1485.0,2626.0,930.0,2438.0,2101.0,2733.0,3575.0,1150.0,1423.0,4.0,6.0,0.0
1496.0,2622.0,927.0,2437.0,2098.0,2731.0,3571.0,1148.0,1444.0,4.0,6.0,0.0
1517.0,2625.0,927.0,2440.0,2099.0,2732.0,3572.0,1147.0,1465.0,4.0,6.0,0.0
1532.0,2620.0,925.0,2434.0,2093.0,2729.0,3567.0,1144.0,1471.0,4.0,6.0,0.0
1543.0,2614.0,923.0,2427.0,2087.0,2726.0,3562.0,1142.0,1471.0,4.0,6.0,0.0
1552.0,2618.0,923.0,2428.0,2104.0,2710.0,3563.0,1142.0,1468.0,4.0,6.0,0.0
1544.0,2618.0,923.0,2422.0,2103.0,2708.0,3559.0,1140.0,1453.0,4.0,6.0,0.0
1525.0,2613.0,922.0,2408.0,2099.0,2705.0,3555.0,1138.0,1429.0,4.0,6.0,0.0
1509.0,2616.0,922.0,2401.0,2102.0,2705.0,3558.0,1138.0,1406.0,4.0,6.0,0.0
1498.0,2620.0,922.0,2400.0,2104.0,2707.0,3561.0,1137.0,1388.0,4.0,6.0,0.0
1488.0,2615.0,922.0,2395.0,2099.0,2703.0,3558.0,1135.0,1380.0,4.0,6.0,0.0
1491.0,2614.0,922.0,2398.0,2099.0,2703.0,3558.0,1136.0,1388.0,4.0,6.0,0.0
1504.0,2618.0,922.0,2411.0,2104.0,2706.0,3560.0,1137.0,1409.0,4.0,6.0,0.0
1514.0,2615.0,922.0,2418.0,2100.0,2705.0,3559.0,1138.0,1431.0,4.0,6.0,0.0
1522.0,2612.0,922.0,2420.0,2098.0,2704.0,3556.0,1139.0,1449.0,4.0,6.0,0.0
1532.0,2617.0,924.0,2427.0,2103.0,2708.0,3560.0,1140.0,1461.0,4.0,6.0,0.0
1531.0,2617.0,923.0,2428.0,2103.0,2708.0,3561.0,1142.0,1467.0,4.0,6.0,0.0
1524.0,2615.0,925.0,2426.0,2101.0,2708.0,3560.0,1142.0,1467.0,4.0,6.0,0.0
1517.0,2619.0,927.0,2430.0,2107.0,2712.0,3562.0,1144.0,1465.0,4.0,6.0,0.0
1507.0,2624.0,928.0,2433.0,2112.0,2714.0,3566.0,1146.0,1453.0,4.0,6.0,0.0
1445.0,2687.0,972.0,2335.0,2222.0,2782.0,3637.0,1193.0,1232.0,5.0,6.0,0.0
1413.0,2675.0,963.0,2313.0,2215.0,2770.0,3627.0,1182.0,1218.0,5.0,6.0,0.0
1394.0,2672.0,959.0,2309.0,2218.0,2768.0,3626.0,1179.0,1212.0,5.0,6.0,0.0
1391.0,2675.0,959.0,2311.0,2225.0,2769.0,3628.0,1178.0,1209.0,5.0,6.0,0.0
1395.0,2671.0,957.0,2310.0,2219.0,2766.0,3625.0,1176.0,1207.0,5.0,6.0,0.0
1408.0,2665.0,953.0,2307.0,2209.0,2760.0,3620.0,1173.0,1203.0,5.0,6.0,0.0
1423.0,2666.0,952.0,2309.0,2206.0,2758.0,3617.0,1172.0,1202.0,5.0,6.0,0.0
1427.0,2660.0,948.0,2301.0,2194.0,2748.0,3608.0,1168.0,1197.0,5.0,6.0,0.0
1423.0,2650.0,943.0,2292.0,2180.0,2738.0,3598.0,1163.0,1190.0,5.0,6.0,0.0
1413.0,2646.0,939.0,2286.0,2175.0,2731.0,3592.0,1159.0,1185.0,5.0,6.0,0.0
1407.0,2663.0,949.0,2299.0,2191.0,2751.0,3612.0,1171.0,1195.0,5.0,6.0,0.0
1404.0,2683.0,966.0,2318.0,2211.0,2779.0,3641.0,1191.0,1214.0,5.0,6.0,0.0
1416.0,2711.0,985.0,2347.0,2238.0,2814.0,3678.0,1215.0,1237.0,5.0,6.0,0.0
1489.0,2705.0,980.0,2360.0,2226.0,2804.0,3667.0,1207.0,1232.0,5.0,6.0,0.0
1474.0,2679.0,965.0,2336.0,2203.0,2776.0,3641.0,1190.0,1213.0,5.0,6.0,0.0
1457.0,2670.0,956.0,2322.0,2194.0,2762.0,3628.0,1179.0,1202.0,5.0,6.0,0.0
1439.0,2669.0,953.0,2315.0,2196.0,2759.0,3624.0,1175.0,1197.0,5.0,6.0,0.0
1413.0,2661.0,949.0,2304.0,2193.0,2752.0,3615.0,1172.0,1194.0,5.0,6.0,0.0
1395.0,2662.0,949.0,2303.0,2199.0,2752.0,3613.0,1172.0,1195.0,5.0,6.0,0.0
1385.0,2664.0,947.0,2301.0,2201.0,2752.0,3613.0,1170.0,1193.0,5.0,6.0,0.0
1379.0,2656.0,942.0,2293.0,2180.0,2761.0,3605.0,1166.0,1187.0,5.0,6.0,0.0
1383.0,2647.0,938.0,2285.0,2167.0,2753.0,3597.0,1162.0,1182.0,5.0,6.0,0.0
1400.0,2646.0,935.0,2284.0,2159.0,2749.0,3594.0,1158.0,1177.0,5.0,6.0,0.0
1412.0,2638.0,931.0,2281.0,2144.0,2741.0,3587.0,1152.0,1171.0,5.0,6.0,0.0
1420.0,2628.0,926.0,2274.0,2130.0,2734.0,3578.0,1147.0,1166.0,5.0,6.0,0.0
1430.0,2628.0,925.0,2275.0,2140.0,2715.0,3576.0,1145.0,1165.0,5.0,6.0,0.0
1432.0,2631.0,925.0,2276.0,2142.0,2715.0,3574.0,1144.0,1164.0,5.0,6.0,0.0
1418.0,2627.0,924.0,2272.0,2139.0,2713.0,3571.0,1144.0,1165.0,5.0,6.0,0.0
1405.0,2631.0,927.0,2272.0,2146.0,2719.0,3576.0,1148.0,1169.0,5.0,6.0,0.0
1392.0,2642.0,931.0,2277.0,2159.0,2727.0,3587.0,1153.0,1174.0,5.0,6.0,0.0
1377.0,2643.0,934.0,2278.0,2163.0,2731.0,3590.0,1156.0,1176.0,5.0,6.0,0.0
1366.0,2641.0,935.0,2278.0,2166.0,2733.0,3591.0,1158.0,1179.0,5.0,6.0,0.0
1369.0,2647.0,936.0,2283.0,2172.0,2737.0,3599.0,1161.0,1180.0,5.0,6.0,0.0
1377.0,2649.0,937.0,2284.0,2171.0,2738.0,3600.0,1161.0,1179.0,5.0,6.0,0.0
1385.0,2641.0,934.0,2281.0,2164.0,2733.0,3594.0,1159.0,1177.0,5.0,6.0,0.0
1397.0,2644.0,934.0,2283.0,2163.0,2734.0,3596.0,1159.0,1177.0,5.0,6.0,0.0
1201.0,2667.0,965.0,1967.0,2259.0,2750.0,3606.0,1177.0,1217.0,6.0,6.0,0.0
1186.0,2642.0,942.0,1974.0,2235.0,2722.0,3581.0,1154.0,1189.0,6.0,6.0,0.0
1192.0,2641.0,937.0,2022.0,2240.0,2721.0,3583.0,1151.0,1182.0,6.0,6.0,0.0
1198.0,2641.0,933.0,2060.0,2240.0,2721.0,3583.0,1150.0,1179.0,6.0,6.0,0.0
1200.0,2636.0,930.0,2083.0,2232.0,2719.0,3582.0,1149.0,1177.0,6.0,6.0,0.0
1201.0,2638.0,930.0,2086.0,2230.0,2721.0,3583.0,1148.0,1176.0,6.0,6.0,0.0
1197.0,2642.0,930.0,2062.0,2230.0,2723.0,3584.0,1148.0,1175.0,6.0,6.0,0.0
1187.0,2638.0,929.0,2016.0,2226.0,2719.0,3581.0,1148.0,1174.0,6.0,6.0,0.0
1180.0,2637.0,929.0,1968.0,2230.0,2719.0,3580.0,1147.0,1173.0,6.0,6.0,0.0
1176.0,2640.0,928.0,1929.0,2242.0,2720.0,3581.0,1147.0,1172.0,6.0,6.0,0.0
1173.0,2639.0,927.0,1901.0,2246.0,2717.0,3581.0,1148.0,1171.0,6.0,6.0,0.0
1171.0,2633.0,924.0,1905.0,2244.0,2715.0,3581.0,1147.0,1170.0,6.0,6.0,0.0
1174.0,2636.0,925.0,1942.0,2244.0,2717.0,3582.0,1146.0,1168.0,6.0,6.0,0.0
1176.0,2637.0,923.0,1986.0,2235.0,2715.0,3582.0,1145.0,1166.0,6.0,6.0,0.0
1178.0,2631.0,922.0,2026.0,2222.0,2712.0,3579.0,1143.0,1164.0,6.0,6.0,0.0
1184.0,2630.0,923.0,2059.0,2218.0,2713.0,3579.0,1143.0,1164.0,6.0,6.0,0.0
1190.0,2635.0,924.0,2079.0,2223.0,2716.0,3582.0,1145.0,1165.0,6.0,6.0,0.0
1190.0,2631.0,923.0,2062.0,2224.0,2713.0,3581.0,1144.0,1164.0,6.0,6.0,0.0
1187.0,2629.0,924.0,2036.0,2230.0,2713.0,3581.0,1145.0,1165.0,6.0,6.0,0.0
1185.0,2633.0,924.0,2004.0,2238.0,2715.0,3583.0,1146.0,1165.0,6.0,6.0,0.0
1175.0,2630.0,922.0,1961.0,2220.0,2729.0,3578.0,1143.0,1161.0,6.0,6.0,0.0
1166.0,2623.0,919.0,1920.0,2208.0,2724.0,3570.0,1140.0,1158.0,6.0,6.0,0.0
1163.0,2624.0,919.0,1904.0,2204.0,2724.0,3568.0,1139.0,1157.0,6.0,6.0,0.0
1163.0,2626.0,918.0,1899.0,2199.0,2723.0,3565.0,1137.0,1155.0,6.0,6.0,0.0
1163.0,2623.0,919.0,1908.0,2194.0,2724.0,3564.0,1138.0,1155.0,6.0,6.0,0.0
1175.0,2638.0,928.0,1956.0,2225.0,2725.0,3581.0,1150.0,1168.0,6.0,6.0,0.0
1189.0,2655.0,937.0,2009.0,2246.0,2742.0,3601.0,1161.0,1180.0,6.0,6.0,0.0
1191.0,2655.0,938.0,2043.0,2247.0,2743.0,3604.0,1162.0,1181.0,6.0,6.0,0.0
1193.0,2655.0,939.0,2073.0,2248.0,2746.0,3608.0,1164.0,1182.0,6.0,6.0,0.0
1196.0,2661.0,940.0,2092.0,2252.0,2747.0,3612.0,1165.0,1184.0,6.0,6.0,0.0
1188.0,2650.0,934.0,2066.0,2234.0,2732.0,3597.0,1156.0,1174.0,6.0,6.0,0.0
1180.0,2637.0,927.0,2030.0,2218.0,2719.0,3580.0,1147.0,1165.0,6.0,6.0,0.0
1223.0,2542.0,995.0,1848.0,2333.0,2804.0,3508.0,1212.0,1255.0,7.0,6.0,0.0
1181.0,2503.0,950.0,1793.0,2291.0,2735.0,3462.0,1166.0,1202.0,7.0,6.0,0.0
1171.0,2511.0,936.0,1780.0,2291.0,2719.0,3474.0,1153.0,1185.0,7.0,6.0,0.0
1170.0,2531.0,933.0,1779.0,2302.0,2718.0,3496.0,1151.0,1179.0,7.0,6.0,0.0
1168.0,2537.0,930.0,1776.0,2303.0,2715.0,3503.0,1148.0,1174.0,7.0,6.0,0.0
1174.0,2541.0,936.0,1790.0,2315.0,2732.0,3507.0,1157.0,1181.0,7.0,6.0,0.0
1177.0,2527.0,937.0,1792.0,2315.0,2736.0,3488.0,1158.0,1181.0,7.0,6.0,0.0
1177.0,2506.0,936.0,1793.0,2304.0,2737.0,3459.0,1158.0,1181.0,7.0,6.0,0.0
1177.0,2486.0,936.0,1793.0,2288.0,2738.0,3440.0,1158.0,1180.0,7.0,6.0,0.0
1180.0,2479.0,938.0,1796.0,2278.0,2740.0,3434.0,1159.0,1180.0,7.0,6.0,0.0
1174.0,2468.0,930.0,1782.0,2255.0,2723.0,3424.0,1150.0,1170.0,7.0,6.0,0.0
1173.0,2468.0,930.0,1782.0,2246.0,2721.0,3435.0,1149.0,1170.0,7.0,6.0,0.0
1176.0,2473.0,932.0,1787.0,2249.0,2727.0,3457.0,1154.0,1172.0,7.0,6.0,0.0
1179.0,2483.0,934.0,1791.0,2255.0,2731.0,3474.0,1157.0,1176.0,7.0,6.0,0.0
1180.0,2487.0,935.0,1792.0,2253.0,2734.0,3483.0,1158.0,1178.0,7.0,6.0,0.0
1181.0,2487.0,935.0,1791.0,2249.0,2734.0,3485.0,1159.0,1178.0,7.0,6.0,0.0
1185.0,2491.0,937.0,1796.0,2259.0,2741.0,3486.0,1163.0,1181.0,7.0,6.0,0.0
1186.0,2489.0,938.0,1796.0,2269.0,2741.0,3472.0,1163.0,1181.0,7.0,6.0,0.0
1184.0,2481.0,936.0,1792.0,2277.0,2738.0,3453.0,1163.0,1179.0,7.0,6.0,0.0
1184.0,2478.0,935.0,1792.0,2294.0,2738.0,3440.0,1163.0,1179.0,7.0,6.0,0.0
1185.0,2481.0,936.0,1795.0,2315.0,2742.0,3436.0,1165.0,1182.0,7.0,6.0,0.0
1184.0,2482.0,936.0,1794.0,2319.0,2741.0,3439.0,1165.0,1182.0,7.0,6.0,0.0
1194.0,2500.0,946.0,1807.0,2330.0,2760.0,3475.0,1176.0,1195.0,7.0,6.0,0.0
1205.0,2523.0,957.0,1823.0,2338.0,2779.0,3516.0,1188.0,1207.0,7.0,6.0,0.0
1214.0,2541.0,966.0,1837.0,2323.0,2814.0,3549.0,1199.0,1217.0,7.0,6.0,0.0
1221.0,2551.0,975.0,1849.0,2316.0,2828.0,3569.0,1208.0,1227.0,7.0,6.0,0.0
1219.0,2545.0,973.0,1847.0,2301.0,2824.0,3558.0,1206.0,1224.0,7.0,6.0,0.0
1209.0,2525.0,964.0,1835.0,2287.0,2809.0,3530.0,1196.0,1215.0,7.0,6.0,0.0
1182.0,2255.0,946.0,1785.0,2213.0,2731.0,3384.0,1161.0,1195.0,8.0,6.0,0.0
1178.0,2215.0,940.0,1783.0,2198.0,2727.0,3379.0,1157.0,1187.0,8.0,6.0,0.0
1174.0,2176.0,935.0,1779.0,2180.0,2721.0,3373.0,1153.0,1180.0,8.0,6.0,0.0
1171.0,2159.0,931.0,1777.0,2171.0,2719.0,3370.0,1152.0,1177.0,8.0,6.0,0.0
1170.0,2164.0,930.0,1777.0,2176.0,2720.0,3370.0,1151.0,1174.0,8.0,6.0,0.0
1165.0,2183.0,925.0,1772.0,2177.0,2715.0,3364.0,1148.0,1170.0,8.0,6.0,0.0
1162.0,2215.0,922.0,1769.0,2180.0,2711.0,3361.0,1146.0,1166.0,8.0,6.0,0.0
1162.0,2250.0,920.0,1768.0,2186.0,2711.0,3362.0,1145.0,1165.0,8.0,6.0,0.0
1159.0,2266.0,918.0,1765.0,2184.0,2708.0,3358.0,1140.0,1160.0,8.0,6.0,0.0
1156.0,2266.0,916.0,1762.0,2173.0,2703.0,3355.0,1138.0,1156.0,8.0,6.0,0.0
1160.0,2253.0,918.0,1764.0,2169.0,2706.0,3357.0,1139.0,1157.0,8.0,6.0,0.0
1160.0,2222.0,918.0,1763.0,2162.0,2707.0,3359.0,1139.0,1156.0,8.0,6.0,0.0
1157.0,2183.0,916.0,1761.0,2151.0,2703.0,3354.0,1137.0,1153.0,8.0,6.0,0.0
1157.0,2156.0,916.0,1761.0,2149.0,2704.0,3354.0,1138.0,1153.0,8.0,6.0,0.0
1159.0,2148.0,916.0,1762.0,2151.0,2707.0,3355.0,1140.0,1155.0,8.0,6.0,0.0
1156.0,2150.0,914.0,1759.0,2148.0,2704.0,3354.0,1138.0,1153.0,8.0,6.0,0.0
1155.0,2167.0,913.0,1758.0,2147.0,2702.0,3351.0,1136.0,1151.0,8.0,6.0,0.0
1158.0,2199.0,914.0,1761.0,2153.0,2705.0,3355.0,1137.0,1153.0,8.0,6.0,0.0
1159.0,2224.0,914.0,1762.0,2153.0,2705.0,3355.0,1136.0,1152.0,8.0,6.0,0.0
1157.0,2234.0,914.0,1760.0,2150.0,2703.0,3353.0,1135.0,1151.0,8.0,6.0,0.0
1159.0,2236.0,914.0,1762.0,2153.0,2705.0,3354.0,1135.0,1151.0,8.0,6.0,0.0
1159.0,2223.0,915.0,1762.0,2155.0,2705.0,3355.0,1137.0,1152.0,8.0,6.0,0.0
1159.0,2195.0,916.0,1761.0,2153.0,2705.0,3354.0,1138.0,1152.0,8.0,6.0,0.0
1160.0,2170.0,917.0,1763.0,2156.0,2708.0,3357.0,1141.0,1156.0,8.0,6.0,0.0
1164.0,2153.0,919.0,1766.0,2159.0,2711.0,3362.0,1142.0,1157.0,8.0,6.0,0.0
1164.0,2145.0,920.0,1765.0,2157.0,2712.0,3361.0,1143.0,1158.0,8.0,6.0,0.0
1165.0,2150.0,922.0,1768.0,2158.0,2714.0,3362.0,1144.0,1159.0,8.0,6.0,0.0
1166.0,2167.0,922.0,1770.0,2164.0,2717.0,3365.0,1145.0,1161.0,8.0,6.0,0.0
1164.0,2185.0,921.0,1769.0,2166.0,2714.0,3364.0,1143.0,1158.0,8.0,6.0,0.0
1550.0,2509.0,1613.0,2388.0,1814.0,3181.0,3298.0,1520.0,1816.0,1.0,7.0,0.0
1534.0,2488.0,1595.0,2367.0,1794.0,3157.0,3274.0,1503.0,1797.0,1.0,7.0,0.0
1521.0,2472.0,1577.0,2352.0,1780.0,3136.0,3252.0,1485.0,1780.0,1.0,7.0,0.0
1511.0,2459.0,1565.0,2338.0,1767.0,3121.0,3236.0,1473.0,1766.0,1.0,7.0,0.0
1505.0,2451.0,1559.0,2330.0,1760.0,3113.0,3229.0,1468.0,1760.0,1.0,7.0,0.0
1506.0,2453.0,1558.0,2333.0,1761.0,3112.0,3229.0,1466.0,1758.0,1.0,7.0,0.0
1504.0,2450.0,1554.0,2330.0,1758.0,3108.0,3226.0,1462.0,1754.0,1.0,7.0,0.0
1499.0,2445.0,1549.0,2323.0,1753.0,3104.0,3221.0,1459.0,1749.0,1.0,7.0,0.0
1501.0,2446.0,1549.0,2326.0,1756.0,3106.0,3224.0,1461.0,1750.0,1.0,7.0,0.0
1502.0,2449.0,1551.0,2329.0,1758.0,3107.0,3224.0,1460.0,1750.0,1.0,7.0,0.0
1499.0,2444.0,1547.0,2323.0,1755.0,3104.0,3220.0,1459.0,1747.0,1.0,7.0,0.0
1499.0,2444.0,1547.0,2323.0,1755.0,3104.0,3218.0,1458.0,1746.0,1.0,7.0,0.0
1502.0,2447.0,1548.0,2326.0,1756.0,3106.0,3219.0,1457.0,1746.0,1.0,7.0,0.0
1499.0,2445.0,1546.0,2322.0,1753.0,3104.0,3217.0,1455.0,1744.0,1.0,7.0,0.0
1499.0,2441.0,1544.0,2319.0,1752.0,3102.0,3216.0,1454.0,1742.0,1.0,7.0,0.0
1503.0,2445.0,1545.0,2324.0,1754.0,3104.0,3220.0,1456.0,1746.0,1.0,7.0,0.0
1503.0,2445.0,1544.0,2324.0,1755.0,3105.0,3218.0,1456.0,1745.0,1.0,7.0,0.0
1499.0,2440.0,1542.0,2319.0,1753.0,3101.0,3214.0,1455.0,1744.0,1.0,7.0,0.0
1500.0,2441.0,1541.0,2320.0,1741.0,3120.0,3214.0,1455.0,1744.0,1.0,7.0,0.0
1500.0,2442.0,1541.0,2321.0,1742.0,3120.0,3215.0,1455.0,1745.0,1.0,7.0,0.0
1494.0,2437.0,1538.0,2314.0,1736.0,3115.0,3211.0,1452.0,1740.0,1.0,7.0,0.0
1492.0,2434.0,1536.0,2312.0,1734.0,3113.0,3209.0,1451.0,1737.0,1.0,7.0,0.0
1493.0,2438.0,1537.0,2315.0,1735.0,3113.0,3210.0,1451.0,1737.0,1.0,7.0,0.0
1490.0,2434.0,1535.0,2310.0,1743.0,3091.0,3207.0,1448.0,1734.0,1.0,7.0,0.0
1486.0,2429.0,1532.0,2305.0,1740.0,3087.0,3203.0,1446.0,1731.0,1.0,7.0,0.0
1489.0,2432.0,1533.0,2308.0,1742.0,3088.0,3204.0,1445.0,1732.0,1.0,7.0,0.0
1489.0,2432.0,1533.0,2307.0,1742.0,3087.0,3202.0,1443.0,1731.0,1.0,7.0,0.0
1484.0,2426.0,1530.0,2301.0,1738.0,3083.0,3198.0,1441.0,1727.0,1.0,7.0,0.0
1486.0,2428.0,1530.0,2303.0,1739.0,3085.0,3200.0,1442.0,1728.0,1.0,7.0,0.0
1487.0,2431.0,1532.0,2305.0,1739.0,3086.0,3201.0,1441.0,1728.0,1.0,7.0,0.0
1483.0,2425.0,1530.0,2300.0,1735.0,3081.0,3196.0,1439.0,1725.0,1.0,7.0,0.0
1483.0,2425.0,1529.0,2300.0,1735.0,3081.0,3194.0,1439.0,1725.0,1.0,7.0,0.0
1485.0,2428.0,1529.0,2304.0,1737.0,3083.0,3197.0,1440.0,1728.0,1.0,7.0,0.0
1482.0,2424.0,1527.0,2300.0,1733.0,3079.0,3193.0,1438.0,1725.0,1.0,7.0,0.0
1479.0,2420.0,1526.0,2297.0,1732.0,3076.0,3189.0,1437.0,1724.0,1.0,7.0,0.0
1486.0,2427.0,1529.0,2304.0,1738.0,3082.0,3195.0,1441.0,1728.0,1.0,7.0,0.0
1488.0,2429.0,1530.0,2306.0,1740.0,3084.0,3197.0,1442.0,1729.0,1.0,7.0,0.0
1486.0,2426.0,1530.0,2302.0,1739.0,3083.0,3194.0,1442.0,1728.0,1.0,7.0,0.0
1491.0,2431.0,1533.0,2307.0,1745.0,3088.0,3198.0,1444.0,1731.0,1.0,7.0,0.0
1495.0,2437.0,1536.0,2312.0,1750.0,3092.0,3202.0,1447.0,1735.0,1.0,7.0,0.0
1491.0,2431.0,1535.0,2307.0,1746.0,3088.0,3198.0,1446.0,1731.0,1.0,7.0,0.0
1489.0,2431.0,1535.0,2307.0,1746.0,3088.0,3200.0,1446.0,1731.0,1.0,7.0,0.0
1492.0,2435.0,1536.0,2310.0,1747.0,3089.0,3202.0,1446.0,1732.0,1.0,7.0,0.0
1488.0,2432.0,1534.0,2306.0,1743.0,3086.0,3199.0,1446.0,1731.0,1.0,7.0,0.0
1486.0,2429.0,1533.0,2304.0,1741.0,3084.0,3198.0,1445.0,1729.0,1.0,7.0,0.0
1490.0,2433.0,1534.0,2308.0,1745.0,3087.0,3203.0,1446.0,1732.0,1.0,7.0,0.0
1491.0,2433.0,1535.0,2308.0,1744.0,3087.0,3203.0,1446.0,1732.0,1.0,7.0,0.0
1489.0,2430.0,1535.0,2306.0,1743.0,3087.0,3202.0,1447.0,1732.0,1.0,7.0,0.0
1494.0,2437.0,1541.0,2314.0,1750.0,3093.0,3209.0,1450.0,1736.0,1.0,7.0,0.0
1497.0,2443.0,1545.0,2320.0,1753.0,3098.0,3215.0,1454.0,1740.0,1.0,7.0,0.0
1496.0,2441.0,1546.0,2319.0,1753.0,3100.0,3216.0,1455.0,1741.0,1.0,7.0,0.0
1499.0,2444.0,1550.0,2324.0,1759.0,3105.0,3220.0,1461.0,1747.0,1.0,7.0,0.0
1507.0,2452.0,1556.0,2333.0,1766.0,3113.0,3227.0,1465.0,1754.0,1.0,7.0,0.0
1507.0,2453.0,1557.0,2333.0,1767.0,3117.0,3231.0,1468.0,1756.0,1.0,7.0,0.0
1509.0,2454.0,1560.0,2334.0,1770.0,3120.0,3232.0,1470.0,1758.0,1.0,7.0,0.0
1517.0,2464.0,1567.0,2344.0,1778.0,3129.0,3241.0,1476.0,1766.0,1.0,7.0,0.0
1516.0,2463.0,1566.0,2343.0,1774.0,3127.0,3240.0,1474.0,1763.0,1.0,7.0,0.0
1509.0,2457.0,1561.0,2335.0,1768.0,3120.0,3235.0,1473.0,1758.0,1.0,7.0,0.0
1507.0,2453.0,1558.0,2332.0,1765.0,3114.0,3228.0,1468.0,1755.0,1.0,7.0,0.0
1503.0,2449.0,1553.0,2327.0,1760.0,3109.0,3222.0,1464.0,1751.0,1.0,7.0,0.0
1493.0,2437.0,1544.0,2314.0,1749.0,3095.0,3211.0,1455.0,1741.0,1.0,7.0,0.0
1491.0,2435.0,1540.0,2310.0,1748.0,3092.0,3206.0,1453.0,1739.0,1.0,7.0,0.0
1493.0,2437.0,1541.0,2314.0,1749.0,3093.0,3206.0,1450.0,1738.0,1.0,7.0,0.0
1490.0,2435.0,1539.0,2310.0,1747.0,3091.0,3203.0,1450.0,1736.0,1.0,7.0,0.0
1490.0,2433.0,1539.0,2310.0,1747.0,3090.0,3204.0,1450.0,1735.0,1.0,7.0,0.0
1493.0,2437.0,1540.0,2314.0,1750.0,3093.0,3204.0,1451.0,1738.0,1.0,7.0,0.0
1491.0,2436.0,1539.0,2312.0,1748.0,3092.0,3203.0,1449.0,1736.0,1.0,7.0,0.0
1488.0,2431.0,1537.0,2307.0,1744.0,3088.0,3200.0,1450.0,1735.0,1.0,7.0,0.0
1492.0,2434.0,1540.0,2312.0,1739.0,3092.0,3204.0,1453.0,1764.0,1.0,7.0,0.0
1494.0,2437.0,1543.0,2315.0,1741.0,3094.0,3206.0,1454.0,1766.0,1.0,7.0,0.0
1491.0,2433.0,1542.0,2311.0,1739.0,3092.0,3204.0,1452.0,1763.0,1.0,7.0,0.0
1514.0,2501.0,1413.0,2412.0,1869.0,3073.0,3444.0,1207.0,1759.0,2.0,7.0,0.0
1505.0,2494.0,1396.0,2428.0,1874.0,3043.0,3444.0,1194.0,1763.0,2.0,7.0,0.0
1495.0,2484.0,1373.0,2433.0,1872.0,3015.0,3440.0,1183.0,1761.0,2.0,7.0,0.0
1487.0,2475.0,1351.0,2424.0,1872.0,3003.0,3437.0,1178.0,1750.0,2.0,7.0,0.0
1487.0,2476.0,1331.0,2410.0,1878.0,3009.0,3432.0,1175.0,1730.0,2.0,7.0,0.0
1488.0,2479.0,1319.0,2390.0,1879.0,3026.0,3425.0,1174.0,1706.0,2.0,7.0,0.0
1488.0,2478.0,1316.0,2368.0,1875.0,3043.0,3410.0,1175.0,1690.0,2.0,7.0,0.0
1496.0,2485.0,1323.0,2359.0,1869.0,3061.0,3400.0,1174.0,1684.0,2.0,7.0,0.0
1509.0,2499.0,1336.0,2363.0,1864.0,3077.0,3395.0,1173.0,1687.0,2.0,7.0,0.0
1516.0,2503.0,1348.0,2365.0,1851.0,3080.0,3387.0,1172.0,1697.0,2.0,7.0,0.0
1518.0,2503.0,1354.0,2365.0,1842.0,3077.0,3379.0,1168.0,1707.0,2.0,7.0,0.0
1518.0,2503.0,1353.0,2363.0,1840.0,3075.0,3379.0,1165.0,1706.0,2.0,7.0,0.0
1508.0,2493.0,1342.0,2351.0,1840.0,3069.0,3377.0,1164.0,1689.0,2.0,7.0,0.0
1493.0,2476.0,1322.0,2334.0,1842.0,3055.0,3374.0,1160.0,1664.0,2.0,7.0,0.0
1485.0,2468.0,1305.0,2334.0,1846.0,3041.0,3381.0,1160.0,1678.0,2.0,7.0,0.0
1479.0,2465.0,1291.0,2343.0,1857.0,3026.0,3392.0,1161.0,1676.0,2.0,7.0,0.0
1473.0,2459.0,1282.0,2351.0,1859.0,3007.0,3396.0,1161.0,1681.0,2.0,7.0,0.0
1473.0,2459.0,1286.0,2367.0,1861.0,2996.0,3403.0,1161.0,1697.0,2.0,7.0,0.0
1476.0,2465.0,1300.0,2381.0,1860.0,2997.0,3410.0,1163.0,1717.0,2.0,7.0,0.0
1472.0,2462.0,1312.0,2375.0,1857.0,3002.0,3404.0,1164.0,1695.0,2.0,7.0,0.0
1471.0,2459.0,1320.0,2362.0,1846.0,3014.0,3396.0,1164.0,1683.0,2.0,7.0,0.0
1475.0,2464.0,1325.0,2352.0,1843.0,3032.0,3393.0,1165.0,1668.0,2.0,7.0,0.0
1476.0,2465.0,1324.0,2338.0,1838.0,3046.0,3387.0,1166.0,1654.0,2.0,7.0,0.0
1477.0,2464.0,1322.0,2328.0,1838.0,3055.0,3378.0,1165.0,1642.0,2.0,7.0,0.0
1486.0,2475.0,1322.0,2334.0,1851.0,3064.0,3378.0,1164.0,1642.0,2.0,7.0,0.0
1493.0,2486.0,1325.0,2342.0,1867.0,3069.0,3380.0,1164.0,1648.0,2.0,7.0,0.0
1491.0,2484.0,1323.0,2340.0,1873.0,3067.0,3374.0,1162.0,1652.0,2.0,7.0,0.0
1492.0,2485.0,1320.0,2341.0,1880.0,3065.0,3372.0,1161.0,1650.0,2.0,7.0,0.0
1493.0,2487.0,1316.0,2340.0,1880.0,3065.0,3377.0,1161.0,1642.0,2.0,7.0,0.0
1484.0,2476.0,1309.0,2331.0,1868.0,3057.0,3377.0,1162.0,1634.0,2.0,7.0,0.0
1477.0,2464.0,1303.0,2326.0,1857.0,3046.0,3376.0,1162.0,1633.0,2.0,7.0,0.0
1476.0,2464.0,1302.0,2335.0,1853.0,3034.0,3381.0,1161.0,1640.0,2.0,7.0,0.0
1472.0,2461.0,1300.0,2344.0,1849.0,3019.0,3388.0,1162.0,1653.0,2.0,7.0,0.0
1466.0,2454.0,1295.0,2350.0,1848.0,3001.0,3389.0,1159.0,1666.0,2.0,7.0,0.0
1468.0,2457.0,1290.0,2358.0,1856.0,2995.0,3393.0,1158.0,1674.0,2.0,7.0,0.0
1467.0,2459.0,1281.0,2357.0,1863.0,2993.0,3396.0,1158.0,1669.0,2.0,7.0,0.0
1463.0,2454.0,1271.0,2343.0,1864.0,2997.0,3392.0,1156.0,1652.0,2.0,7.0,0.0
1464.0,2456.0,1268.0,2333.0,1868.0,3009.0,3385.0,1155.0,1636.0,2.0,7.0,0.0
1480.0,2576.0,1235.0,2378.0,1984.0,2933.0,3460.0,1169.0,1582.0,3.0,7.0,0.0
1478.0,2569.0,1211.0,2383.0,1986.0,2914.0,3459.0,1166.0,1578.0,3.0,7.0,0.0
1476.0,2568.0,1177.0,2393.0,1987.0,2893.0,3460.0,1164.0,1575.0,3.0,7.0,0.0
1470.0,2561.0,1144.0,2394.0,1981.0,2868.0,3457.0,1161.0,1569.0,3.0,7.0,0.0
1467.0,2557.0,1125.0,2397.0,1978.0,2850.0,3453.0,1158.0,1565.0,3.0,7.0,0.0
1467.0,2560.0,1121.0,2396.0,1979.0,2853.0,3452.0,1156.0,1561.0,3.0,7.0,0.0
1463.0,2556.0,1136.0,2384.0,1971.0,2863.0,3447.0,1154.0,1554.0,3.0,7.0,0.0
1459.0,2554.0,1163.0,2372.0,1964.0,2878.0,3441.0,1151.0,1549.0,3.0,7.0,0.0
1461.0,2563.0,1190.0,2369.0,1965.0,2897.0,3439.0,1150.0,1546.0,3.0,7.0,0.0
1459.0,2572.0,1200.0,2364.0,1960.0,2907.0,3439.0,1147.0,1539.0,3.0,7.0,0.0
1455.0,2577.0,1196.0,2363.0,1956.0,2900.0,3437.0,1146.0,1533.0,3.0,7.0,0.0
1459.0,2591.0,1178.0,2374.0,1960.0,2887.0,3441.0,1145.0,1531.0,3.0,7.0,0.0
1460.0,2601.0,1149.0,2383.0,1963.0,2869.0,3442.0,1144.0,1529.0,3.0,7.0,0.0
1456.0,2599.0,1120.0,2382.0,1959.0,2848.0,3442.0,1143.0,1524.0,3.0,7.0,0.0
1456.0,2598.0,1107.0,2380.0,1961.0,2837.0,3441.0,1143.0,1524.0,3.0,7.0,0.0
1460.0,2597.0,1111.0,2382.0,1966.0,2843.0,3444.0,1144.0,1526.0,3.0,7.0,0.0
1458.0,2582.0,1130.0,2374.0,1963.0,2855.0,3440.0,1144.0,1529.0,3.0,7.0,0.0
1457.0,2565.0,1160.0,2369.0,1964.0,2875.0,3440.0,1147.0,1536.0,3.0,7.0,0.0
1467.0,2563.0,1195.0,2380.0,1978.0,2906.0,3451.0,1154.0,1550.0,3.0,7.0,0.0
1478.0,2565.0,1221.0,2396.0,1992.0,2938.0,3469.0,1166.0,1568.0,3.0,7.0,0.0
1483.0,2564.0,1232.0,2403.0,1997.0,2952.0,3477.0,1173.0,1580.0,3.0,7.0,0.0
1493.0,2575.0,1237.0,2414.0,2000.0,2954.0,3488.0,1180.0,1616.0,3.0,7.0,0.0
1499.0,2591.0,1227.0,2423.0,2007.0,2945.0,3497.0,1184.0,1618.0,3.0,7.0,0.0
1493.0,2597.0,1197.0,2418.0,2000.0,2920.0,3493.0,1181.0,1611.0,3.0,7.0,0.0
1486.0,2603.0,1161.0,2411.0,1992.0,2891.0,3482.0,1173.0,1596.0,3.0,7.0,0.0
1485.0,2615.0,1139.0,2413.0,1991.0,2876.0,3481.0,1169.0,1586.0,3.0,7.0,0.0
1479.0,2621.0,1130.0,2410.0,1994.0,2870.0,3475.0,1165.0,1551.0,3.0,7.0,0.0
1475.0,2621.0,1140.0,2409.0,1991.0,2877.0,3472.0,1164.0,1547.0,3.0,7.0,0.0
1481.0,2629.0,1167.0,2416.0,1996.0,2896.0,3475.0,1166.0,1549.0,3.0,7.0,0.0
1482.0,2629.0,1195.0,2415.0,1996.0,2913.0,3479.0,1168.0,1550.0,3.0,7.0,0.0
1480.0,2624.0,1213.0,2410.0,1993.0,2923.0,3477.0,1169.0,1552.0,3.0,7.0,0.0
1482.0,2624.0,1220.0,2410.0,1996.0,2927.0,3479.0,1171.0,1553.0,3.0,7.0,0.0
1483.0,2624.0,1213.0,2407.0,1995.0,2917.0,3479.0,1170.0,1553.0,3.0,7.0,0.0
1476.0,2614.0,1191.0,2397.0,1988.0,2897.0,3472.0,1167.0,1548.0,3.0,7.0,0.0
1473.0,2607.0,1161.0,2393.0,1986.0,2876.0,3464.0,1164.0,1546.0,3.0,7.0,0.0
1473.0,2607.0,1137.0,2394.0,1988.0,2862.0,3462.0,1162.0,1544.0,3.0,7.0,0.0
1469.0,2599.0,1123.0,2389.0,1983.0,2852.0,3457.0,1159.0,1541.0,3.0,7.0,0.0
1466.0,2592.0,1125.0,2385.0,1980.0,2853.0,3452.0,1157.0,1540.0,3.0,7.0,0.0
1467.0,2592.0,1142.0,2384.0,1981.0,2860.0,3450.0,1156.0,1540.0,3.0,7.0,0.0
1466.0,2591.0,1166.0,2382.0,1977.0,2870.0,3449.0,1154.0,1538.0,3.0,7.0,0.0
1462.0,2588.0,1187.0,2376.0,1971.0,2877.0,3444.0,1153.0,1535.0,3.0,7.0,0.0
1496.0,2662.0,978.0,2432.0,2167.0,2770.0,3505.0,1187.0,1519.0,4.0,7.0,0.0
1485.0,2652.0,965.0,2426.0,2147.0,2755.0,3494.0,1174.0,1506.0,4.0,7.0,0.0
1479.0,2646.0,959.0,2419.0,2147.0,2750.0,3488.0,1171.0,1488.0,4.0,7.0,0.0
1482.0,2649.0,957.0,2413.0,2169.0,2752.0,3491.0,1171.0,1467.0,4.0,7.0,0.0
1482.0,2652.0,956.0,2405.0,2196.0,2754.0,3496.0,1171.0,1443.0,4.0,7.0,0.0
1477.0,2645.0,952.0,2390.0,2212.0,2749.0,3491.0,1168.0,1418.0,4.0,7.0,0.0
1478.0,2645.0,951.0,2386.0,2216.0,2751.0,3493.0,1171.0,1434.0,4.0,7.0,0.0
1484.0,2653.0,953.0,2394.0,2224.0,2759.0,3502.0,1174.0,1435.0,4.0,7.0,0.0
1485.0,2653.0,955.0,2401.0,2212.0,2762.0,3506.0,1176.0,1444.0,4.0,7.0,0.0
1487.0,2653.0,958.0,2413.0,2192.0,2765.0,3508.0,1178.0,1460.0,4.0,7.0,0.0
1495.0,2662.0,962.0,2430.0,2183.0,2772.0,3513.0,1182.0,1481.0,4.0,7.0,0.0
1496.0,2666.0,965.0,2437.0,2182.0,2776.0,3516.0,1182.0,1467.0,4.0,7.0,0.0
1493.0,2661.0,963.0,2435.0,2172.0,2773.0,3513.0,1182.0,1472.0,4.0,7.0,0.0
1495.0,2666.0,964.0,2436.0,2182.0,2775.0,3517.0,1183.0,1469.0,4.0,7.0,0.0
1496.0,2669.0,964.0,2430.0,2199.0,2776.0,3519.0,1184.0,1457.0,4.0,7.0,0.0
1492.0,2663.0,963.0,2417.0,2214.0,2772.0,3517.0,1183.0,1437.0,4.0,7.0,0.0
1491.0,2663.0,963.0,2411.0,2234.0,2772.0,3518.0,1184.0,1421.0,4.0,7.0,0.0
1494.0,2668.0,963.0,2411.0,2252.0,2773.0,3521.0,1184.0,1411.0,4.0,7.0,0.0
1491.0,2664.0,961.0,2408.0,2249.0,2771.0,3519.0,1183.0,1408.0,4.0,7.0,0.0
1488.0,2661.0,960.0,2411.0,2237.0,2769.0,3517.0,1182.0,1413.0,4.0,7.0,0.0
1492.0,2667.0,960.0,2422.0,2227.0,2772.0,3520.0,1183.0,1426.0,4.0,7.0,0.0
1492.0,2668.0,959.0,2429.0,2209.0,2772.0,3519.0,1183.0,1438.0,4.0,7.0,0.0
1489.0,2663.0,959.0,2429.0,2192.0,2770.0,3514.0,1182.0,1445.0,4.0,7.0,0.0
1491.0,2664.0,959.0,2429.0,2192.0,2771.0,3511.0,1179.0,1447.0,4.0,7.0,0.0
1495.0,2671.0,962.0,2431.0,2204.0,2777.0,3516.0,1182.0,1445.0,4.0,7.0,0.0
1495.0,2671.0,964.0,2424.0,2216.0,2780.0,3518.0,1185.0,1436.0,4.0,7.0,0.0
1496.0,2672.0,966.0,2418.0,2237.0,2783.0,3520.0,1187.0,1426.0,4.0,7.0,0.0
1500.0,2677.0,967.0,2414.0,2257.0,2785.0,3522.0,1187.0,1416.0,4.0,7.0,0.0
1499.0,2675.0,967.0,2410.0,2261.0,2784.0,3524.0,1188.0,1411.0,4.0,7.0,0.0
1495.0,2669.0,965.0,2407.0,2255.0,2781.0,3518.0,1186.0,1408.0,4.0,7.0,0.0
1493.0,2667.0,961.0,2407.0,2243.0,2773.0,3512.0,1181.0,1409.0,4.0,7.0,0.0
1486.0,2659.0,953.0,2404.0,2217.0,2762.0,3501.0,1174.0,1410.0,4.0,7.0,0.0
1377.0,2610.0,962.0,2349.0,2400.0,2749.0,3495.0,1174.0,1214.0,5.0,7.0,0.0
1370.0,2591.0,956.0,2348.0,2403.0,2746.0,3488.0,1169.0,1203.0,5.0,7.0,0.0
1361.0,2568.0,949.0,2341.0,2393.0,2739.0,3475.0,1163.0,1195.0,5.0,7.0,0.0
1357.0,2557.0,945.0,2337.0,2385.0,2735.0,3469.0,1160.0,1189.0,5.0,7.0,0.0
1360.0,2562.0,943.0,2338.0,2381.0,2734.0,3470.0,1158.0,1186.0,5.0,7.0,0.0
1361.0,2570.0,941.0,2337.0,2371.0,2732.0,3469.0,1157.0,1185.0,5.0,7.0,0.0
1363.0,2577.0,941.0,2336.0,2354.0,2733.0,3470.0,1160.0,1214.0,5.0,7.0,0.0
1368.0,2592.0,942.0,2342.0,2360.0,2736.0,3479.0,1163.0,1216.0,5.0,7.0,0.0
1371.0,2603.0,943.0,2344.0,2366.0,2739.0,3482.0,1164.0,1216.0,5.0,7.0,0.0
1368.0,2603.0,943.0,2343.0,2368.0,2741.0,3482.0,1164.0,1216.0,5.0,7.0,0.0
1369.0,2606.0,945.0,2346.0,2381.0,2744.0,3486.0,1165.0,1217.0,5.0,7.0,0.0
1368.0,2610.0,945.0,2348.0,2401.0,2746.0,3489.0,1166.0,1189.0,5.0,7.0,0.0
1363.0,2605.0,945.0,2346.0,2400.0,2745.0,3488.0,1165.0,1188.0,5.0,7.0,0.0
1363.0,2604.0,945.0,2346.0,2401.0,2746.0,3490.0,1167.0,1188.0,5.0,7.0,0.0
1367.0,2613.0,947.0,2351.0,2409.0,2750.0,3496.0,1170.0,1191.0,5.0,7.0,0.0
1367.0,2617.0,947.0,2351.0,2405.0,2750.0,3497.0,1171.0,1191.0,5.0,7.0,0.0
1368.0,2618.0,947.0,2350.0,2398.0,2749.0,3495.0,1170.0,1190.0,5.0,7.0,0.0
1373.0,2623.0,947.0,2353.0,2400.0,2752.0,3498.0,1170.0,1191.0,5.0,7.0,0.0
1374.0,2623.0,948.0,2354.0,2398.0,2752.0,3498.0,1171.0,1191.0,5.0,7.0,0.0
1370.0,2611.0,947.0,2350.0,2389.0,2749.0,3490.0,1169.0,1190.0,5.0,7.0,0.0
1371.0,2603.0,948.0,2351.0,2390.0,2749.0,3489.0,1168.0,1190.0,5.0,7.0,0.0
1371.0,2596.0,949.0,2354.0,2398.0,2752.0,3490.0,1170.0,1191.0,5.0,7.0,0.0
1368.0,2583.0,949.0,2353.0,2398.0,2751.0,3486.0,1171.0,1191.0,5.0,7.0,0.0
1368.0,2577.0,951.0,2356.0,2404.0,2756.0,3487.0,1172.0,1192.0,5.0,7.0,0.0
1372.0,2583.0,953.0,2361.0,2416.0,2760.0,3494.0,1174.0,1194.0,5.0,7.0,0.0
1370.0,2589.0,952.0,2359.0,2416.0,2760.0,3496.0,1175.0,1193.0,5.0,7.0,0.0
1368.0,2597.0,950.0,2355.0,2409.0,2757.0,3497.0,1173.0,1192.0,5.0,7.0,0.0
1371.0,2615.0,950.0,2356.0,2409.0,2759.0,3503.0,1173.0,1193.0,5.0,7.0,0.0
1372.0,2631.0,948.0,2352.0,2405.0,2755.0,3507.0,1171.0,1190.0,5.0,7.0,0.0
1372.0,2639.0,947.0,2350.0,2396.0,2755.0,3513.0,1171.0,1190.0,5.0,7.0,0.0
1375.0,2647.0,949.0,2352.0,2397.0,2758.0,3518.0,1171.0,1191.0,5.0,7.0,0.0
1383.0,2660.0,956.0,2364.0,2413.0,2770.0,3532.0,1179.0,1198.0,5.0,7.0,0.0
1377.0,2650.0,954.0,2359.0,2409.0,2765.0,3524.0,1177.0,1197.0,5.0,7.0,0.0
1371.0,2632.0,951.0,2353.0,2405.0,2758.0,3513.0,1174.0,1194.0,5.0,7.0,0.0
1369.0,2619.0,949.0,2352.0,2410.0,2755.0,3502.0,1170.0,1190.0,5.0,7.0,0.0
1366.0,2604.0,947.0,2351.0,2410.0,2753.0,3494.0,1171.0,1190.0,5.0,7.0,0.0
1219.0,2536.0,985.0,2122.0,2467.0,2798.0,3528.0,1205.0,1268.0,6.0,7.0,0.0
1227.0,2550.0,995.0,2099.0,2484.0,2817.0,3546.0,1218.0,1277.0,6.0,7.0,0.0
1235.0,2561.0,995.0,2149.0,2503.0,2824.0,3560.0,1218.0,1244.0,6.0,7.0,0.0
1227.0,2549.0,986.0,2139.0,2489.0,2808.0,3546.0,1208.0,1233.0,6.0,7.0,0.0
1218.0,2538.0,975.0,2125.0,2479.0,2792.0,3531.0,1197.0,1221.0,6.0,7.0,0.0
1209.0,2525.0,968.0,2100.0,2465.0,2779.0,3518.0,1189.0,1212.0,6.0,7.0,0.0
1202.0,2515.0,963.0,2063.0,2456.0,2770.0,3505.0,1184.0,1206.0,6.0,7.0,0.0
1196.0,2511.0,957.0,2026.0,2453.0,2763.0,3497.0,1177.0,1198.0,6.0,7.0,0.0
1188.0,2502.0,951.0,2000.0,2443.0,2752.0,3486.0,1171.0,1190.0,6.0,7.0,0.0
1180.0,2489.0,944.0,1978.0,2428.0,2739.0,3472.0,1163.0,1182.0,6.0,7.0,0.0
1180.0,2489.0,942.0,1977.0,2429.0,2738.0,3471.0,1161.0,1180.0,6.0,7.0,0.0
1179.0,2488.0,940.0,1999.0,2428.0,2735.0,3469.0,1159.0,1177.0,6.0,7.0,0.0
1176.0,2481.0,936.0,2019.0,2417.0,2728.0,3460.0,1154.0,1173.0,6.0,7.0,0.0
1175.0,2479.0,934.0,2033.0,2415.0,2726.0,3459.0,1152.0,1171.0,6.0,7.0,0.0
1174.0,2480.0,933.0,2045.0,2417.0,2725.0,3459.0,1151.0,1169.0,6.0,7.0,0.0
1170.0,2474.0,929.0,2039.0,2409.0,2719.0,3454.0,1148.0,1166.0,6.0,7.0,0.0
1166.0,2470.0,927.0,2022.0,2403.0,2716.0,3449.0,1146.0,1164.0,6.0,7.0,0.0
1167.0,2472.0,927.0,2004.0,2409.0,2717.0,3450.0,1147.0,1164.0,6.0,7.0,0.0
1164.0,2471.0,926.0,1979.0,2408.0,2715.0,3447.0,1146.0,1162.0,6.0,7.0,0.0
1165.0,2473.0,925.0,1960.0,2410.0,2718.0,3448.0,1146.0,1162.0,6.0,7.0,0.0
1169.0,2476.0,931.0,1997.0,2411.0,2725.0,3457.0,1151.0,1167.0,6.0,7.0,0.0
1191.0,2507.0,950.0,2047.0,2444.0,2762.0,3494.0,1174.0,1190.0,6.0,7.0,0.0
1207.0,2531.0,969.0,2087.0,2468.0,2792.0,3524.0,1194.0,1211.0,6.0,7.0,0.0
1222.0,2549.0,985.0,2119.0,2488.0,2818.0,3548.0,1212.0,1230.0,6.0,7.0,0.0
1232.0,2565.0,993.0,2141.0,2506.0,2834.0,3565.0,1223.0,1241.0,6.0,7.0,0.0
1230.0,2561.0,992.0,2128.0,2504.0,2829.0,3558.0,1221.0,1240.0,6.0,7.0,0.0
1168.0,2466.0,944.0,1792.0,2417.0,2724.0,3452.0,1156.0,1191.0,7.0,7.0,0.0
1166.0,2456.0,937.0,1790.0,2420.0,2721.0,3448.0,1152.0,1182.0,7.0,7.0,0.0
1165.0,2437.0,935.0,1789.0,2416.0,2720.0,3448.0,1151.0,1205.0,7.0,7.0,0.0
1163.0,2413.0,931.0,1787.0,2417.0,2717.0,3443.0,1148.0,1201.0,7.0,7.0,0.0
1164.0,2407.0,930.0,1787.0,2423.0,2718.0,3446.0,1148.0,1199.0,7.0,7.0,0.0
1167.0,2412.0,931.0,1790.0,2430.0,2721.0,3449.0,1150.0,1200.0,7.0,7.0,0.0
1167.0,2420.0,931.0,1790.0,2428.0,2721.0,3449.0,1151.0,1200.0,7.0,7.0,0.0
1168.0,2441.0,931.0,1793.0,2441.0,2725.0,3453.0,1153.0,1173.0,7.0,7.0,0.0
1173.0,2468.0,935.0,1799.0,2450.0,2733.0,3463.0,1158.0,1176.0,7.0,7.0,0.0
1175.0,2478.0,937.0,1802.0,2453.0,2736.0,3465.0,1161.0,1179.0,7.0,7.0,0.0
1175.0,2473.0,938.0,1802.0,2451.0,2737.0,3465.0,1162.0,1179.0,7.0,7.0,0.0
1177.0,2460.0,939.0,1805.0,2452.0,2742.0,3470.0,1164.0,1181.0,7.0,7.0,0.0
1177.0,2437.0,938.0,1803.0,2440.0,2741.0,3465.0,1161.0,1178.0,7.0,7.0,0.0
1173.0,2406.0,936.0,1799.0,2420.0,2734.0,3454.0,1157.0,1174.0,7.0,7.0,0.0
1171.0,2385.0,934.0,1797.0,2411.0,2731.0,3451.0,1154.0,1170.0,7.0,7.0,0.0
1170.0,2382.0,932.0,1795.0,2411.0,2729.0,3452.0,1153.0,1169.0,7.0,7.0,0.0
1166.0,2393.0,928.0,1789.0,2409.0,2723.0,3446.0,1148.0,1164.0,7.0,7.0,0.0
1163.0,2411.0,926.0,1785.0,2414.0,2718.0,3444.0,1147.0,1162.0,7.0,7.0,0.0
1163.0,2436.0,926.0,1785.0,2430.0,2719.0,3447.0,1148.0,1162.0,7.0,7.0,0.0
1159.0,2451.0,923.0,1781.0,2430.0,2715.0,3443.0,1145.0,1160.0,7.0,7.0,0.0
1156.0,2453.0,920.0,1777.0,2423.0,2709.0,3435.0,1140.0,1156.0,7.0,7.0,0.0
1157.0,2452.0,920.0,1777.0,2425.0,2709.0,3436.0,1141.0,1156.0,7.0,7.0,0.0
1159.0,2443.0,921.0,1778.0,2428.0,2710.0,3436.0,1141.0,1156.0,7.0,7.0,0.0
1155.0,2424.0,917.0,1774.0,2420.0,2707.0,3434.0,1139.0,1153.0,7.0,7.0,0.0
1156.0,2413.0,918.0,1775.0,2422.0,2708.0,3436.0,1140.0,1153.0,7.0,7.0,0.0
1157.0,2412.0,919.0,1778.0,2428.0,2711.0,3442.0,1143.0,1155.0,7.0,7.0,0.0
1157.0,2412.0,919.0,1777.0,2427.0,2711.0,3442.0,1143.0,1155.0,7.0,7.0,0.0
1155.0,2421.0,919.0,1777.0,2425.0,2711.0,3441.0,1143.0,1156.0,7.0,7.0,0.0
1157.0,2438.0,921.0,1779.0,2430.0,2714.0,3442.0,1144.0,1157.0,7.0,7.0,0.0
1158.0,2451.0,922.0,1779.0,2431.0,2714.0,3442.0,1144.0,1158.0,7.0,7.0,0.0
1156.0,2453.0,922.0,1779.0,2426.0,2713.0,3439.0,1143.0,1158.0,7.0,7.0,0.0
1156.0,2455.0,922.0,1779.0,2428.0,2713.0,3439.0,1144.0,1158.0,7.0,7.0,0.0
1155.0,2453.0,920.0,1776.0,2429.0,2711.0,3438.0,1141.0,1155.0,7.0,7.0,0.0
1153.0,2442.0,919.0,1774.0,2423.0,2707.0,3434.0,1139.0,1154.0,7.0,7.0,0.0
1169.0,2215.0,937.0,1790.0,2312.0,2724.0,3290.0,1154.0,1181.0,8.0,7.0,0.0
1169.0,2244.0,935.0,1791.0,2325.0,2724.0,3296.0,1153.0,1205.0,8.0,7.0,0.0
1168.0,2257.0,933.0,1790.0,2334.0,2723.0,3294.0,1153.0,1203.0,8.0,7.0,0.0
1166.0,2245.0,931.0,1788.0,2327.0,2721.0,3294.0,1153.0,1202.0,8.0,7.0,0.0
1169.0,2220.0,931.0,1790.0,2314.0,2722.0,3292.0,1152.0,1201.0,8.0,7.0,0.0
1170.0,2190.0,931.0,1791.0,2292.0,2724.0,3287.0,1152.0,1200.0,8.0,7.0,0.0
1167.0,2157.0,930.0,1788.0,2273.0,2721.0,3279.0,1150.0,1170.0,8.0,7.0,0.0
1167.0,2137.0,928.0,1787.0,2258.0,2720.0,3278.0,1149.0,1168.0,8.0,7.0,0.0
1168.0,2139.0,929.0,1788.0,2259.0,2722.0,3278.0,1149.0,1167.0,8.0,7.0,0.0
1167.0,2155.0,928.0,1786.0,2267.0,2720.0,3277.0,1149.0,1165.0,8.0,7.0,0.0
1165.0,2178.0,927.0,1784.0,2285.0,2719.0,3280.0,1149.0,1165.0,8.0,7.0,0.0
1167.0,2209.0,927.0,1786.0,2314.0,2722.0,3286.0,1150.0,1165.0,8.0,7.0,0.0
1167.0,2236.0,928.0,1786.0,2331.0,2722.0,3289.0,1150.0,1165.0,8.0,7.0,0.0
1165.0,2245.0,927.0,1785.0,2337.0,2721.0,3289.0,1150.0,1165.0,8.0,7.0,0.0
1166.0,2236.0,926.0,1786.0,2338.0,2723.0,3292.0,1151.0,1166.0,8.0,7.0,0.0
1168.0,2215.0,927.0,1787.0,2328.0,2724.0,3290.0,1150.0,1165.0,8.0,7.0,0.0
1166.0,2184.0,926.0,1784.0,2305.0,2722.0,3283.0,1150.0,1165.0,8.0,7.0,0.0
1166.0,2156.0,926.0,1784.0,2285.0,2721.0,3278.0,1149.0,1164.0,8.0,7.0,0.0
1164.0,2136.0,925.0,1782.0,2272.0,2720.0,3275.0,1147.0,1162.0,8.0,7.0,0.0
1160.0,2130.0,922.0,1778.0,2263.0,2715.0,3269.0,1145.0,1160.0,8.0,7.0,0.0
1157.0,2135.0,920.0,1775.0,2264.0,2710.0,3264.0,1142.0,1156.0,8.0,7.0,0.0
1156.0,2154.0,918.0,1774.0,2280.0,2709.0,3267.0,1140.0,1155.0,8.0,7.0,0.0
1154.0,2177.0,916.0,1772.0,2295.0,2706.0,3269.0,1139.0,1152.0,8.0,7.0,0.0
1153.0,2197.0,916.0,1771.0,2306.0,2704.0,3270.0,1139.0,1151.0,8.0,7.0,0.0
1153.0,2212.0,917.0,1772.0,2316.0,2705.0,3274.0,1139.0,1151.0,8.0,7.0,0.0
1155.0,2214.0,918.0,1774.0,2322.0,2708.0,3277.0,1141.0,1153.0,8.0,7.0,0.0
1153.0,2195.0,917.0,1772.0,2312.0,2707.0,3274.0,1141.0,1153.0,8.0,7.0,0.0
1153.0,2172.0,917.0,1772.0,2300.0,2707.0,3268.0,1140.0,1154.0,8.0,7.0,0.0
1159.0,2157.0,922.0,1781.0,2297.0,2719.0,3275.0,1146.0,1159.0,8.0,7.0,0.0
1159.0,2138.0,921.0,1779.0,2284.0,2718.0,3270.0,1146.0,1160.0,8.0,7.0,0.0
1158.0,2126.0,919.0,1776.0,2275.0,2715.0,3266.0,1144.0,1158.0,8.0,7.0,0.0
1160.0,2131.0,920.0,1778.0,2280.0,2717.0,3268.0,1144.0,1158.0,8.0,7.0,0.0
1160.0,2143.0,921.0,1779.0,2289.0,2718.0,3272.0,1146.0,1159.0,8.0,7.0,0.0
1154.0,2151.0,915.0,1769.0,2291.0,2707.0,3264.0,1139.0,1152.0,8.0,7.0,0.0
1155.0,2169.0,916.0,1770.0,2304.0,2706.0,3266.0,1138.0,1151.0,8.0,7.0,0.0
1158.0,2188.0,919.0,1773.0,2318.0,2710.0,3272.0,1141.0,1154.0,8.0,7.0,0.0
1157.0,2190.0,918.0,1772.0,2320.0,2708.0,3271.0,1142.0,1154.0,8.0,7.0,0.0
1523.0,2437.0,1524.0,2446.0,1747.0,3114.0,3414.0,1675.0,1829.0,1.0,8.0,0.0
1521.0,2435.0,1522.0,2442.0,1744.0,3114.0,3412.0,1675.0,1826.0,1.0,8.0,0.0
1523.0,2441.0,1524.0,2446.0,1746.0,3122.0,3415.0,1680.0,1829.0,1.0,8.0,0.0
1523.0,2443.0,1524.0,2446.0,1744.0,3128.0,3416.0,1684.0,1829.0,1.0,8.0,0.0
1521.0,2443.0,1524.0,2443.0,1743.0,3132.0,3416.0,1687.0,1827.0,1.0,8.0,0.0
1525.0,2451.0,1526.0,2450.0,1745.0,3143.0,3421.0,1693.0,1831.0,1.0,8.0,0.0
1528.0,2459.0,1529.0,2457.0,1748.0,3153.0,3428.0,1700.0,1834.0,1.0,8.0,0.0
1526.0,2458.0,1528.0,2453.0,1746.0,3155.0,3426.0,1700.0,1832.0,1.0,8.0,0.0
1527.0,2460.0,1529.0,2455.0,1748.0,3158.0,3430.0,1702.0,1832.0,1.0,8.0,0.0
1531.0,2464.0,1531.0,2460.0,1750.0,3160.0,3432.0,1702.0,1835.0,1.0,8.0,0.0
1528.0,2460.0,1531.0,2455.0,1749.0,3154.0,3429.0,1698.0,1833.0,1.0,8.0,0.0
1526.0,2454.0,1531.0,2452.0,1747.0,3145.0,3426.0,1693.0,1831.0,1.0,8.0,0.0
1530.0,2455.0,1534.0,2459.0,1751.0,3141.0,3430.0,1693.0,1834.0,1.0,8.0,0.0
1530.0,2452.0,1535.0,2459.0,1752.0,3134.0,3428.0,1689.0,1835.0,1.0,8.0,0.0
1525.0,2445.0,1532.0,2452.0,1750.0,3126.0,3425.0,1685.0,1832.0,1.0,8.0,0.0
1529.0,2445.0,1535.0,2456.0,1753.0,3124.0,3425.0,1685.0,1835.0,1.0,8.0,0.0
1531.0,2448.0,1537.0,2459.0,1756.0,3125.0,3427.0,1684.0,1836.0,1.0,8.0,0.0
1527.0,2443.0,1533.0,2452.0,1752.0,3119.0,3420.0,1680.0,1834.0,1.0,8.0,0.0
1528.0,2445.0,1534.0,2453.0,1753.0,3120.0,3420.0,1681.0,1835.0,1.0,8.0,0.0
1532.0,2451.0,1538.0,2459.0,1756.0,3125.0,3424.0,1683.0,1837.0,1.0,8.0,0.0
1528.0,2448.0,1534.0,2452.0,1737.0,3145.0,3421.0,1682.0,1834.0,1.0,8.0,0.0
1525.0,2444.0,1530.0,2448.0,1734.0,3145.0,3416.0,1682.0,1831.0,1.0,8.0,0.0
1528.0,2449.0,1531.0,2454.0,1736.0,3153.0,3421.0,1686.0,1833.0,1.0,8.0,0.0
1526.0,2449.0,1528.0,2453.0,1733.0,3157.0,3420.0,1687.0,1831.0,1.0,8.0,0.0
1521.0,2445.0,1524.0,2447.0,1728.0,3156.0,3417.0,1688.0,1827.0,1.0,8.0,0.0
1524.0,2450.0,1526.0,2451.0,1745.0,3143.0,3421.0,1693.0,1829.0,1.0,8.0,0.0
1525.0,2453.0,1526.0,2452.0,1746.0,3149.0,3426.0,1697.0,1830.0,1.0,8.0,0.0
1521.0,2448.0,1523.0,2446.0,1742.0,3146.0,3422.0,1696.0,1827.0,1.0,8.0,0.0
1522.0,2448.0,1522.0,2446.0,1744.0,3144.0,3420.0,1695.0,1828.0,1.0,8.0,0.0
1525.0,2451.0,1524.0,2451.0,1746.0,3144.0,3423.0,1695.0,1830.0,1.0,8.0,0.0
1522.0,2445.0,1522.0,2446.0,1742.0,3135.0,3418.0,1689.0,1827.0,1.0,8.0,0.0
1519.0,2440.0,1521.0,2443.0,1740.0,3127.0,3414.0,1684.0,1824.0,1.0,8.0,0.0
1524.0,2443.0,1525.0,2448.0,1744.0,3125.0,3416.0,1682.0,1827.0,1.0,8.0,0.0
1523.0,2440.0,1524.0,2445.0,1743.0,3120.0,3416.0,1679.0,1824.0,1.0,8.0,0.0
1520.0,2434.0,1522.0,2440.0,1741.0,3113.0,3411.0,1674.0,1822.0,1.0,8.0,0.0
1524.0,2438.0,1525.0,2445.0,1746.0,3115.0,3414.0,1675.0,1824.0,1.0,8.0,0.0
1525.0,2439.0,1526.0,2448.0,1746.0,3115.0,3413.0,1676.0,1827.0,1.0,8.0,0.0
1522.0,2436.0,1526.0,2444.0,1745.0,3114.0,3410.0,1677.0,1826.0,1.0,8.0,0.0
1525.0,2441.0,1530.0,2449.0,1749.0,3118.0,3414.0,1681.0,1831.0,1.0,8.0,0.0
1530.0,2449.0,1535.0,2457.0,1753.0,3126.0,3419.0,1687.0,1837.0,1.0,8.0,0.0
1531.0,2450.0,1536.0,2456.0,1752.0,3129.0,3420.0,1689.0,1837.0,1.0,8.0,0.0
1534.0,2453.0,1538.0,2457.0,1755.0,3136.0,3423.0,1694.0,1839.0,1.0,8.0,0.0
1536.0,2455.0,1543.0,2462.0,1754.0,3144.0,3430.0,1705.0,1845.0,1.0,8.0,0.0
1531.0,2444.0,1535.0,2452.0,1745.0,3124.0,3415.0,1689.0,1835.0,1.0,8.0,0.0
1515.0,2419.0,1516.0,2426.0,1727.0,3095.0,3386.0,1667.0,1814.0,1.0,8.0,0.0
1505.0,2403.0,1501.0,2410.0,1711.0,3075.0,3365.0,1649.0,1798.0,1.0,8.0,0.0
1495.0,2387.0,1484.0,2392.0,1695.0,3053.0,3342.0,1631.0,1781.0,1.0,8.0,0.0
1480.0,2363.0,1463.0,2365.0,1674.0,3027.0,3312.0,1610.0,1759.0,1.0,8.0,0.0
1482.0,2360.0,1457.0,2363.0,1671.0,3025.0,3307.0,1606.0,1754.0,1.0,8.0,0.0
1491.0,2368.0,1460.0,2370.0,1675.0,3034.0,3314.0,1611.0,1758.0,1.0,8.0,0.0
1493.0,2369.0,1460.0,2368.0,1674.0,3037.0,3315.0,1614.0,1757.0,1.0,8.0,0.0
1496.0,2369.0,1458.0,2367.0,1674.0,3040.0,3313.0,1616.0,1757.0,1.0,8.0,0.0
1498.0,2372.0,1457.0,2369.0,1674.0,3043.0,3316.0,1618.0,1757.0,1.0,8.0,0.0
1497.0,2371.0,1456.0,2367.0,1673.0,3045.0,3316.0,1619.0,1755.0,1.0,8.0,0.0
1490.0,2363.0,1450.0,2357.0,1667.0,3039.0,3310.0,1615.0,1748.0,1.0,8.0,0.0
1488.0,2360.0,1447.0,2354.0,1665.0,3034.0,3304.0,1610.0,1744.0,1.0,8.0,0.0
1487.0,2358.0,1448.0,2355.0,1668.0,3032.0,3304.0,1607.0,1744.0,1.0,8.0,0.0
1492.0,2364.0,1453.0,2365.0,1675.0,3037.0,3311.0,1611.0,1751.0,1.0,8.0,0.0
1493.0,2364.0,1457.0,2365.0,1666.0,3036.0,3313.0,1613.0,1781.0,1.0,8.0,0.0
1497.0,2368.0,1463.0,2371.0,1671.0,3039.0,3319.0,1617.0,1787.0,1.0,8.0,0.0
1503.0,2374.0,1468.0,2379.0,1677.0,3042.0,3325.0,1620.0,1793.0,1.0,8.0,0.0
1510.0,2384.0,1477.0,2389.0,1685.0,3053.0,3339.0,1629.0,1801.0,1.0,8.0,0.0
1514.0,2388.0,1483.0,2395.0,1691.0,3060.0,3347.0,1636.0,1807.0,1.0,8.0,0.0
1521.0,2397.0,1489.0,2405.0,1708.0,3068.0,3355.0,1642.0,1788.0,1.0,8.0,0.0
1522.0,2399.0,1491.0,2406.0,1708.0,3070.0,3359.0,1644.0,1790.0,1.0,8.0,0.0
1514.0,2389.0,1483.0,2394.0,1699.0,3062.0,3351.0,1639.0,1783.0,1.0,8.0,0.0
1505.0,2376.0,1471.0,2380.0,1687.0,3046.0,3333.0,1626.0,1770.0,1.0,8.0,0.0
1499.0,2371.0,1462.0,2374.0,1679.0,3037.0,3322.0,1617.0,1760.0,1.0,8.0,0.0
1491.0,2362.0,1454.0,2362.0,1670.0,3030.0,3312.0,1610.0,1749.0,1.0,8.0,0.0
1486.0,2358.0,1449.0,2357.0,1666.0,3029.0,3305.0,1607.0,1744.0,1.0,8.0,0.0
1489.0,2364.0,1451.0,2362.0,1670.0,3034.0,3306.0,1609.0,1746.0,1.0,8.0,0.0
1487.0,2363.0,1450.0,2360.0,1669.0,3035.0,3303.0,1609.0,1745.0,1.0,8.0,0.0
1483.0,2361.0,1448.0,2355.0,1666.0,3032.0,3300.0,1609.0,1743.0,1.0,8.0,0.0
1488.0,2365.0,1450.0,2361.0,1670.0,3036.0,3305.0,1611.0,1747.0,1.0,8.0,0.0
1490.0,2366.0,1452.0,2362.0,1671.0,3036.0,3306.0,1611.0,1748.0,1.0,8.0,0.0
1484.0,2359.0,1447.0,2354.0,1665.0,3029.0,3301.0,1607.0,1743.0,1.0,8.0,0.0
1488.0,2359.0,1450.0,2359.0,1668.0,3029.0,3308.0,1607.0,1746.0,1.0,8.0,0.0
1494.0,2368.0,1455.0,2368.0,1674.0,3039.0,3316.0,1615.0,1752.0,1.0,8.0,0.0
1493.0,2368.0,1455.0,2366.0,1672.0,3041.0,3318.0,1617.0,1752.0,1.0,8.0,0.0
1494.0,2369.0,1457.0,2367.0,1674.0,3044.0,3320.0,1618.0,1753.0,1.0,8.0,0.0
1498.0,2375.0,1459.0,2372.0,1677.0,3048.0,3321.0,1620.0,1755.0,1.0,8.0,0.0
1496.0,2374.0,1458.0,2368.0,1675.0,3046.0,3320.0,1619.0,1754.0,1.0,8.0,0.0
1495.0,2370.0,1459.0,2365.0,1675.0,3044.0,3318.0,1617.0,1753.0,1.0,8.0,0.0
1501.0,2375.0,1462.0,2371.0,1680.0,3046.0,3321.0,1619.0,1757.0,1.0,8.0,0.0
1503.0,2374.0,1462.0,2372.0,1682.0,3044.0,3319.0,1619.0,1757.0,1.0,8.0,0.0
1498.0,2368.0,1460.0,2367.0,1678.0,3037.0,3316.0,1617.0,1755.0,1.0,8.0,0.0
1501.0,2369.0,1461.0,2371.0,1679.0,3036.0,3317.0,1616.0,1757.0,1.0,8.0,0.0
1503.0,2372.0,1463.0,2375.0,1681.0,3036.0,3319.0,1617.0,1759.0,1.0,8.0,0.0
1499.0,2366.0,1461.0,2370.0,1677.0,3032.0,3316.0,1615.0,1756.0,1.0,8.0,0.0
1471.0,2566.0,1422.0,2550.0,1871.0,2968.0,3441.0,1197.0,1761.0,2.0,8.0,0.0
1467.0,2562.0,1419.0,2544.0,1867.0,2965.0,3436.0,1195.0,1757.0,2.0,8.0,0.0
1469.0,2566.0,1418.0,2547.0,1869.0,2966.0,3440.0,1196.0,1758.0,2.0,8.0,0.0
1468.0,2568.0,1417.0,2547.0,1869.0,2965.0,3440.0,1193.0,1755.0,2.0,8.0,0.0
1464.0,2565.0,1415.0,2541.0,1866.0,2962.0,3435.0,1192.0,1751.0,2.0,8.0,0.0
1466.0,2565.0,1415.0,2544.0,1869.0,2964.0,3438.0,1192.0,1751.0,2.0,8.0,0.0
1468.0,2567.0,1414.0,2547.0,1871.0,2966.0,3442.0,1192.0,1752.0,2.0,8.0,0.0
1464.0,2559.0,1411.0,2542.0,1866.0,2962.0,3438.0,1190.0,1748.0,2.0,8.0,0.0
1463.0,2556.0,1411.0,2542.0,1866.0,2960.0,3437.0,1191.0,1749.0,2.0,8.0,0.0
1467.0,2561.0,1412.0,2547.0,1871.0,2963.0,3441.0,1192.0,1750.0,2.0,8.0,0.0
1464.0,2559.0,1411.0,2544.0,1867.0,2961.0,3439.0,1190.0,1747.0,2.0,8.0,0.0
1462.0,2556.0,1409.0,2540.0,1865.0,2958.0,3434.0,1188.0,1745.0,2.0,8.0,0.0
1465.0,2560.0,1410.0,2544.0,1869.0,2961.0,3435.0,1190.0,1747.0,2.0,8.0,0.0
1463.0,2559.0,1407.0,2541.0,1866.0,2960.0,3434.0,1188.0,1744.0,2.0,8.0,0.0
1456.0,2549.0,1402.0,2532.0,1859.0,2952.0,3426.0,1184.0,1739.0,2.0,8.0,0.0
1456.0,2548.0,1401.0,2531.0,1859.0,2952.0,3424.0,1183.0,1738.0,2.0,8.0,0.0
1458.0,2552.0,1401.0,2535.0,1861.0,2953.0,3424.0,1182.0,1738.0,2.0,8.0,0.0
1453.0,2547.0,1397.0,2527.0,1854.0,2948.0,3422.0,1180.0,1733.0,2.0,8.0,0.0
1452.0,2545.0,1396.0,2525.0,1853.0,2946.0,3420.0,1179.0,1731.0,2.0,8.0,0.0
1457.0,2551.0,1398.0,2531.0,1858.0,2949.0,3423.0,1181.0,1733.0,2.0,8.0,0.0
1456.0,2551.0,1397.0,2530.0,1856.0,2948.0,3423.0,1182.0,1733.0,2.0,8.0,0.0
1452.0,2546.0,1395.0,2524.0,1851.0,2944.0,3421.0,1180.0,1730.0,2.0,8.0,0.0
1454.0,2550.0,1396.0,2527.0,1854.0,2946.0,3421.0,1180.0,1732.0,2.0,8.0,0.0
1456.0,2555.0,1398.0,2530.0,1856.0,2948.0,3423.0,1182.0,1733.0,2.0,8.0,0.0
1452.0,2550.0,1396.0,2525.0,1852.0,2946.0,3419.0,1181.0,1731.0,2.0,8.0,0.0
1452.0,2551.0,1396.0,2524.0,1853.0,2946.0,3420.0,1180.0,1730.0,2.0,8.0,0.0
1456.0,2557.0,1398.0,2530.0,1858.0,2950.0,3422.0,1182.0,1733.0,2.0,8.0,0.0
1455.0,2555.0,1398.0,2526.0,1855.0,2947.0,3420.0,1182.0,1731.0,2.0,8.0,0.0
1453.0,2552.0,1396.0,2523.0,1854.0,2945.0,3417.0,1182.0,1730.0,2.0,8.0,0.0
1458.0,2558.0,1399.0,2529.0,1849.0,2949.0,3422.0,1184.0,1760.0,2.0,8.0,0.0
1459.0,2561.0,1401.0,2530.0,1851.0,2951.0,3422.0,1186.0,1761.0,2.0,8.0,0.0
1458.0,2558.0,1401.0,2527.0,1849.0,2950.0,3421.0,1188.0,1761.0,2.0,8.0,0.0
1461.0,2561.0,1403.0,2533.0,1854.0,2953.0,3426.0,1188.0,1764.0,2.0,8.0,0.0
1465.0,2565.0,1405.0,2537.0,1858.0,2957.0,3430.0,1190.0,1767.0,2.0,8.0,0.0
1462.0,2559.0,1404.0,2534.0,1864.0,2954.0,3428.0,1189.0,1739.0,2.0,8.0,0.0
1462.0,2556.0,1403.0,2534.0,1863.0,2953.0,3427.0,1188.0,1738.0,2.0,8.0,0.0
1465.0,2558.0,1403.0,2538.0,1865.0,2955.0,3429.0,1187.0,1739.0,2.0,8.0,0.0
1463.0,2555.0,1402.0,2534.0,1863.0,2953.0,3426.0,1188.0,1738.0,2.0,8.0,0.0
1461.0,2553.0,1400.0,2530.0,1861.0,2951.0,3423.0,1188.0,1737.0,2.0,8.0,0.0
1464.0,2560.0,1402.0,2533.0,1864.0,2954.0,3425.0,1188.0,1738.0,2.0,8.0,0.0
1464.0,2563.0,1402.0,2533.0,1864.0,2953.0,3427.0,1189.0,1738.0,2.0,8.0,0.0
1461.0,2560.0,1402.0,2528.0,1861.0,2951.0,3424.0,1188.0,1735.0,2.0,8.0,0.0
1464.0,2563.0,1402.0,2531.0,1863.0,2953.0,3426.0,1187.0,1737.0,2.0,8.0,0.0
1465.0,2563.0,1403.0,2535.0,1864.0,2954.0,3427.0,1186.0,1736.0,2.0,8.0,0.0
1461.0,2555.0,1402.0,2531.0,1861.0,2951.0,3423.0,1186.0,1735.0,2.0,8.0,0.0
1462.0,2553.0,1403.0,2531.0,1861.0,2951.0,3421.0,1187.0,1737.0,2.0,8.0,0.0
1462.0,2555.0,1402.0,2534.0,1862.0,2951.0,3422.0,1185.0,1736.0,2.0,8.0,0.0
1457.0,2550.0,1399.0,2528.0,1857.0,2946.0,3420.0,1183.0,1733.0,2.0,8.0,0.0
1456.0,2546.0,1398.0,2523.0,1854.0,2944.0,3417.0,1182.0,1731.0,2.0,8.0,0.0
1457.0,2550.0,1397.0,2526.0,1856.0,2946.0,3419.0,1182.0,1731.0,2.0,8.0,0.0
1454.0,2549.0,1394.0,2523.0,1853.0,2943.0,3417.0,1179.0,1727.0,2.0,8.0,0.0
1452.0,2547.0,1394.0,2518.0,1850.0,2941.0,3416.0,1180.0,1726.0,2.0,8.0,0.0
1455.0,2551.0,1394.0,2522.0,1854.0,2943.0,3416.0,1181.0,1728.0,2.0,8.0,0.0
1456.0,2556.0,1395.0,2525.0,1856.0,2944.0,3418.0,1181.0,1729.0,2.0,8.0,0.0
1453.0,2553.0,1394.0,2520.0,1852.0,2941.0,3415.0,1181.0,1726.0,2.0,8.0,0.0
1454.0,2552.0,1394.0,2519.0,1853.0,2941.0,3415.0,1183.0,1727.0,2.0,8.0,0.0
1457.0,2555.0,1395.0,2523.0,1856.0,2944.0,3416.0,1182.0,1728.0,2.0,8.0,0.0
1455.0,2552.0,1394.0,2520.0,1853.0,2942.0,3413.0,1181.0,1726.0,2.0,8.0,0.0
1453.0,2549.0,1393.0,2517.0,1851.0,2940.0,3412.0,1180.0,1724.0,2.0,8.0,0.0
1455.0,2552.0,1393.0,2522.0,1854.0,2942.0,3415.0,1181.0,1726.0,2.0,8.0,0.0
1456.0,2555.0,1393.0,2522.0,1854.0,2942.0,3413.0,1180.0,1726.0,2.0,8.0,0.0
1454.0,2552.0,1393.0,2518.0,1851.0,2940.0,3413.0,1181.0,1724.0,2.0,8.0,0.0
1456.0,2554.0,1395.0,2521.0,1853.0,2942.0,3415.0,1182.0,1727.0,2.0,8.0,0.0
1459.0,2559.0,1397.0,2527.0,1858.0,2945.0,3418.0,1184.0,1730.0,2.0,8.0,0.0
1458.0,2557.0,1397.0,2525.0,1856.0,2945.0,3418.0,1185.0,1731.0,2.0,8.0,0.0
1459.0,2557.0,1398.0,2527.0,1858.0,2947.0,3420.0,1186.0,1733.0,2.0,8.0,0.0
1463.0,2562.0,1400.0,2534.0,1864.0,2952.0,3423.0,1187.0,1736.0,2.0,8.0,0.0
1462.0,2563.0,1400.0,2532.0,1863.0,2951.0,3426.0,1186.0,1735.0,2.0,8.0,0.0
1460.0,2559.0,1400.0,2527.0,1860.0,2949.0,3422.0,1186.0,1734.0,2.0,8.0,0.0
1463.0,2564.0,1401.0,2531.0,1864.0,2952.0,3425.0,1186.0,1735.0,2.0,8.0,0.0
1464.0,2567.0,1402.0,2531.0,1863.0,2952.0,3428.0,1185.0,1734.0,2.0,8.0,0.0
1460.0,2563.0,1400.0,2525.0,1859.0,2949.0,3427.0,1185.0,1731.0,2.0,8.0,0.0
1462.0,2565.0,1401.0,2527.0,1862.0,2950.0,3428.0,1186.0,1732.0,2.0,8.0,0.0
1464.0,2570.0,1403.0,2531.0,1864.0,2952.0,3429.0,1187.0,1733.0,2.0,8.0,0.0
1461.0,2567.0,1402.0,2527.0,1862.0,2950.0,3426.0,1187.0,1731.0,2.0,8.0,0.0
1475.0,2652.0,1171.0,2579.0,2066.0,2877.0,3478.0,1176.0,1675.0,3.0,8.0,0.0
1469.0,2653.0,1151.0,2578.0,2080.0,2872.0,3476.0,1172.0,1647.0,3.0,8.0,0.0
1456.0,2644.0,1137.0,2569.0,2077.0,2863.0,3468.0,1167.0,1620.0,3.0,8.0,0.0
1451.0,2643.0,1134.0,2569.0,2077.0,2861.0,3465.0,1165.0,1605.0,3.0,8.0,0.0
1448.0,2645.0,1137.0,2570.0,2069.0,2860.0,3461.0,1163.0,1601.0,3.0,8.0,0.0
1443.0,2639.0,1146.0,2563.0,2047.0,2857.0,3456.0,1160.0,1602.0,3.0,8.0,0.0
1443.0,2633.0,1157.0,2558.0,2029.0,2855.0,3452.0,1159.0,1607.0,3.0,8.0,0.0
1449.0,2637.0,1167.0,2562.0,2026.0,2856.0,3455.0,1160.0,1616.0,3.0,8.0,0.0
1450.0,2635.0,1169.0,2559.0,2021.0,2855.0,3454.0,1158.0,1621.0,3.0,8.0,0.0
1449.0,2628.0,1162.0,2554.0,2019.0,2851.0,3451.0,1157.0,1622.0,3.0,8.0,0.0
1451.0,2628.0,1150.0,2557.0,2030.0,2849.0,3449.0,1155.0,1618.0,3.0,8.0,0.0
1452.0,2630.0,1135.0,2557.0,2046.0,2846.0,3449.0,1154.0,1610.0,3.0,8.0,0.0
1448.0,2623.0,1121.0,2550.0,2057.0,2841.0,3443.0,1151.0,1598.0,3.0,8.0,0.0
1447.0,2621.0,1112.0,2548.0,2067.0,2838.0,3439.0,1149.0,1590.0,3.0,8.0,0.0
1449.0,2625.0,1108.0,2550.0,2071.0,2838.0,3440.0,1147.0,1585.0,3.0,8.0,0.0
1446.0,2621.0,1110.0,2545.0,2059.0,2836.0,3439.0,1146.0,1584.0,3.0,8.0,0.0
1443.0,2617.0,1115.0,2542.0,2041.0,2835.0,3436.0,1146.0,1586.0,3.0,8.0,0.0
1445.0,2623.0,1124.0,2546.0,2028.0,2839.0,3439.0,1147.0,1592.0,3.0,8.0,0.0
1441.0,2622.0,1130.0,2545.0,2016.0,2838.0,3441.0,1147.0,1592.0,3.0,8.0,0.0
1435.0,2617.0,1133.0,2539.0,2007.0,2836.0,3437.0,1146.0,1588.0,3.0,8.0,0.0
1435.0,2621.0,1133.0,2541.0,2012.0,2838.0,3439.0,1148.0,1584.0,3.0,8.0,0.0
1434.0,2625.0,1127.0,2544.0,2021.0,2839.0,3442.0,1148.0,1577.0,3.0,8.0,0.0
1429.0,2618.0,1117.0,2539.0,2028.0,2835.0,3438.0,1147.0,1568.0,3.0,8.0,0.0
1430.0,2619.0,1109.0,2540.0,2042.0,2835.0,3436.0,1148.0,1564.0,3.0,8.0,0.0
1436.0,2623.0,1104.0,2545.0,2054.0,2837.0,3440.0,1149.0,1566.0,3.0,8.0,0.0
1437.0,2620.0,1101.0,2542.0,2053.0,2835.0,3438.0,1148.0,1570.0,3.0,8.0,0.0
1439.0,2617.0,1102.0,2541.0,2039.0,2834.0,3437.0,1149.0,1605.0,3.0,8.0,0.0
1448.0,2625.0,1108.0,2548.0,2038.0,2839.0,3444.0,1150.0,1619.0,3.0,8.0,0.0
1450.0,2627.0,1112.0,2551.0,2031.0,2841.0,3448.0,1151.0,1630.0,3.0,8.0,0.0
1450.0,2623.0,1114.0,2548.0,2024.0,2841.0,3446.0,1151.0,1637.0,3.0,8.0,0.0
1454.0,2627.0,1116.0,2554.0,2031.0,2845.0,3450.0,1153.0,1640.0,3.0,8.0,0.0
1455.0,2631.0,1116.0,2557.0,2051.0,2848.0,3453.0,1152.0,1609.0,3.0,8.0,0.0
1450.0,2625.0,1111.0,2552.0,2056.0,2844.0,3450.0,1151.0,1597.0,3.0,8.0,0.0
1447.0,2624.0,1109.0,2551.0,2063.0,2842.0,3447.0,1150.0,1586.0,3.0,8.0,0.0
1445.0,2629.0,1109.0,2556.0,2069.0,2844.0,3449.0,1151.0,1579.0,3.0,8.0,0.0
1438.0,2627.0,1109.0,2552.0,2062.0,2842.0,3446.0,1150.0,1571.0,3.0,8.0,0.0
1433.0,2623.0,1112.0,2548.0,2049.0,2841.0,3444.0,1149.0,1568.0,3.0,8.0,0.0
1433.0,2628.0,1118.0,2552.0,2042.0,2844.0,3446.0,1151.0,1570.0,3.0,8.0,0.0
1431.0,2629.0,1121.0,2552.0,2032.0,2843.0,3447.0,1152.0,1571.0,3.0,8.0,0.0
1353.0,2630.0,944.0,2517.0,2192.0,2774.0,3448.0,1154.0,1544.0,4.0,8.0,0.0
1353.0,2632.0,940.0,2516.0,2193.0,2785.0,3447.0,1151.0,1547.0,4.0,8.0,0.0
1350.0,2630.0,937.0,2513.0,2190.0,2788.0,3445.0,1148.0,1544.0,4.0,8.0,0.0
1346.0,2623.0,934.0,2505.0,2184.0,2783.0,3440.0,1145.0,1540.0,4.0,8.0,0.0
1347.0,2625.0,933.0,2503.0,2187.0,2775.0,3440.0,1145.0,1536.0,4.0,8.0,0.0
1348.0,2629.0,933.0,2503.0,2192.0,2763.0,3442.0,1145.0,1523.0,4.0,8.0,0.0
1343.0,2624.0,931.0,2496.0,2186.0,2745.0,3439.0,1145.0,1499.0,4.0,8.0,0.0
1343.0,2623.0,931.0,2497.0,2186.0,2732.0,3439.0,1145.0,1480.0,4.0,8.0,0.0
1346.0,2629.0,931.0,2507.0,2193.0,2727.0,3442.0,1147.0,1473.0,4.0,8.0,0.0
1344.0,2625.0,929.0,2511.0,2188.0,2727.0,3440.0,1145.0,1470.0,4.0,8.0,0.0
1343.0,2621.0,927.0,2514.0,2183.0,2735.0,3436.0,1145.0,1479.0,4.0,8.0,0.0
1346.0,2623.0,926.0,2525.0,2186.0,2749.0,3438.0,1144.0,1499.0,4.0,8.0,0.0
1346.0,2624.0,925.0,2530.0,2184.0,2761.0,3437.0,1142.0,1515.0,4.0,8.0,0.0
1344.0,2618.0,925.0,2526.0,2168.0,2767.0,3433.0,1141.0,1549.0,4.0,8.0,0.0
1347.0,2622.0,927.0,2529.0,2172.0,2774.0,3436.0,1143.0,1553.0,4.0,8.0,0.0
1350.0,2628.0,930.0,2528.0,2178.0,2771.0,3443.0,1144.0,1555.0,4.0,8.0,0.0
1348.0,2625.0,930.0,2516.0,2176.0,2759.0,3442.0,1145.0,1546.0,4.0,8.0,0.0
1349.0,2625.0,931.0,2506.0,2180.0,2749.0,3443.0,1148.0,1530.0,4.0,8.0,0.0
1352.0,2632.0,932.0,2504.0,2197.0,2742.0,3447.0,1150.0,1488.0,4.0,8.0,0.0
1351.0,2630.0,931.0,2499.0,2195.0,2732.0,3447.0,1150.0,1479.0,4.0,8.0,0.0
1348.0,2625.0,930.0,2498.0,2190.0,2730.0,3445.0,1150.0,1476.0,4.0,8.0,0.0
1352.0,2631.0,931.0,2510.0,2195.0,2742.0,3449.0,1151.0,1485.0,4.0,8.0,0.0
1353.0,2631.0,931.0,2523.0,2194.0,2752.0,3450.0,1151.0,1502.0,4.0,8.0,0.0
1350.0,2624.0,929.0,2528.0,2187.0,2759.0,3446.0,1148.0,1516.0,4.0,8.0,0.0
1351.0,2625.0,930.0,2537.0,2188.0,2767.0,3447.0,1148.0,1524.0,4.0,8.0,0.0
1354.0,2628.0,930.0,2544.0,2191.0,2770.0,3449.0,1147.0,1526.0,4.0,8.0,0.0
1351.0,2623.0,929.0,2541.0,2186.0,2759.0,3445.0,1145.0,1522.0,4.0,8.0,0.0
1349.0,2621.0,928.0,2538.0,2185.0,2749.0,3443.0,1144.0,1512.0,4.0,8.0,0.0
1351.0,2628.0,930.0,2537.0,2192.0,2741.0,3446.0,1146.0,1498.0,4.0,8.0,0.0
1349.0,2628.0,931.0,2528.0,2190.0,2731.0,3443.0,1146.0,1485.0,4.0,8.0,0.0
1345.0,2622.0,929.0,2515.0,2185.0,2723.0,3437.0,1144.0,1475.0,4.0,8.0,0.0
1346.0,2624.0,927.0,2508.0,2187.0,2727.0,3438.0,1145.0,1475.0,4.0,8.0,0.0
1345.0,2624.0,927.0,2499.0,2187.0,2734.0,3438.0,1143.0,1480.0,4.0,8.0,0.0
1340.0,2617.0,924.0,2487.0,2179.0,2739.0,3433.0,1141.0,1491.0,4.0,8.0,0.0
1339.0,2615.0,922.0,2482.0,2178.0,2747.0,3431.0,1139.0,1502.0,4.0,8.0,0.0
1340.0,2619.0,922.0,2485.0,2182.0,2755.0,3437.0,1140.0,1509.0,4.0,8.0,0.0
1336.0,2614.0,922.0,2484.0,2177.0,2753.0,3432.0,1138.0,1509.0,4.0,8.0,0.0
1336.0,2612.0,922.0,2487.0,2176.0,2746.0,3429.0,1137.0,1506.0,4.0,8.0,0.0
1338.0,2617.0,923.0,2498.0,2182.0,2739.0,3432.0,1138.0,1500.0,4.0,8.0,0.0
1337.0,2617.0,923.0,2503.0,2181.0,2729.0,3431.0,1139.0,1486.0,4.0,8.0,0.0
1335.0,2613.0,923.0,2506.0,2177.0,2720.0,3426.0,1139.0,1475.0,4.0,8.0,0.0
1339.0,2684.0,976.0,2399.0,2252.0,2782.0,3507.0,1192.0,1227.0,5.0,8.0,0.0
1354.0,2688.0,974.0,2411.0,2254.0,2783.0,3507.0,1191.0,1225.0,5.0,8.0,0.0
1352.0,2668.0,960.0,2396.0,2231.0,2758.0,3482.0,1175.0,1208.0,5.0,8.0,0.0
1342.0,2645.0,944.0,2375.0,2207.0,2733.0,3459.0,1160.0,1190.0,5.0,8.0,0.0
1336.0,2643.0,938.0,2373.0,2205.0,2728.0,3455.0,1156.0,1184.0,5.0,8.0,0.0
1321.0,2638.0,934.0,2367.0,2202.0,2723.0,3450.0,1152.0,1178.0,5.0,8.0,0.0
1302.0,2631.0,931.0,2358.0,2196.0,2719.0,3447.0,1149.0,1172.0,5.0,8.0,0.0
1289.0,2632.0,930.0,2356.0,2200.0,2719.0,3448.0,1149.0,1170.0,5.0,8.0,0.0
1279.0,2635.0,930.0,2356.0,2203.0,2720.0,3449.0,1148.0,1169.0,5.0,8.0,0.0
1279.0,2632.0,931.0,2354.0,2190.0,2719.0,3447.0,1148.0,1197.0,5.0,8.0,0.0
1292.0,2635.0,933.0,2358.0,2193.0,2723.0,3453.0,1151.0,1201.0,5.0,8.0,0.0
1311.0,2644.0,936.0,2368.0,2202.0,2730.0,3460.0,1157.0,1207.0,5.0,8.0,0.0
1329.0,2648.0,940.0,2379.0,2205.0,2737.0,3466.0,1161.0,1212.0,5.0,8.0,0.0
1342.0,2649.0,943.0,2383.0,2206.0,2740.0,3466.0,1163.0,1213.0,5.0,8.0,0.0
1349.0,2654.0,943.0,2388.0,2220.0,2742.0,3470.0,1163.0,1185.0,5.0,8.0,0.0
1349.0,2654.0,942.0,2384.0,2219.0,2740.0,3468.0,1162.0,1183.0,5.0,8.0,0.0
1340.0,2645.0,939.0,2371.0,2211.0,2734.0,3463.0,1158.0,1178.0,5.0,8.0,0.0
1328.0,2641.0,936.0,2359.0,2209.0,2728.0,3457.0,1155.0,1174.0,5.0,8.0,0.0
1316.0,2642.0,933.0,2354.0,2210.0,2727.0,3457.0,1154.0,1173.0,5.0,8.0,0.0
1300.0,2634.0,930.0,2347.0,2203.0,2722.0,3452.0,1152.0,1170.0,5.0,8.0,0.0
1290.0,2632.0,930.0,2347.0,2203.0,2722.0,3449.0,1149.0,1168.0,5.0,8.0,0.0
1287.0,2636.0,931.0,2354.0,2206.0,2722.0,3451.0,1149.0,1168.0,5.0,8.0,0.0
1284.0,2633.0,930.0,2355.0,2202.0,2720.0,3447.0,1147.0,1166.0,5.0,8.0,0.0
1284.0,2628.0,929.0,2354.0,2198.0,2717.0,3445.0,1146.0,1164.0,5.0,8.0,0.0
1288.0,2633.0,931.0,2357.0,2203.0,2719.0,3447.0,1148.0,1166.0,5.0,8.0,0.0
1287.0,2633.0,930.0,2355.0,2202.0,2717.0,3446.0,1149.0,1167.0,5.0,8.0,0.0
1284.0,2626.0,927.0,2345.0,2194.0,2713.0,3439.0,1146.0,1164.0,5.0,8.0,0.0
1286.0,2627.0,926.0,2339.0,2195.0,2713.0,3439.0,1144.0,1162.0,5.0,8.0,0.0
1291.0,2630.0,925.0,2336.0,2197.0,2713.0,3440.0,1142.0,1161.0,5.0,8.0,0.0
1292.0,2625.0,923.0,2330.0,2189.0,2709.0,3435.0,1139.0,1158.0,5.0,8.0,0.0
1298.0,2624.0,923.0,2330.0,2187.0,2707.0,3432.0,1138.0,1157.0,5.0,8.0,0.0
1306.0,2630.0,923.0,2336.0,2193.0,2710.0,3436.0,1140.0,1158.0,5.0,8.0,0.0
1307.0,2627.0,923.0,2339.0,2189.0,2708.0,3436.0,1141.0,1159.0,5.0,8.0,0.0
1303.0,2622.0,922.0,2338.0,2186.0,2706.0,3433.0,1141.0,1158.0,5.0,8.0,0.0
1200.0,2570.0,948.0,2080.0,2220.0,2732.0,3414.0,1160.0,1190.0,6.0,8.0,0.0
1188.0,2549.0,943.0,2042.0,2222.0,2732.0,3404.0,1159.0,1185.0,6.0,8.0,0.0
1175.0,2532.0,939.0,2013.0,2219.0,2729.0,3397.0,1158.0,1181.0,6.0,8.0,0.0
1169.0,2527.0,937.0,2007.0,2215.0,2728.0,3397.0,1158.0,1178.0,6.0,8.0,0.0
1172.0,2545.0,939.0,2015.0,2222.0,2734.0,3411.0,1160.0,1180.0,6.0,8.0,0.0
1177.0,2573.0,941.0,2046.0,2228.0,2741.0,3430.0,1164.0,1184.0,6.0,8.0,0.0
1183.0,2596.0,942.0,2082.0,2228.0,2744.0,3446.0,1166.0,1185.0,6.0,8.0,0.0
1190.0,2621.0,945.0,2117.0,2234.0,2751.0,3462.0,1169.0,1189.0,6.0,8.0,0.0
1195.0,2641.0,945.0,2134.0,2240.0,2755.0,3473.0,1171.0,1191.0,6.0,8.0,0.0
1195.0,2646.0,946.0,2136.0,2226.0,2754.0,3475.0,1171.0,1219.0,6.0,8.0,0.0
1193.0,2643.0,946.0,2120.0,2226.0,2752.0,3474.0,1170.0,1218.0,6.0,8.0,0.0
1190.0,2641.0,947.0,2093.0,2231.0,2754.0,3471.0,1170.0,1218.0,6.0,8.0,0.0
1184.0,2624.0,946.0,2060.0,2227.0,2749.0,3461.0,1167.0,1215.0,6.0,8.0,0.0
1177.0,2596.0,943.0,2028.0,2220.0,2741.0,3443.0,1162.0,1209.0,6.0,8.0,0.0
1173.0,2572.0,939.0,2006.0,2228.0,2735.0,3424.0,1158.0,1176.0,6.0,8.0,0.0
1170.0,2550.0,936.0,1995.0,2225.0,2730.0,3409.0,1155.0,1171.0,6.0,8.0,0.0
1166.0,2527.0,932.0,1991.0,2215.0,2722.0,3394.0,1152.0,1166.0,6.0,8.0,0.0
1165.0,2518.0,929.0,1993.0,2212.0,2718.0,3386.0,1149.0,1163.0,6.0,8.0,0.0
1167.0,2523.0,929.0,1996.0,2215.0,2719.0,3389.0,1149.0,1162.0,6.0,8.0,0.0
1164.0,2528.0,928.0,1994.0,2210.0,2717.0,3393.0,1148.0,1162.0,6.0,8.0,0.0
1163.0,2538.0,928.0,1992.0,2208.0,2716.0,3400.0,1148.0,1161.0,6.0,8.0,0.0
1164.0,2556.0,929.0,1988.0,2212.0,2718.0,3409.0,1148.0,1162.0,6.0,8.0,0.0
1162.0,2568.0,928.0,1983.0,2210.0,2717.0,3415.0,1147.0,1162.0,6.0,8.0,0.0
1159.0,2575.0,928.0,1980.0,2206.0,2715.0,3417.0,1145.0,1161.0,6.0,8.0,0.0
1161.0,2585.0,928.0,1983.0,2209.0,2716.0,3423.0,1145.0,1160.0,6.0,8.0,0.0
1162.0,2591.0,928.0,1989.0,2211.0,2717.0,3424.0,1145.0,1161.0,6.0,8.0,0.0
1159.0,2583.0,926.0,1991.0,2203.0,2711.0,3417.0,1143.0,1158.0,6.0,8.0,0.0
1159.0,2576.0,925.0,1994.0,2202.0,2710.0,3413.0,1143.0,1156.0,6.0,8.0,0.0
1159.0,2568.0,924.0,1994.0,2203.0,2710.0,3408.0,1142.0,1155.0,6.0,8.0,0.0
1156.0,2552.0,922.0,1987.0,2198.0,2707.0,3398.0,1141.0,1153.0,6.0,8.0,0.0
1154.0,2535.0,920.0,1977.0,2195.0,2706.0,3386.0,1139.0,1151.0,6.0,8.0,0.0
1156.0,2530.0,921.0,1974.0,2201.0,2710.0,3385.0,1140.0,1152.0,6.0,8.0,0.0
1177.0,2344.0,949.0,1807.0,2234.0,2737.0,3358.0,1166.0,1196.0,7.0,8.0,0.0
1173.0,2343.0,943.0,1802.0,2231.0,2733.0,3352.0,1159.0,1186.0,7.0,8.0,0.0
1169.0,2345.0,938.0,1799.0,2225.0,2728.0,3348.0,1157.0,1180.0,7.0,8.0,0.0
1163.0,2342.0,932.0,1793.0,2216.0,2720.0,3339.0,1151.0,1173.0,7.0,8.0,0.0
1162.0,2346.0,930.0,1791.0,2216.0,2718.0,3337.0,1149.0,1170.0,7.0,8.0,0.0
1161.0,2347.0,928.0,1790.0,2216.0,2717.0,3336.0,1148.0,1167.0,7.0,8.0,0.0
1157.0,2339.0,924.0,1785.0,2208.0,2712.0,3331.0,1145.0,1163.0,7.0,8.0,0.0
1155.0,2332.0,922.0,1782.0,2205.0,2710.0,3330.0,1142.0,1159.0,7.0,8.0,0.0
1157.0,2330.0,923.0,1783.0,2210.0,2712.0,3333.0,1143.0,1158.0,7.0,8.0,0.0
1155.0,2323.0,922.0,1782.0,2206.0,2711.0,3332.0,1143.0,1158.0,7.0,8.0,0.0
1154.0,2318.0,920.0,1780.0,2203.0,2709.0,3332.0,1142.0,1156.0,7.0,8.0,0.0
1155.0,2321.0,921.0,1781.0,2206.0,2711.0,3333.0,1141.0,1156.0,7.0,8.0,0.0
1154.0,2320.0,920.0,1779.0,2205.0,2710.0,3332.0,1140.0,1155.0,7.0,8.0,0.0
1152.0,2319.0,919.0,1777.0,2200.0,2707.0,3330.0,1140.0,1154.0,7.0,8.0,0.0
1154.0,2324.0,918.0,1777.0,2203.0,2709.0,3330.0,1139.0,1153.0,7.0,8.0,0.0
1155.0,2330.0,919.0,1777.0,2205.0,2709.0,3329.0,1139.0,1153.0,7.0,8.0,0.0
1153.0,2328.0,919.0,1776.0,2200.0,2706.0,3327.0,1137.0,1151.0,7.0,8.0,0.0
1154.0,2329.0,919.0,1777.0,2200.0,2707.0,3327.0,1138.0,1152.0,7.0,8.0,0.0
1156.0,2329.0,919.0,1779.0,2205.0,2709.0,3329.0,1140.0,1153.0,7.0,8.0,0.0
1155.0,2324.0,919.0,1778.0,2193.0,2708.0,3329.0,1142.0,1182.0,7.0,8.0,0.0
1156.0,2319.0,920.0,1778.0,2192.0,2707.0,3327.0,1142.0,1183.0,7.0,8.0,0.0
1159.0,2321.0,921.0,1782.0,2199.0,2712.0,3332.0,1146.0,1186.0,7.0,8.0,0.0
1161.0,2322.0,923.0,1784.0,2203.0,2714.0,3334.0,1148.0,1187.0,7.0,8.0,0.0
1160.0,2320.0,924.0,1784.0,2200.0,2714.0,3333.0,1147.0,1187.0,7.0,8.0,0.0
1161.0,2323.0,925.0,1785.0,2214.0,2716.0,3335.0,1146.0,1159.0,7.0,8.0,0.0
1162.0,2327.0,926.0,1787.0,2217.0,2718.0,3341.0,1148.0,1161.0,7.0,8.0,0.0
1160.0,2326.0,924.0,1785.0,2213.0,2716.0,3337.0,1147.0,1160.0,7.0,8.0,0.0
1159.0,2326.0,924.0,1785.0,2212.0,2715.0,3335.0,1146.0,1159.0,7.0,8.0,0.0
1160.0,2330.0,925.0,1786.0,2216.0,2718.0,3339.0,1147.0,1160.0,7.0,8.0,0.0
1161.0,2332.0,927.0,1790.0,2218.0,2722.0,3343.0,1149.0,1163.0,7.0,8.0,0.0
1173.0,2347.0,938.0,1807.0,2234.0,2743.0,3364.0,1163.0,1176.0,7.0,8.0,0.0
1177.0,2353.0,942.0,1812.0,2242.0,2750.0,3373.0,1167.0,1179.0,7.0,8.0,0.0
1234.0,2305.0,1011.0,1890.0,2324.0,2844.0,3451.0,1237.0,1272.0,8.0,8.0,0.0
1232.0,2301.0,1007.0,1888.0,2322.0,2842.0,3447.0,1234.0,1265.0,8.0,8.0,0.0
1241.0,2303.0,1012.0,1900.0,2335.0,2857.0,3451.0,1241.0,1269.0,8.0,8.0,0.0
1237.0,2282.0,1007.0,1895.0,2331.0,2852.0,3429.0,1236.0,1262.0,8.0,8.0,0.0
1234.0,2262.0,1004.0,1891.0,2324.0,2847.0,3404.0,1233.0,1256.0,8.0,8.0,0.0
1230.0,2244.0,1000.0,1887.0,2320.0,2842.0,3384.0,1230.0,1252.0,8.0,8.0,0.0
1237.0,2251.0,1005.0,1897.0,2332.0,2855.0,3391.0,1237.0,1257.0,8.0,8.0,0.0
1233.0,2256.0,1002.0,1894.0,2327.0,2852.0,3398.0,1237.0,1255.0,8.0,8.0,0.0
1237.0,2277.0,1006.0,1900.0,2333.0,2861.0,3424.0,1243.0,1260.0,8.0,8.0,0.0
1240.0,2298.0,1008.0,1903.0,2339.0,2865.0,3447.0,1244.0,1262.0,8.0,8.0,0.0
1243.0,2317.0,1011.0,1907.0,2343.0,2870.0,3467.0,1247.0,1263.0,8.0,8.0,0.0
1240.0,2319.0,1008.0,1903.0,2338.0,2865.0,3468.0,1243.0,1259.0,8.0,8.0,0.0
1235.0,2308.0,1002.0,1893.0,2329.0,2854.0,3456.0,1234.0,1250.0,8.0,8.0,0.0
1225.0,2281.0,990.0,1878.0,2311.0,2835.0,3425.0,1221.0,1237.0,8.0,8.0,0.0
1216.0,2254.0,982.0,1867.0,2293.0,2822.0,3391.0,1212.0,1228.0,8.0,8.0,0.0
1209.0,2227.0,975.0,1857.0,2279.0,2811.0,3355.0,1204.0,1221.0,8.0,8.0,0.0
1205.0,2206.0,969.0,1851.0,2271.0,2803.0,3327.0,1198.0,1215.0,8.0,8.0,0.0
1202.0,2196.0,967.0,1849.0,2267.0,2800.0,3314.0,1197.0,1214.0,8.0,8.0,0.0
1203.0,2205.0,969.0,1852.0,2273.0,2804.0,3324.0,1200.0,1216.0,8.0,8.0,0.0
1207.0,2224.0,972.0,1856.0,2284.0,2810.0,3348.0,1204.0,1220.0,8.0,8.0,0.0
1209.0,2242.0,976.0,1860.0,2281.0,2814.0,3376.0,1209.0,1251.0,8.0,8.0,0.0
1213.0,2262.0,979.0,1865.0,2287.0,2819.0,3402.0,1213.0,1255.0,8.0,8.0,0.0
1218.0,2280.0,984.0,1872.0,2297.0,2826.0,3422.0,1219.0,1259.0,8.0,8.0,0.0
1222.0,2290.0,989.0,1877.0,2303.0,2832.0,3434.0,1223.0,1263.0,8.0,8.0,0.0
1224.0,2286.0,992.0,1881.0,2305.0,2835.0,3432.0,1226.0,1265.0,8.0,8.0,0.0
1226.0,2275.0,993.0,1882.0,2319.0,2837.0,3419.0,1227.0,1239.0,8.0,8.0,0.0
1228.0,2261.0,993.0,1884.0,2321.0,2838.0,3404.0,1228.0,1240.0,8.0,8.0,0.0
1227.0,2247.0,995.0,1884.0,2317.0,2840.0,3384.0,1229.0,1243.0,8.0,8.0,0.0
1225.0,2231.0,993.0,1882.0,2313.0,2837.0,3365.0,1227.0,1241.0,8.0,8.0,0.0
1863.0,2578.0,1250.0,2246.0,1923.0,3646.0,3764.0,1508.0,1722.0,1.0,1.0,1.0
1864.0,2578.0,1249.0,2245.0,1922.0,3645.0,3763.0,1506.0,1720.0,1.0,1.0,1.0
1857.0,2572.0,1247.0,2239.0,1916.0,3642.0,3758.0,1504.0,1716.0,1.0,1.0,1.0
1856.0,2572.0,1247.0,2239.0,1914.0,3640.0,3759.0,1504.0,1714.0,1.0,1.0,1.0
1861.0,2577.0,1250.0,2244.0,1917.0,3643.0,3767.0,1507.0,1717.0,1.0,1.0,1.0
1857.0,2574.0,1248.0,2239.0,1913.0,3642.0,3765.0,1506.0,1714.0,1.0,1.0,1.0
1853.0,2571.0,1246.0,2237.0,1911.0,3640.0,3761.0,1504.0,1713.0,1.0,1.0,1.0
1857.0,2574.0,1247.0,2241.0,1914.0,3641.0,3764.0,1504.0,1714.0,1.0,1.0,1.0
1856.0,2573.0,1244.0,2239.0,1914.0,3640.0,3762.0,1502.0,1714.0,1.0,1.0,1.0
1851.0,2569.0,1243.0,2234.0,1911.0,3637.0,3755.0,1501.0,1712.0,1.0,1.0,1.0
1855.0,2573.0,1245.0,2238.0,1914.0,3637.0,3755.0,1501.0,1713.0,1.0,1.0,1.0
1859.0,2576.0,1246.0,2241.0,1917.0,3639.0,3757.0,1502.0,1715.0,1.0,1.0,1.0
1855.0,2571.0,1244.0,2237.0,1914.0,3636.0,3754.0,1502.0,1713.0,1.0,1.0,1.0
1855.0,2571.0,1246.0,2239.0,1915.0,3637.0,3753.0,1503.0,1713.0,1.0,1.0,1.0
1859.0,2575.0,1247.0,2244.0,1917.0,3640.0,3759.0,1505.0,1715.0,1.0,1.0,1.0
1856.0,2571.0,1246.0,2240.0,1916.0,3638.0,3757.0,1503.0,1714.0,1.0,1.0,1.0
1854.0,2570.0,1246.0,2239.0,1916.0,3638.0,3757.0,1504.0,1714.0,1.0,1.0,1.0
1860.0,2575.0,1249.0,2245.0,1921.0,3642.0,3763.0,1507.0,1717.0,1.0,1.0,1.0
1862.0,2579.0,1250.0,2245.0,1922.0,3645.0,3766.0,1507.0,1720.0,1.0,1.0,1.0
1861.0,2577.0,1251.0,2243.0,1922.0,3646.0,3765.0,1507.0,1720.0,1.0,1.0,1.0
1866.0,2582.0,1253.0,2248.0,1927.0,3650.0,3769.0,1511.0,1724.0,1.0,1.0,1.0
1869.0,2585.0,1254.0,2250.0,1928.0,3653.0,3772.0,1512.0,1724.0,1.0,1.0,1.0
1865.0,2581.0,1252.0,2245.0,1924.0,3649.0,3768.0,1509.0,1721.0,1.0,1.0,1.0
1863.0,2578.0,1251.0,2245.0,1922.0,3647.0,3768.0,1508.0,1719.0,1.0,1.0,1.0
1867.0,2581.0,1252.0,2249.0,1925.0,3648.0,3770.0,1510.0,1721.0,1.0,1.0,1.0
1863.0,2579.0,1251.0,2247.0,1922.0,3646.0,3769.0,1508.0,1718.0,1.0,1.0,1.0
1860.0,2576.0,1251.0,2244.0,1920.0,3643.0,3767.0,1508.0,1718.0,1.0,1.0,1.0
1865.0,2581.0,1253.0,2249.0,1924.0,3647.0,3770.0,1509.0,1721.0,1.0,1.0,1.0
1867.0,2583.0,1253.0,2249.0,1925.0,3648.0,3771.0,1510.0,1722.0,1.0,1.0,1.0
1862.0,2577.0,1251.0,2244.0,1920.0,3644.0,3767.0,1507.0,1718.0,1.0,1.0,1.0
1862.0,2578.0,1251.0,2244.0,1919.0,3644.0,3768.0,1506.0,1718.0,1.0,1.0,1.0
1864.0,2581.0,1251.0,2246.0,1921.0,3646.0,3769.0,1505.0,1719.0,1.0,1.0,1.0
1858.0,2574.0,1247.0,2240.0,1901.0,3662.0,3764.0,1502.0,1715.0,1.0,1.0,1.0
1855.0,2572.0,1245.0,2237.0,1899.0,3659.0,3758.0,1500.0,1712.0,1.0,1.0,1.0
1859.0,2575.0,1245.0,2239.0,1902.0,3661.0,3757.0,1500.0,1714.0,1.0,1.0,1.0
1857.0,2571.0,1241.0,2234.0,1899.0,3658.0,3751.0,1499.0,1712.0,1.0,1.0,1.0
1849.0,2565.0,1237.0,2227.0,1893.0,3652.0,3744.0,1496.0,1709.0,1.0,1.0,1.0
1850.0,2565.0,1237.0,2230.0,1907.0,3630.0,3743.0,1495.0,1708.0,1.0,1.0,1.0
1849.0,2564.0,1237.0,2230.0,1906.0,3629.0,3745.0,1494.0,1707.0,1.0,1.0,1.0
1808.0,2597.0,1096.0,2151.0,1894.0,3508.0,3707.0,1304.0,1635.0,2.0,1.0,1.0
1812.0,2592.0,1090.0,2144.0,1899.0,3500.0,3702.0,1296.0,1625.0,2.0,1.0,1.0
1825.0,2595.0,1092.0,2147.0,1910.0,3503.0,3707.0,1299.0,1625.0,2.0,1.0,1.0
1836.0,2598.0,1093.0,2148.0,1917.0,3502.0,3708.0,1296.0,1621.0,2.0,1.0,1.0
1836.0,2599.0,1094.0,2148.0,1918.0,3503.0,3706.0,1296.0,1621.0,2.0,1.0,1.0
1827.0,2596.0,1094.0,2140.0,1910.0,3501.0,3706.0,1298.0,1616.0,2.0,1.0,1.0
1819.0,2599.0,1095.0,2136.0,1907.0,3504.0,3709.0,1301.0,1616.0,2.0,1.0,1.0
1803.0,2592.0,1088.0,2124.0,1893.0,3496.0,3701.0,1295.0,1609.0,2.0,1.0,1.0
1786.0,2586.0,1083.0,2109.0,1881.0,3493.0,3698.0,1294.0,1606.0,2.0,1.0,1.0
1774.0,2582.0,1080.0,2099.0,1872.0,3491.0,3696.0,1294.0,1603.0,2.0,1.0,1.0
1770.0,2583.0,1079.0,2102.0,1869.0,3492.0,3698.0,1294.0,1604.0,2.0,1.0,1.0
1765.0,2577.0,1076.0,2096.0,1863.0,3489.0,3691.0,1291.0,1601.0,2.0,1.0,1.0
1762.0,2573.0,1075.0,2090.0,1862.0,3484.0,3687.0,1289.0,1597.0,2.0,1.0,1.0
1769.0,2577.0,1076.0,2095.0,1871.0,3484.0,3689.0,1289.0,1596.0,2.0,1.0,1.0
1775.0,2579.0,1075.0,2099.0,1877.0,3482.0,3690.0,1287.0,1594.0,2.0,1.0,1.0
1780.0,2575.0,1074.0,2090.0,1880.0,3477.0,3685.0,1284.0,1590.0,2.0,1.0,1.0
1793.0,2578.0,1077.0,2092.0,1889.0,3476.0,3688.0,1283.0,1589.0,2.0,1.0,1.0
1807.0,2583.0,1080.0,2096.0,1897.0,3477.0,3691.0,1284.0,1592.0,2.0,1.0,1.0
1811.0,2579.0,1079.0,2090.0,1897.0,3475.0,3687.0,1283.0,1590.0,2.0,1.0,1.0
1813.0,2575.0,1078.0,2085.0,1897.0,3473.0,3684.0,1283.0,1590.0,2.0,1.0,1.0
1814.0,2577.0,1079.0,2092.0,1899.0,3475.0,3685.0,1284.0,1592.0,2.0,1.0,1.0
1803.0,2574.0,1075.0,2089.0,1888.0,3472.0,3679.0,1282.0,1589.0,2.0,1.0,1.0
1787.0,2566.0,1071.0,2083.0,1877.0,3469.0,3674.0,1280.0,1585.0,2.0,1.0,1.0
1778.0,2566.0,1069.0,2085.0,1869.0,3468.0,3674.0,1281.0,1585.0,2.0,1.0,1.0
1767.0,2564.0,1067.0,2083.0,1859.0,3467.0,3670.0,1279.0,1582.0,2.0,1.0,1.0
1753.0,2556.0,1062.0,2072.0,1847.0,3463.0,3663.0,1276.0,1579.0,2.0,1.0,1.0
1752.0,2557.0,1062.0,2074.0,1847.0,3468.0,3668.0,1278.0,1582.0,2.0,1.0,1.0
1754.0,2560.0,1062.0,2081.0,1848.0,3471.0,3671.0,1280.0,1584.0,2.0,1.0,1.0
1751.0,2557.0,1062.0,2078.0,1844.0,3470.0,3670.0,1279.0,1583.0,2.0,1.0,1.0
1754.0,2559.0,1064.0,2079.0,1846.0,3471.0,3672.0,1282.0,1584.0,2.0,1.0,1.0
1766.0,2567.0,1067.0,2094.0,1857.0,3475.0,3679.0,1285.0,1587.0,2.0,1.0,1.0
1772.0,2567.0,1067.0,2099.0,1863.0,3472.0,3676.0,1283.0,1585.0,2.0,1.0,1.0
1779.0,2566.0,1068.0,2094.0,1869.0,3469.0,3674.0,1281.0,1583.0,2.0,1.0,1.0
1793.0,2571.0,1072.0,2102.0,1882.0,3471.0,3678.0,1283.0,1587.0,2.0,1.0,1.0
1803.0,2575.0,1074.0,2113.0,1890.0,3472.0,3682.0,1284.0,1588.0,2.0,1.0,1.0
1803.0,2570.0,1073.0,2103.0,1888.0,3468.0,3677.0,1281.0,1586.0,2.0,1.0,1.0
1805.0,2572.0,1075.0,2097.0,1890.0,3469.0,3678.0,1281.0,1586.0,2.0,1.0,1.0
1808.0,2577.0,1077.0,2108.0,1883.0,3472.0,3682.0,1284.0,1617.0,2.0,1.0,1.0
1800.0,2575.0,1075.0,2105.0,1879.0,3473.0,3681.0,1284.0,1617.0,2.0,1.0,1.0
1792.0,2574.0,1075.0,2096.0,1875.0,3474.0,3679.0,1284.0,1618.0,2.0,1.0,1.0
1790.0,2580.0,1077.0,2103.0,1875.0,3480.0,3685.0,1288.0,1622.0,2.0,1.0,1.0
1783.0,2580.0,1078.0,2110.0,1870.0,3483.0,3688.0,1290.0,1623.0,2.0,1.0,1.0
1808.0,2591.0,1065.0,2041.0,1930.0,3083.0,3811.0,1253.0,1533.0,3.0,1.0,1.0
1790.0,2582.0,1060.0,2027.0,1924.0,3054.0,3801.0,1249.0,1515.0,3.0,1.0,1.0
1785.0,2581.0,1059.0,2027.0,1925.0,3021.0,3798.0,1249.0,1507.0,3.0,1.0,1.0
1791.0,2581.0,1056.0,2036.0,1924.0,2992.0,3800.0,1247.0,1508.0,3.0,1.0,1.0
1800.0,2575.0,1050.0,2042.0,1919.0,2968.0,3797.0,1243.0,1514.0,3.0,1.0,1.0
1820.0,2571.0,1048.0,2056.0,1918.0,2956.0,3796.0,1241.0,1527.0,3.0,1.0,1.0
1845.0,2576.0,1048.0,2079.0,1920.0,2949.0,3803.0,1242.0,1542.0,3.0,1.0,1.0
1857.0,2573.0,1044.0,2089.0,1914.0,2939.0,3802.0,1239.0,1548.0,3.0,1.0,1.0
1860.0,2569.0,1043.0,2085.0,1912.0,2931.0,3799.0,1237.0,1547.0,3.0,1.0,1.0
1859.0,2574.0,1045.0,2086.0,1916.0,2930.0,3803.0,1237.0,1545.0,3.0,1.0,1.0
1847.0,2575.0,1045.0,2079.0,1914.0,2935.0,3804.0,1237.0,1538.0,3.0,1.0,1.0
1824.0,2569.0,1042.0,2057.0,1910.0,2943.0,3798.0,1236.0,1526.0,3.0,1.0,1.0
1808.0,2573.0,1044.0,2039.0,1914.0,2961.0,3799.0,1238.0,1515.0,3.0,1.0,1.0
1794.0,2577.0,1046.0,2030.0,1917.0,2981.0,3799.0,1240.0,1504.0,3.0,1.0,1.0
1777.0,2573.0,1044.0,2016.0,1913.0,2995.0,3793.0,1239.0,1492.0,3.0,1.0,1.0
1770.0,2572.0,1044.0,2011.0,1914.0,3004.0,3789.0,1240.0,1486.0,3.0,1.0,1.0
1774.0,2577.0,1046.0,2018.0,1919.0,3007.0,3794.0,1241.0,1488.0,3.0,1.0,1.0
1779.0,2576.0,1046.0,2025.0,1916.0,2997.0,3795.0,1240.0,1493.0,3.0,1.0,1.0
1788.0,2572.0,1044.0,2034.0,1915.0,2979.0,3797.0,1239.0,1501.0,3.0,1.0,1.0
1809.0,2578.0,1047.0,2051.0,1911.0,2964.0,3806.0,1244.0,1544.0,3.0,1.0,1.0
1830.0,2583.0,1049.0,2069.0,1914.0,2953.0,3816.0,1246.0,1556.0,3.0,1.0,1.0
1846.0,2581.0,1050.0,2073.0,1913.0,2944.0,3815.0,1246.0,1565.0,3.0,1.0,1.0
1862.0,2584.0,1053.0,2081.0,1918.0,2943.0,3819.0,1250.0,1575.0,3.0,1.0,1.0
1872.0,2591.0,1056.0,2088.0,1923.0,2946.0,3825.0,1252.0,1580.0,3.0,1.0,1.0
1865.0,2587.0,1055.0,2081.0,1928.0,2947.0,3824.0,1250.0,1547.0,3.0,1.0,1.0
1852.0,2586.0,1055.0,2070.0,1928.0,2950.0,3821.0,1249.0,1537.0,3.0,1.0,1.0
1840.0,2589.0,1056.0,2068.0,1932.0,2959.0,3824.0,1252.0,1530.0,3.0,1.0,1.0
1823.0,2587.0,1055.0,2057.0,1929.0,2972.0,3824.0,1252.0,1519.0,3.0,1.0,1.0
1808.0,2585.0,1055.0,2045.0,1927.0,2990.0,3819.0,1252.0,1510.0,3.0,1.0,1.0
1805.0,2590.0,1057.0,2044.0,1933.0,3012.0,3820.0,1255.0,1509.0,3.0,1.0,1.0
1802.0,2591.0,1058.0,2040.0,1933.0,3023.0,3821.0,1256.0,1508.0,3.0,1.0,1.0
1796.0,2588.0,1057.0,2035.0,1930.0,3023.0,3820.0,1255.0,1505.0,3.0,1.0,1.0
1799.0,2591.0,1059.0,2041.0,1933.0,3016.0,3823.0,1256.0,1506.0,3.0,1.0,1.0
1807.0,2594.0,1059.0,2049.0,1936.0,3003.0,3831.0,1258.0,1510.0,3.0,1.0,1.0
1812.0,2589.0,1057.0,2052.0,1932.0,2985.0,3831.0,1255.0,1515.0,3.0,1.0,1.0
1823.0,2588.0,1057.0,2061.0,1931.0,2974.0,3828.0,1254.0,1523.0,3.0,1.0,1.0
1841.0,2590.0,1056.0,2074.0,1934.0,2967.0,3829.0,1255.0,1534.0,3.0,1.0,1.0
1848.0,2586.0,1054.0,2077.0,1929.0,2958.0,3825.0,1251.0,1538.0,3.0,1.0,1.0
1849.0,2580.0,1051.0,2074.0,1924.0,2950.0,3818.0,1249.0,1540.0,3.0,1.0,1.0
1853.0,2583.0,1051.0,2077.0,1927.0,2949.0,3820.0,1250.0,1542.0,3.0,1.0,1.0
1850.0,2583.0,1049.0,2074.0,1927.0,2951.0,3822.0,1248.0,1538.0,3.0,1.0,1.0
1836.0,2579.0,1047.0,2062.0,1922.0,2954.0,3819.0,1246.0,1531.0,3.0,1.0,1.0
1826.0,2579.0,1047.0,2054.0,1924.0,2963.0,3819.0,1247.0,1524.0,3.0,1.0,1.0
1816.0,2582.0,1048.0,2049.0,1926.0,2973.0,3819.0,1247.0,1516.0,3.0,1.0,1.0
1799.0,2578.0,1046.0,2036.0,1922.0,2981.0,3812.0,1244.0,1506.0,3.0,1.0,1.0
1787.0,2576.0,1046.0,2028.0,1920.0,2993.0,3806.0,1245.0,1499.0,3.0,1.0,1.0
1783.0,2578.0,1046.0,2026.0,1920.0,3002.0,3805.0,1244.0,1493.0,3.0,1.0,1.0
1779.0,2576.0,1044.0,2021.0,1917.0,3004.0,3802.0,1241.0,1490.0,3.0,1.0,1.0
1776.0,2570.0,1040.0,2017.0,1912.0,3000.0,3797.0,1240.0,1489.0,3.0,1.0,1.0
1779.0,2570.0,1040.0,2023.0,1913.0,2992.0,3800.0,1239.0,1490.0,3.0,1.0,1.0
1785.0,2570.0,1039.0,2027.0,1912.0,2978.0,3802.0,1237.0,1492.0,3.0,1.0,1.0
1777.0,2596.0,1020.0,1989.0,1958.0,2908.0,3836.0,1247.0,1460.0,4.0,1.0,1.0
1770.0,2589.0,1015.0,1982.0,1951.0,2902.0,3830.0,1242.0,1452.0,4.0,1.0,1.0
1767.0,2587.0,1011.0,1981.0,1950.0,2899.0,3828.0,1240.0,1445.0,4.0,1.0,1.0
1765.0,2587.0,1008.0,1979.0,1949.0,2896.0,3825.0,1237.0,1438.0,4.0,1.0,1.0
1757.0,2579.0,1004.0,1973.0,1943.0,2891.0,3821.0,1234.0,1430.0,4.0,1.0,1.0
1756.0,2577.0,1001.0,1970.0,1942.0,2887.0,3818.0,1232.0,1424.0,4.0,1.0,1.0
1755.0,2579.0,1000.0,1971.0,1942.0,2887.0,3820.0,1232.0,1422.0,4.0,1.0,1.0
1751.0,2575.0,998.0,1967.0,1938.0,2884.0,3818.0,1230.0,1418.0,4.0,1.0,1.0
1747.0,2571.0,996.0,1965.0,1935.0,2881.0,3816.0,1229.0,1417.0,4.0,1.0,1.0
1749.0,2574.0,997.0,1967.0,1938.0,2881.0,3817.0,1228.0,1416.0,4.0,1.0,1.0
1748.0,2574.0,997.0,1966.0,1936.0,2881.0,3817.0,1228.0,1416.0,4.0,1.0,1.0
1744.0,2569.0,995.0,1962.0,1933.0,2879.0,3813.0,1225.0,1413.0,4.0,1.0,1.0
1744.0,2568.0,994.0,1962.0,1933.0,2877.0,3809.0,1224.0,1410.0,4.0,1.0,1.0
1745.0,2568.0,993.0,1961.0,1932.0,2876.0,3807.0,1222.0,1408.0,4.0,1.0,1.0
1740.0,2562.0,989.0,1955.0,1927.0,2874.0,3801.0,1220.0,1407.0,4.0,1.0,1.0
1738.0,2559.0,987.0,1953.0,1925.0,2872.0,3797.0,1219.0,1407.0,4.0,1.0,1.0
1739.0,2562.0,986.0,1955.0,1926.0,2872.0,3799.0,1219.0,1411.0,4.0,1.0,1.0
1737.0,2561.0,985.0,1953.0,1924.0,2871.0,3799.0,1219.0,1411.0,4.0,1.0,1.0
1735.0,2559.0,984.0,1951.0,1922.0,2870.0,3798.0,1218.0,1408.0,4.0,1.0,1.0
1738.0,2563.0,985.0,1954.0,1925.0,2871.0,3803.0,1219.0,1404.0,4.0,1.0,1.0
1737.0,2563.0,984.0,1954.0,1925.0,2870.0,3804.0,1220.0,1401.0,4.0,1.0,1.0
1735.0,2560.0,982.0,1950.0,1921.0,2868.0,3800.0,1218.0,1396.0,4.0,1.0,1.0
1736.0,2561.0,983.0,1951.0,1924.0,2869.0,3800.0,1220.0,1397.0,4.0,1.0,1.0
1738.0,2562.0,984.0,1953.0,1926.0,2869.0,3800.0,1221.0,1399.0,4.0,1.0,1.0
1734.0,2557.0,982.0,1950.0,1922.0,2867.0,3796.0,1220.0,1399.0,4.0,1.0,1.0
1734.0,2557.0,983.0,1950.0,1922.0,2866.0,3795.0,1218.0,1397.0,4.0,1.0,1.0
1736.0,2560.0,984.0,1952.0,1925.0,2867.0,3797.0,1219.0,1396.0,4.0,1.0,1.0
1736.0,2558.0,984.0,1950.0,1921.0,2867.0,3796.0,1217.0,1394.0,4.0,1.0,1.0
1734.0,2554.0,982.0,1948.0,1919.0,2866.0,3793.0,1216.0,1394.0,4.0,1.0,1.0
1739.0,2561.0,985.0,1953.0,1925.0,2870.0,3798.0,1218.0,1399.0,4.0,1.0,1.0
1741.0,2563.0,986.0,1955.0,1927.0,2871.0,3800.0,1220.0,1405.0,4.0,1.0,1.0
1741.0,2561.0,987.0,1954.0,1927.0,2873.0,3800.0,1219.0,1407.0,4.0,1.0,1.0
1743.0,2564.0,988.0,1957.0,1930.0,2874.0,3802.0,1221.0,1410.0,4.0,1.0,1.0
1747.0,2570.0,991.0,1962.0,1935.0,2878.0,3811.0,1224.0,1411.0,4.0,1.0,1.0
1743.0,2566.0,989.0,1958.0,1932.0,2877.0,3809.0,1223.0,1409.0,4.0,1.0,1.0
1743.0,2565.0,989.0,1958.0,1931.0,2876.0,3808.0,1223.0,1407.0,4.0,1.0,1.0
1745.0,2570.0,990.0,1961.0,1933.0,2877.0,3813.0,1225.0,1407.0,4.0,1.0,1.0
1743.0,2568.0,990.0,1960.0,1932.0,2875.0,3813.0,1225.0,1405.0,4.0,1.0,1.0
1677.0,2590.0,1010.0,1975.0,1958.0,2883.0,3828.0,1239.0,1292.0,5.0,1.0,1.0
1688.0,2589.0,1007.0,1973.0,1956.0,2883.0,3828.0,1238.0,1287.0,5.0,1.0,1.0
1696.0,2583.0,1003.0,1968.0,1950.0,2880.0,3828.0,1236.0,1283.0,5.0,1.0,1.0
1708.0,2584.0,1003.0,1970.0,1952.0,2881.0,3830.0,1237.0,1281.0,5.0,1.0,1.0
1713.0,2584.0,1002.0,1970.0,1951.0,2880.0,3830.0,1237.0,1279.0,5.0,1.0,1.0
1702.0,2578.0,1000.0,1965.0,1945.0,2876.0,3827.0,1234.0,1274.0,5.0,1.0,1.0
1687.0,2574.0,997.0,1963.0,1942.0,2872.0,3821.0,1230.0,1270.0,5.0,1.0,1.0
1674.0,2575.0,995.0,1963.0,1942.0,2870.0,3819.0,1228.0,1268.0,5.0,1.0,1.0
1658.0,2570.0,992.0,1958.0,1937.0,2865.0,3813.0,1224.0,1263.0,5.0,1.0,1.0
1645.0,2566.0,988.0,1954.0,1933.0,2862.0,3808.0,1220.0,1258.0,5.0,1.0,1.0
1641.0,2568.0,987.0,1955.0,1934.0,2861.0,3809.0,1218.0,1257.0,5.0,1.0,1.0
1641.0,2568.0,987.0,1954.0,1935.0,2861.0,3809.0,1218.0,1255.0,5.0,1.0,1.0
1638.0,2563.0,986.0,1950.0,1931.0,2858.0,3804.0,1216.0,1254.0,5.0,1.0,1.0
1639.0,2565.0,985.0,1950.0,1933.0,2858.0,3803.0,1217.0,1255.0,5.0,1.0,1.0
1643.0,2565.0,985.0,1951.0,1933.0,2858.0,3803.0,1218.0,1255.0,5.0,1.0,1.0
1649.0,2560.0,983.0,1947.0,1928.0,2855.0,3798.0,1216.0,1253.0,5.0,1.0,1.0
1662.0,2559.0,983.0,1947.0,1927.0,2854.0,3799.0,1216.0,1253.0,5.0,1.0,1.0
1679.0,2563.0,984.0,1951.0,1931.0,2857.0,3804.0,1218.0,1254.0,5.0,1.0,1.0
1691.0,2561.0,983.0,1949.0,1928.0,2857.0,3802.0,1217.0,1252.0,5.0,1.0,1.0
1696.0,2558.0,982.0,1946.0,1926.0,2856.0,3798.0,1216.0,1251.0,5.0,1.0,1.0
1694.0,2559.0,982.0,1947.0,1928.0,2857.0,3797.0,1216.0,1251.0,5.0,1.0,1.0
1681.0,2556.0,979.0,1941.0,1923.0,2853.0,3791.0,1213.0,1247.0,5.0,1.0,1.0
1663.0,2548.0,975.0,1934.0,1917.0,2848.0,3783.0,1208.0,1244.0,5.0,1.0,1.0
1653.0,2549.0,976.0,1935.0,1918.0,2846.0,3783.0,1207.0,1243.0,5.0,1.0,1.0
1645.0,2552.0,976.0,1936.0,1920.0,2847.0,3786.0,1206.0,1242.0,5.0,1.0,1.0
1638.0,2548.0,975.0,1935.0,1917.0,2845.0,3786.0,1204.0,1241.0,5.0,1.0,1.0
1640.0,2550.0,977.0,1939.0,1920.0,2847.0,3791.0,1208.0,1243.0,5.0,1.0,1.0
1644.0,2556.0,978.0,1944.0,1925.0,2849.0,3797.0,1211.0,1245.0,5.0,1.0,1.0
1641.0,2554.0,977.0,1941.0,1922.0,2847.0,3797.0,1211.0,1245.0,5.0,1.0,1.0
1641.0,2551.0,977.0,1939.0,1919.0,2846.0,3795.0,1212.0,1245.0,5.0,1.0,1.0
1649.0,2555.0,978.0,1942.0,1922.0,2847.0,3795.0,1213.0,1246.0,5.0,1.0,1.0
1656.0,2555.0,978.0,1941.0,1921.0,2847.0,3794.0,1212.0,1246.0,5.0,1.0,1.0
1663.0,2551.0,977.0,1937.0,1918.0,2845.0,3790.0,1212.0,1245.0,5.0,1.0,1.0
1672.0,2552.0,978.0,1939.0,1920.0,2846.0,3790.0,1212.0,1247.0,5.0,1.0,1.0
1677.0,2553.0,977.0,1939.0,1921.0,2847.0,3791.0,1213.0,1247.0,5.0,1.0,1.0
1674.0,2549.0,975.0,1935.0,1917.0,2845.0,3788.0,1211.0,1245.0,5.0,1.0,1.0
1669.0,2547.0,974.0,1934.0,1917.0,2843.0,3786.0,1209.0,1243.0,5.0,1.0,1.0
1665.0,2551.0,975.0,1936.0,1920.0,2844.0,3788.0,1209.0,1243.0,5.0,1.0,1.0
1655.0,2548.0,973.0,1934.0,1916.0,2842.0,3787.0,1206.0,1241.0,5.0,1.0,1.0
1645.0,2546.0,973.0,1933.0,1902.0,2861.0,3784.0,1205.0,1240.0,5.0,1.0,1.0
1266.0,2502.0,986.0,1882.0,1928.0,2846.0,3831.0,1214.0,1258.0,6.0,1.0,1.0
1262.0,2484.0,982.0,1876.0,1922.0,2842.0,3815.0,1210.0,1252.0,6.0,1.0,1.0
1258.0,2466.0,976.0,1869.0,1915.0,2837.0,3801.0,1205.0,1245.0,6.0,1.0,1.0
1256.0,2457.0,973.0,1867.0,1914.0,2834.0,3798.0,1203.0,1241.0,6.0,1.0,1.0
1253.0,2451.0,972.0,1865.0,1911.0,2831.0,3797.0,1202.0,1239.0,6.0,1.0,1.0
1251.0,2447.0,970.0,1861.0,1907.0,2828.0,3795.0,1200.0,1236.0,6.0,1.0,1.0
1251.0,2455.0,970.0,1862.0,1909.0,2828.0,3801.0,1200.0,1235.0,6.0,1.0,1.0
1252.0,2471.0,970.0,1865.0,1911.0,2829.0,3813.0,1201.0,1236.0,6.0,1.0,1.0
1251.0,2484.0,969.0,1862.0,1907.0,2828.0,3823.0,1201.0,1235.0,6.0,1.0,1.0
1252.0,2499.0,969.0,1863.0,1908.0,2829.0,3837.0,1201.0,1235.0,6.0,1.0,1.0
1254.0,2515.0,970.0,1865.0,1911.0,2831.0,3851.0,1202.0,1236.0,6.0,1.0,1.0
1253.0,2519.0,969.0,1863.0,1909.0,2831.0,3857.0,1201.0,1236.0,6.0,1.0,1.0
1252.0,2512.0,969.0,1861.0,1911.0,2831.0,3850.0,1201.0,1235.0,6.0,1.0,1.0
1254.0,2502.0,969.0,1864.0,1914.0,2834.0,3840.0,1203.0,1236.0,6.0,1.0,1.0
1255.0,2489.0,970.0,1865.0,1915.0,2835.0,3825.0,1203.0,1236.0,6.0,1.0,1.0
1255.0,2470.0,970.0,1864.0,1913.0,2834.0,3808.0,1203.0,1236.0,6.0,1.0,1.0
1257.0,2462.0,971.0,1867.0,1917.0,2837.0,3801.0,1207.0,1238.0,6.0,1.0,1.0
1261.0,2462.0,974.0,1871.0,1916.0,2841.0,3802.0,1209.0,1241.0,6.0,1.0,1.0
1260.0,2460.0,976.0,1871.0,1915.0,2842.0,3802.0,1208.0,1241.0,6.0,1.0,1.0
1260.0,2460.0,978.0,1872.0,1916.0,2843.0,3806.0,1210.0,1243.0,6.0,1.0,1.0
1261.0,2463.0,980.0,1877.0,1922.0,2848.0,3812.0,1214.0,1246.0,6.0,1.0,1.0
1261.0,2461.0,981.0,1877.0,1922.0,2849.0,3812.0,1215.0,1247.0,6.0,1.0,1.0
1261.0,2464.0,982.0,1878.0,1925.0,2850.0,3815.0,1216.0,1248.0,6.0,1.0,1.0
1265.0,2479.0,984.0,1882.0,1931.0,2856.0,3826.0,1220.0,1251.0,6.0,1.0,1.0
1266.0,2494.0,986.0,1885.0,1934.0,2858.0,3841.0,1223.0,1254.0,6.0,1.0,1.0
1267.0,2507.0,985.0,1883.0,1931.0,2856.0,3852.0,1221.0,1253.0,6.0,1.0,1.0
1267.0,2522.0,986.0,1885.0,1933.0,2856.0,3866.0,1221.0,1253.0,6.0,1.0,1.0
1267.0,2529.0,986.0,1886.0,1933.0,2855.0,3873.0,1221.0,1252.0,6.0,1.0,1.0
1266.0,2527.0,987.0,1885.0,1932.0,2855.0,3873.0,1221.0,1253.0,6.0,1.0,1.0
1269.0,2523.0,989.0,1887.0,1935.0,2857.0,3866.0,1222.0,1254.0,6.0,1.0,1.0
1273.0,2518.0,994.0,1894.0,1941.0,2862.0,3862.0,1225.0,1257.0,6.0,1.0,1.0
1283.0,2518.0,1001.0,1905.0,1952.0,2877.0,3864.0,1236.0,1268.0,6.0,1.0,1.0
1289.0,2513.0,1006.0,1913.0,1946.0,2907.0,3864.0,1244.0,1275.0,6.0,1.0,1.0
1290.0,2506.0,1006.0,1915.0,1949.0,2907.0,3858.0,1244.0,1275.0,6.0,1.0,1.0
1288.0,2498.0,1004.0,1912.0,1947.0,2905.0,3853.0,1241.0,1274.0,6.0,1.0,1.0
1305.0,2523.0,1021.0,1936.0,1969.0,2938.0,3877.0,1262.0,1294.0,6.0,1.0,1.0
1298.0,2517.0,1016.0,1927.0,1961.0,2926.0,3869.0,1254.0,1285.0,6.0,1.0,1.0
1295.0,2521.0,1012.0,1922.0,1970.0,2899.0,3867.0,1249.0,1281.0,6.0,1.0,1.0
1294.0,2528.0,1009.0,1917.0,1966.0,2895.0,3870.0,1247.0,1279.0,6.0,1.0,1.0
1293.0,2539.0,1009.0,1916.0,1965.0,2894.0,3879.0,1248.0,1280.0,6.0,1.0,1.0
1276.0,2525.0,991.0,1892.0,1943.0,2861.0,3863.0,1228.0,1260.0,6.0,1.0,1.0
1272.0,2531.0,988.0,1888.0,1939.0,2856.0,3869.0,1224.0,1256.0,6.0,1.0,1.0
1268.0,2530.0,986.0,1882.0,1934.0,2852.0,3869.0,1220.0,1252.0,6.0,1.0,1.0
1268.0,2531.0,985.0,1884.0,1935.0,2853.0,3869.0,1221.0,1253.0,6.0,1.0,1.0
1267.0,2524.0,985.0,1885.0,1934.0,2853.0,3864.0,1220.0,1252.0,6.0,1.0,1.0
1283.0,2536.0,1002.0,1907.0,1954.0,2886.0,3880.0,1239.0,1271.0,6.0,1.0,1.0
1271.0,2441.0,1002.0,1895.0,1938.0,2854.0,3833.0,1229.0,1274.0,7.0,1.0,1.0
1261.0,2428.0,991.0,1884.0,1912.0,2863.0,3822.0,1220.0,1262.0,7.0,1.0,1.0
1258.0,2424.0,987.0,1882.0,1906.0,2860.0,3819.0,1215.0,1255.0,7.0,1.0,1.0
1253.0,2419.0,982.0,1876.0,1901.0,2856.0,3814.0,1211.0,1249.0,7.0,1.0,1.0
1248.0,2412.0,977.0,1870.0,1894.0,2851.0,3807.0,1207.0,1244.0,7.0,1.0,1.0
1248.0,2413.0,976.0,1871.0,1896.0,2851.0,3807.0,1207.0,1241.0,7.0,1.0,1.0
1252.0,2421.0,981.0,1877.0,1915.0,2840.0,3814.0,1211.0,1245.0,7.0,1.0,1.0
1253.0,2421.0,981.0,1876.0,1918.0,2842.0,3812.0,1211.0,1246.0,7.0,1.0,1.0
1256.0,2423.0,982.0,1879.0,1921.0,2845.0,3811.0,1214.0,1248.0,7.0,1.0,1.0
1260.0,2425.0,982.0,1883.0,1925.0,2849.0,3812.0,1217.0,1250.0,7.0,1.0,1.0
1259.0,2423.0,982.0,1879.0,1922.0,2847.0,3808.0,1215.0,1249.0,7.0,1.0,1.0
1256.0,2415.0,977.0,1873.0,1917.0,2839.0,3801.0,1212.0,1245.0,7.0,1.0,1.0
1257.0,2416.0,977.0,1874.0,1916.0,2837.0,3802.0,1211.0,1243.0,7.0,1.0,1.0
1256.0,2415.0,976.0,1872.0,1913.0,2837.0,3802.0,1210.0,1241.0,7.0,1.0,1.0
1254.0,2413.0,974.0,1869.0,1908.0,2834.0,3801.0,1208.0,1240.0,7.0,1.0,1.0
1255.0,2415.0,975.0,1872.0,1909.0,2836.0,3803.0,1209.0,1240.0,7.0,1.0,1.0
1255.0,2416.0,975.0,1873.0,1910.0,2837.0,3805.0,1210.0,1241.0,7.0,1.0,1.0
1252.0,2412.0,974.0,1869.0,1907.0,2835.0,3802.0,1209.0,1240.0,7.0,1.0,1.0
1253.0,2415.0,975.0,1871.0,1911.0,2836.0,3805.0,1210.0,1241.0,7.0,1.0,1.0
1255.0,2418.0,977.0,1874.0,1917.0,2839.0,3808.0,1212.0,1242.0,7.0,1.0,1.0
1254.0,2417.0,976.0,1873.0,1918.0,2838.0,3810.0,1211.0,1242.0,7.0,1.0,1.0
1254.0,2417.0,977.0,1873.0,1920.0,2838.0,3811.0,1211.0,1243.0,7.0,1.0,1.0
1256.0,2422.0,979.0,1878.0,1925.0,2840.0,3818.0,1213.0,1243.0,7.0,1.0,1.0
1254.0,2421.0,979.0,1876.0,1924.0,2839.0,3819.0,1213.0,1243.0,7.0,1.0,1.0
1251.0,2418.0,978.0,1873.0,1921.0,2837.0,3816.0,1211.0,1241.0,7.0,1.0,1.0
1252.0,2420.0,980.0,1876.0,1924.0,2839.0,3817.0,1213.0,1242.0,7.0,1.0,1.0
1252.0,2423.0,981.0,1878.0,1924.0,2839.0,3818.0,1214.0,1243.0,7.0,1.0,1.0
1249.0,2420.0,979.0,1875.0,1921.0,2837.0,3817.0,1213.0,1242.0,7.0,1.0,1.0
1249.0,2420.0,980.0,1875.0,1920.0,2837.0,3815.0,1212.0,1242.0,7.0,1.0,1.0
1251.0,2423.0,981.0,1878.0,1923.0,2839.0,3820.0,1213.0,1243.0,7.0,1.0,1.0
1249.0,2421.0,979.0,1875.0,1920.0,2836.0,3818.0,1212.0,1242.0,7.0,1.0,1.0
1248.0,2418.0,978.0,1874.0,1918.0,2835.0,3818.0,1211.0,1241.0,7.0,1.0,1.0
1249.0,2421.0,979.0,1876.0,1921.0,2837.0,3817.0,1212.0,1241.0,7.0,1.0,1.0
1249.0,2420.0,977.0,1875.0,1920.0,2836.0,3817.0,1211.0,1242.0,7.0,1.0,1.0
1265.0,2442.0,994.0,1897.0,1939.0,2864.0,3839.0,1231.0,1261.0,7.0,1.0,1.0
1288.0,2476.0,1017.0,1928.0,1970.0,2905.0,3872.0,1256.0,1286.0,7.0,1.0,1.0
1292.0,2483.0,1021.0,1933.0,1977.0,2911.0,3877.0,1260.0,1291.0,7.0,1.0,1.0
1293.0,2483.0,1021.0,1932.0,1978.0,2913.0,3880.0,1261.0,1292.0,7.0,1.0,1.0
1279.0,2465.0,1007.0,1914.0,1962.0,2887.0,3860.0,1245.0,1276.0,7.0,1.0,1.0
1270.0,2453.0,998.0,1903.0,1950.0,2874.0,3851.0,1236.0,1266.0,7.0,1.0,1.0
1244.0,2228.0,985.0,1876.0,1827.0,2824.0,3792.0,1212.0,1249.0,8.0,1.0,1.0
1240.0,2224.0,981.0,1872.0,1822.0,2820.0,3794.0,1209.0,1244.0,8.0,1.0,1.0
1238.0,2221.0,978.0,1869.0,1820.0,2818.0,3791.0,1205.0,1239.0,8.0,1.0,1.0
1239.0,2222.0,978.0,1870.0,1821.0,2821.0,3790.0,1205.0,1239.0,8.0,1.0,1.0
1238.0,2221.0,977.0,1868.0,1818.0,2820.0,3786.0,1203.0,1237.0,8.0,1.0,1.0
1237.0,2219.0,975.0,1865.0,1816.0,2818.0,3781.0,1202.0,1235.0,8.0,1.0,1.0
1237.0,2219.0,974.0,1866.0,1818.0,2819.0,3770.0,1201.0,1234.0,8.0,1.0,1.0
1237.0,2221.0,974.0,1866.0,1818.0,2819.0,3764.0,1203.0,1234.0,8.0,1.0,1.0
1235.0,2218.0,972.0,1864.0,1816.0,2816.0,3754.0,1202.0,1232.0,8.0,1.0,1.0
1235.0,2217.0,972.0,1864.0,1817.0,2817.0,3750.0,1202.0,1232.0,8.0,1.0,1.0
1236.0,2218.0,972.0,1865.0,1818.0,2817.0,3751.0,1202.0,1231.0,8.0,1.0,1.0
1234.0,2216.0,971.0,1862.0,1815.0,2814.0,3757.0,1201.0,1228.0,8.0,1.0,1.0
1234.0,2214.0,971.0,1861.0,1814.0,2814.0,3760.0,1200.0,1228.0,8.0,1.0,1.0
1234.0,2215.0,971.0,1862.0,1814.0,2814.0,3767.0,1199.0,1226.0,8.0,1.0,1.0
1232.0,2213.0,968.0,1858.0,1811.0,2811.0,3771.0,1197.0,1223.0,8.0,1.0,1.0
1231.0,2210.0,966.0,1855.0,1808.0,2809.0,3771.0,1195.0,1221.0,8.0,1.0,1.0
1231.0,2212.0,965.0,1857.0,1810.0,2810.0,3772.0,1195.0,1222.0,8.0,1.0,1.0
1230.0,2211.0,963.0,1855.0,1810.0,2810.0,3774.0,1194.0,1221.0,8.0,1.0,1.0
1229.0,2209.0,962.0,1851.0,1807.0,2808.0,3771.0,1194.0,1221.0,8.0,1.0,1.0
1229.0,2210.0,963.0,1853.0,1809.0,2809.0,3768.0,1194.0,1221.0,8.0,1.0,1.0
1229.0,2211.0,963.0,1853.0,1809.0,2809.0,3766.0,1195.0,1222.0,8.0,1.0,1.0
1228.0,2208.0,962.0,1850.0,1807.0,2806.0,3758.0,1193.0,1220.0,8.0,1.0,1.0
1227.0,2207.0,961.0,1849.0,1805.0,2804.0,3752.0,1192.0,1218.0,8.0,1.0,1.0
1229.0,2209.0,962.0,1852.0,1809.0,2806.0,3746.0,1192.0,1219.0,8.0,1.0,1.0
1227.0,2207.0,960.0,1850.0,1807.0,2803.0,3740.0,1191.0,1219.0,8.0,1.0,1.0
1226.0,2206.0,959.0,1848.0,1806.0,2803.0,3736.0,1190.0,1217.0,8.0,1.0,1.0
1227.0,2207.0,960.0,1850.0,1806.0,2804.0,3740.0,1192.0,1219.0,8.0,1.0,1.0
1227.0,2206.0,960.0,1850.0,1806.0,2804.0,3745.0,1191.0,1218.0,8.0,1.0,1.0
1226.0,2203.0,959.0,1848.0,1803.0,2802.0,3750.0,1190.0,1217.0,8.0,1.0,1.0
1229.0,2206.0,962.0,1851.0,1798.0,2805.0,3762.0,1193.0,1249.0,8.0,1.0,1.0
1231.0,2208.0,963.0,1855.0,1801.0,2808.0,3772.0,1195.0,1251.0,8.0,1.0,1.0
1231.0,2207.0,964.0,1854.0,1800.0,2807.0,3777.0,1195.0,1251.0,8.0,1.0,1.0
1232.0,2209.0,966.0,1856.0,1803.0,2809.0,3779.0,1198.0,1254.0,8.0,1.0,1.0
1234.0,2211.0,969.0,1861.0,1806.0,2813.0,3784.0,1200.0,1256.0,8.0,1.0,1.0
1232.0,2209.0,967.0,1858.0,1812.0,2810.0,3780.0,1198.0,1225.0,8.0,1.0,1.0
1231.0,2209.0,967.0,1856.0,1811.0,2809.0,3775.0,1198.0,1224.0,8.0,1.0,1.0
1233.0,2211.0,969.0,1858.0,1814.0,2811.0,3768.0,1198.0,1226.0,8.0,1.0,1.0
1234.0,2211.0,968.0,1857.0,1813.0,2810.0,3762.0,1198.0,1225.0,8.0,1.0,1.0
1231.0,2209.0,967.0,1853.0,1810.0,2807.0,3751.0,1196.0,1223.0,8.0,1.0,1.0
1233.0,2211.0,968.0,1856.0,1812.0,2809.0,3745.0,1198.0,1224.0,8.0,1.0,1.0
1234.0,2211.0,968.0,1856.0,1812.0,2810.0,3739.0,1198.0,1224.0,8.0,1.0,1.0
1231.0,2207.0,966.0,1852.0,1809.0,2806.0,3736.0,1197.0,1222.0,8.0,1.0,1.0
1232.0,2208.0,966.0,1854.0,1809.0,2807.0,3738.0,1198.0,1222.0,8.0,1.0,1.0
1237.0,2216.0,971.0,1862.0,1816.0,2815.0,3749.0,1203.0,1227.0,8.0,1.0,1.0
1877.0,2516.0,1094.0,2025.0,1782.0,3562.0,3529.0,1345.0,1614.0,1.0,2.0,1.0
1882.0,2521.0,1095.0,2029.0,1785.0,3565.0,3532.0,1346.0,1616.0,1.0,2.0,1.0
1880.0,2520.0,1094.0,2027.0,1784.0,3564.0,3532.0,1346.0,1615.0,1.0,2.0,1.0
1876.0,2517.0,1094.0,2024.0,1783.0,3562.0,3530.0,1345.0,1614.0,1.0,2.0,1.0
1880.0,2520.0,1095.0,2028.0,1785.0,3563.0,3532.0,1346.0,1615.0,1.0,2.0,1.0
1881.0,2522.0,1095.0,2029.0,1786.0,3565.0,3533.0,1347.0,1615.0,1.0,2.0,1.0
1877.0,2518.0,1095.0,2025.0,1782.0,3564.0,3528.0,1346.0,1613.0,1.0,2.0,1.0
1879.0,2518.0,1094.0,2026.0,1783.0,3565.0,3530.0,1346.0,1614.0,1.0,2.0,1.0
1883.0,2522.0,1095.0,2030.0,1784.0,3566.0,3532.0,1347.0,1615.0,1.0,2.0,1.0
1879.0,2520.0,1094.0,2026.0,1782.0,3566.0,3531.0,1347.0,1613.0,1.0,2.0,1.0
1877.0,2518.0,1095.0,2026.0,1781.0,3566.0,3531.0,1347.0,1613.0,1.0,2.0,1.0
1880.0,2522.0,1095.0,2028.0,1782.0,3567.0,3533.0,1347.0,1613.0,1.0,2.0,1.0
1876.0,2520.0,1093.0,2025.0,1779.0,3565.0,3529.0,1344.0,1610.0,1.0,2.0,1.0
1871.0,2514.0,1090.0,2021.0,1776.0,3561.0,3524.0,1341.0,1606.0,1.0,2.0,1.0
1873.0,2514.0,1090.0,2022.0,1777.0,3560.0,3522.0,1340.0,1605.0,1.0,2.0,1.0
1874.0,2514.0,1088.0,2021.0,1776.0,3558.0,3522.0,1338.0,1603.0,1.0,2.0,1.0
1870.0,2509.0,1087.0,2017.0,1772.0,3554.0,3520.0,1338.0,1601.0,1.0,2.0,1.0
1872.0,2509.0,1087.0,2018.0,1772.0,3554.0,3521.0,1339.0,1603.0,1.0,2.0,1.0
1875.0,2511.0,1087.0,2019.0,1773.0,3555.0,3522.0,1339.0,1603.0,1.0,2.0,1.0
1869.0,2507.0,1085.0,2015.0,1770.0,3552.0,3519.0,1339.0,1603.0,1.0,2.0,1.0
1866.0,2505.0,1083.0,2014.0,1770.0,3550.0,3518.0,1339.0,1603.0,1.0,2.0,1.0
1869.0,2507.0,1083.0,2017.0,1773.0,3551.0,3519.0,1339.0,1604.0,1.0,2.0,1.0
1866.0,2505.0,1083.0,2014.0,1771.0,3549.0,3516.0,1337.0,1602.0,1.0,2.0,1.0
1861.0,2503.0,1083.0,2013.0,1769.0,3546.0,3514.0,1337.0,1601.0,1.0,2.0,1.0
1865.0,2507.0,1086.0,2017.0,1772.0,3549.0,3517.0,1337.0,1602.0,1.0,2.0,1.0
1866.0,2510.0,1086.0,2017.0,1772.0,3551.0,3518.0,1338.0,1603.0,1.0,2.0,1.0
1860.0,2507.0,1085.0,2012.0,1769.0,3548.0,3512.0,1335.0,1601.0,1.0,2.0,1.0
1862.0,2508.0,1086.0,2014.0,1771.0,3549.0,3512.0,1336.0,1602.0,1.0,2.0,1.0
1868.0,2513.0,1089.0,2018.0,1775.0,3554.0,3518.0,1338.0,1606.0,1.0,2.0,1.0
1866.0,2511.0,1089.0,2017.0,1775.0,3554.0,3518.0,1341.0,1608.0,1.0,2.0,1.0
1865.0,2510.0,1090.0,2018.0,1775.0,3554.0,3518.0,1341.0,1609.0,1.0,2.0,1.0
1871.0,2515.0,1092.0,2024.0,1780.0,3557.0,3524.0,1344.0,1613.0,1.0,2.0,1.0
1870.0,2516.0,1093.0,2023.0,1780.0,3559.0,3525.0,1345.0,1615.0,1.0,2.0,1.0
1867.0,2513.0,1092.0,2021.0,1779.0,3557.0,3523.0,1344.0,1613.0,1.0,2.0,1.0
1871.0,2516.0,1092.0,2025.0,1781.0,3559.0,3526.0,1345.0,1614.0,1.0,2.0,1.0
1872.0,2518.0,1093.0,2025.0,1782.0,3560.0,3527.0,1344.0,1613.0,1.0,2.0,1.0
1869.0,2516.0,1094.0,2023.0,1780.0,3559.0,3523.0,1344.0,1611.0,1.0,2.0,1.0
1873.0,2519.0,1096.0,2028.0,1783.0,3562.0,3528.0,1345.0,1612.0,1.0,2.0,1.0
1876.0,2522.0,1097.0,2031.0,1785.0,3564.0,3532.0,1347.0,1614.0,1.0,2.0,1.0
1872.0,2519.0,1096.0,2027.0,1782.0,3563.0,3530.0,1345.0,1611.0,1.0,2.0,1.0
2031.0,2691.0,1226.0,2235.0,2035.0,3520.0,3857.0,1345.0,1725.0,2.0,2.0,1.0
2026.0,2687.0,1222.0,2231.0,2032.0,3512.0,3851.0,1341.0,1716.0,2.0,2.0,1.0
2029.0,2689.0,1221.0,2234.0,2034.0,3511.0,3856.0,1343.0,1712.0,2.0,2.0,1.0
2029.0,2691.0,1221.0,2234.0,2034.0,3511.0,3856.0,1344.0,1708.0,2.0,2.0,1.0
2028.0,2691.0,1221.0,2233.0,2035.0,3512.0,3857.0,1345.0,1705.0,2.0,2.0,1.0
2030.0,2691.0,1220.0,2233.0,2035.0,3510.0,3857.0,1345.0,1701.0,2.0,2.0,1.0
2028.0,2686.0,1215.0,2228.0,2031.0,3504.0,3854.0,1341.0,1696.0,2.0,2.0,1.0
2022.0,2681.0,1213.0,2223.0,2027.0,3499.0,3849.0,1337.0,1692.0,2.0,2.0,1.0
2027.0,2686.0,1216.0,2229.0,2031.0,3505.0,3857.0,1339.0,1695.0,2.0,2.0,1.0
2030.0,2689.0,1217.0,2233.0,2033.0,3508.0,3860.0,1339.0,1698.0,2.0,2.0,1.0
2030.0,2691.0,1219.0,2235.0,2035.0,3516.0,3862.0,1342.0,1703.0,2.0,2.0,1.0
2022.0,2680.0,1213.0,2226.0,2026.0,3507.0,3849.0,1334.0,1697.0,2.0,2.0,1.0
2020.0,2677.0,1209.0,2222.0,2022.0,3501.0,3841.0,1328.0,1694.0,2.0,2.0,1.0
2005.0,2662.0,1198.0,2205.0,2008.0,3484.0,3823.0,1317.0,1681.0,2.0,2.0,1.0
1993.0,2648.0,1188.0,2191.0,1997.0,3470.0,3807.0,1307.0,1670.0,2.0,2.0,1.0
1984.0,2636.0,1176.0,2180.0,1986.0,3452.0,3793.0,1296.0,1656.0,2.0,2.0,1.0
1987.0,2641.0,1177.0,2184.0,1989.0,3457.0,3799.0,1299.0,1656.0,2.0,2.0,1.0
1983.0,2637.0,1175.0,2181.0,1987.0,3455.0,3800.0,1300.0,1653.0,2.0,2.0,1.0
1990.0,2645.0,1181.0,2190.0,1995.0,3463.0,3809.0,1307.0,1658.0,2.0,2.0,1.0
1997.0,2653.0,1186.0,2198.0,2001.0,3468.0,3818.0,1313.0,1662.0,2.0,2.0,1.0
2003.0,2663.0,1196.0,2206.0,2010.0,3480.0,3829.0,1324.0,1671.0,2.0,2.0,1.0
2000.0,2660.0,1195.0,2204.0,2009.0,3476.0,3826.0,1324.0,1669.0,2.0,2.0,1.0
2002.0,2661.0,1193.0,2204.0,2009.0,3475.0,3824.0,1322.0,1668.0,2.0,2.0,1.0
1998.0,2656.0,1189.0,2199.0,2004.0,3470.0,3820.0,1319.0,1665.0,2.0,2.0,1.0
1995.0,2654.0,1189.0,2197.0,2003.0,3472.0,3819.0,1319.0,1666.0,2.0,2.0,1.0
1998.0,2656.0,1189.0,2200.0,2005.0,3473.0,3821.0,1317.0,1668.0,2.0,2.0,1.0
2006.0,2666.0,1196.0,2210.0,2013.0,3486.0,3834.0,1323.0,1678.0,2.0,2.0,1.0
2011.0,2674.0,1203.0,2216.0,2019.0,3499.0,3842.0,1330.0,1688.0,2.0,2.0,1.0
2020.0,2685.0,1212.0,2228.0,2030.0,3514.0,3854.0,1339.0,1700.0,2.0,2.0,1.0
2029.0,2694.0,1217.0,2235.0,2038.0,3521.0,3861.0,1345.0,1706.0,2.0,2.0,1.0
2025.0,2691.0,1216.0,2230.0,2034.0,3518.0,3858.0,1343.0,1704.0,2.0,2.0,1.0
2021.0,2687.0,1212.0,2225.0,2030.0,3512.0,3852.0,1339.0,1699.0,2.0,2.0,1.0
2025.0,2688.0,1212.0,2226.0,2031.0,3509.0,3854.0,1338.0,1696.0,2.0,2.0,1.0
2018.0,2678.0,1204.0,2215.0,2023.0,3496.0,3847.0,1331.0,1686.0,2.0,2.0,1.0
2008.0,2669.0,1198.0,2205.0,2015.0,3488.0,3838.0,1325.0,1677.0,2.0,2.0,1.0
2010.0,2669.0,1197.0,2207.0,2015.0,3486.0,3838.0,1324.0,1674.0,2.0,2.0,1.0
2013.0,2673.0,1200.0,2210.0,2018.0,3487.0,3841.0,1327.0,1675.0,2.0,2.0,1.0
2006.0,2665.0,1196.0,2202.0,2013.0,3482.0,3832.0,1324.0,1671.0,2.0,2.0,1.0
2012.0,2672.0,1201.0,2209.0,2018.0,3488.0,3836.0,1327.0,1675.0,2.0,2.0,1.0
2018.0,2676.0,1203.0,2215.0,2022.0,3492.0,3841.0,1330.0,1677.0,2.0,2.0,1.0
2014.0,2672.0,1202.0,2212.0,2019.0,3490.0,3837.0,1329.0,1676.0,2.0,2.0,1.0
2009.0,2665.0,1199.0,2207.0,2013.0,3486.0,3833.0,1325.0,1673.0,2.0,2.0,1.0
2011.0,2668.0,1199.0,2211.0,2015.0,3486.0,3835.0,1325.0,1674.0,2.0,2.0,1.0
2004.0,2659.0,1192.0,2201.0,2007.0,3476.0,3827.0,1317.0,1667.0,2.0,2.0,1.0
1995.0,2650.0,1186.0,2192.0,1999.0,3467.0,3818.0,1312.0,1662.0,2.0,2.0,1.0
1994.0,2648.0,1183.0,2189.0,1984.0,3485.0,3814.0,1309.0,1659.0,2.0,2.0,1.0
1989.0,2642.0,1177.0,2182.0,1978.0,3478.0,3807.0,1304.0,1652.0,2.0,2.0,1.0
1981.0,2633.0,1172.0,2174.0,1970.0,3471.0,3800.0,1299.0,1645.0,2.0,2.0,1.0
1980.0,2632.0,1171.0,2175.0,1971.0,3470.0,3799.0,1300.0,1644.0,2.0,2.0,1.0
1982.0,2634.0,1171.0,2177.0,1972.0,3467.0,3799.0,1299.0,1641.0,2.0,2.0,1.0
1975.0,2628.0,1167.0,2169.0,1978.0,3440.0,3794.0,1296.0,1635.0,2.0,2.0,1.0
1974.0,2627.0,1168.0,2169.0,1978.0,3439.0,3793.0,1296.0,1634.0,2.0,2.0,1.0
1979.0,2630.0,1169.0,2173.0,1982.0,3441.0,3796.0,1298.0,1635.0,2.0,2.0,1.0
1964.0,2618.0,1070.0,2139.0,1954.0,3039.0,3870.0,1263.0,1614.0,3.0,2.0,1.0
1996.0,2657.0,1096.0,2187.0,1988.0,3075.0,3912.0,1291.0,1644.0,3.0,2.0,1.0
2002.0,2665.0,1103.0,2197.0,2005.0,3054.0,3920.0,1296.0,1651.0,3.0,2.0,1.0
1983.0,2639.0,1089.0,2164.0,1984.0,3020.0,3888.0,1279.0,1633.0,3.0,2.0,1.0
1980.0,2638.0,1085.0,2162.0,1984.0,3010.0,3885.0,1275.0,1629.0,3.0,2.0,1.0
1989.0,2648.0,1090.0,2172.0,1995.0,3015.0,3897.0,1282.0,1635.0,3.0,2.0,1.0
1983.0,2643.0,1087.0,2164.0,1990.0,3003.0,3890.0,1279.0,1632.0,3.0,2.0,1.0
2008.0,2675.0,1108.0,2200.0,2022.0,3040.0,3925.0,1304.0,1659.0,3.0,2.0,1.0
2033.0,2705.0,1128.0,2239.0,2048.0,3073.0,3960.0,1326.0,1685.0,3.0,2.0,1.0
2041.0,2713.0,1136.0,2246.0,2053.0,3088.0,3968.0,1335.0,1694.0,3.0,2.0,1.0
2039.0,2712.0,1137.0,2245.0,2050.0,3094.0,3966.0,1336.0,1695.0,3.0,2.0,1.0
2041.0,2712.0,1137.0,2247.0,2050.0,3099.0,3966.0,1334.0,1693.0,3.0,2.0,1.0
2033.0,2701.0,1130.0,2235.0,2039.0,3093.0,3954.0,1325.0,1683.0,3.0,2.0,1.0
2029.0,2696.0,1129.0,2231.0,2035.0,3099.0,3949.0,1324.0,1681.0,3.0,2.0,1.0
2031.0,2697.0,1129.0,2232.0,2037.0,3102.0,3947.0,1325.0,1681.0,3.0,2.0,1.0
2037.0,2704.0,1132.0,2237.0,2042.0,3109.0,3954.0,1329.0,1685.0,3.0,2.0,1.0
2040.0,2710.0,1138.0,2243.0,2046.0,3116.0,3964.0,1337.0,1692.0,3.0,2.0,1.0
2044.0,2715.0,1141.0,2247.0,2051.0,3111.0,3968.0,1340.0,1696.0,3.0,2.0,1.0
2051.0,2723.0,1144.0,2253.0,2057.0,3105.0,3975.0,1342.0,1699.0,3.0,2.0,1.0
2045.0,2717.0,1140.0,2245.0,2051.0,3092.0,3972.0,1337.0,1695.0,3.0,2.0,1.0
2039.0,2709.0,1135.0,2237.0,2045.0,3078.0,3964.0,1330.0,1688.0,3.0,2.0,1.0
2031.0,2697.0,1125.0,2223.0,2036.0,3056.0,3949.0,1317.0,1675.0,3.0,2.0,1.0
2023.0,2688.0,1119.0,2215.0,2027.0,3047.0,3941.0,1310.0,1667.0,3.0,2.0,1.0
2011.0,2674.0,1111.0,2202.0,2016.0,3034.0,3930.0,1303.0,1657.0,3.0,2.0,1.0
2012.0,2675.0,1110.0,2204.0,2017.0,3036.0,3927.0,1302.0,1655.0,3.0,2.0,1.0
2010.0,2671.0,1107.0,2200.0,2014.0,3034.0,3922.0,1299.0,1653.0,3.0,2.0,1.0
2008.0,2670.0,1109.0,2201.0,2013.0,3046.0,3923.0,1301.0,1654.0,3.0,2.0,1.0
2011.0,2674.0,1112.0,2206.0,2017.0,3060.0,3927.0,1305.0,1657.0,3.0,2.0,1.0
2017.0,2678.0,1113.0,2210.0,2021.0,3069.0,3930.0,1306.0,1659.0,3.0,2.0,1.0
2006.0,2665.0,1105.0,2197.0,2009.0,3059.0,3921.0,1298.0,1650.0,3.0,2.0,1.0
1996.0,2652.0,1098.0,2184.0,1999.0,3048.0,3908.0,1290.0,1641.0,3.0,2.0,1.0
1992.0,2648.0,1092.0,2179.0,1994.0,3035.0,3901.0,1285.0,1635.0,3.0,2.0,1.0
1979.0,2633.0,1080.0,2164.0,1980.0,3011.0,3885.0,1273.0,1622.0,3.0,2.0,1.0
1965.0,2617.0,1070.0,2143.0,1966.0,2990.0,3868.0,1262.0,1609.0,3.0,2.0,1.0
1964.0,2618.0,1067.0,2138.0,1967.0,2975.0,3865.0,1259.0,1605.0,3.0,2.0,1.0
1965.0,2620.0,1070.0,2141.0,1970.0,2977.0,3867.0,1261.0,1607.0,3.0,2.0,1.0
1977.0,2635.0,1080.0,2155.0,1984.0,2993.0,3883.0,1273.0,1620.0,3.0,2.0,1.0
1995.0,2658.0,1095.0,2183.0,2004.0,3018.0,3904.0,1289.0,1638.0,3.0,2.0,1.0
2009.0,2675.0,1109.0,2207.0,2018.0,3042.0,3923.0,1304.0,1654.0,3.0,2.0,1.0
2018.0,2685.0,1119.0,2219.0,2028.0,3063.0,3936.0,1315.0,1666.0,3.0,2.0,1.0
2027.0,2696.0,1126.0,2229.0,2037.0,3078.0,3947.0,1323.0,1675.0,3.0,2.0,1.0
2039.0,2709.0,1134.0,2243.0,2051.0,3100.0,3963.0,1334.0,1687.0,3.0,2.0,1.0
1947.0,2735.0,1086.0,2230.0,2058.0,3027.0,4048.0,1324.0,1561.0,4.0,2.0,1.0
1975.0,2756.0,1103.0,2262.0,2078.0,3059.0,4069.0,1344.0,1581.0,4.0,2.0,1.0
1970.0,2739.0,1095.0,2248.0,2064.0,3041.0,4050.0,1335.0,1571.0,4.0,2.0,1.0
1959.0,2722.0,1082.0,2231.0,2048.0,3017.0,4032.0,1320.0,1552.0,4.0,2.0,1.0
1949.0,2712.0,1075.0,2220.0,2039.0,3004.0,4025.0,1310.0,1542.0,4.0,2.0,1.0
1941.0,2711.0,1074.0,2217.0,2038.0,3002.0,4026.0,1309.0,1540.0,4.0,2.0,1.0
1936.0,2716.0,1073.0,2219.0,2041.0,3002.0,4027.0,1309.0,1539.0,4.0,2.0,1.0
1932.0,2727.0,1074.0,2223.0,2048.0,3004.0,4038.0,1312.0,1540.0,4.0,2.0,1.0
1920.0,2729.0,1072.0,2219.0,2035.0,3023.0,4041.0,1312.0,1538.0,4.0,2.0,1.0
1917.0,2740.0,1076.0,2227.0,2045.0,3033.0,4048.0,1318.0,1543.0,4.0,2.0,1.0
1909.0,2740.0,1071.0,2223.0,2044.0,3026.0,4048.0,1313.0,1537.0,4.0,2.0,1.0
1899.0,2732.0,1065.0,2214.0,2036.0,3017.0,4043.0,1306.0,1529.0,4.0,2.0,1.0
1894.0,2723.0,1061.0,2207.0,2029.0,3012.0,4034.0,1302.0,1524.0,4.0,2.0,1.0
1911.0,2732.0,1069.0,2223.0,2053.0,3006.0,4043.0,1311.0,1534.0,4.0,2.0,1.0
1921.0,2733.0,1072.0,2226.0,2054.0,3011.0,4043.0,1314.0,1537.0,4.0,2.0,1.0
1928.0,2729.0,1075.0,2228.0,2051.0,3016.0,4042.0,1318.0,1540.0,4.0,2.0,1.0
1939.0,2730.0,1077.0,2233.0,2053.0,3021.0,4045.0,1321.0,1542.0,4.0,2.0,1.0
1949.0,2733.0,1081.0,2237.0,2056.0,3025.0,4047.0,1323.0,1545.0,4.0,2.0,1.0
1941.0,2720.0,1073.0,2222.0,2043.0,3012.0,4032.0,1314.0,1535.0,4.0,2.0,1.0
1930.0,2701.0,1061.0,2204.0,2027.0,2991.0,4020.0,1301.0,1521.0,4.0,2.0,1.0
1926.0,2698.0,1056.0,2200.0,2025.0,2984.0,4016.0,1294.0,1515.0,4.0,2.0,1.0
1917.0,2693.0,1052.0,2193.0,2020.0,2977.0,4011.0,1289.0,1510.0,4.0,2.0,1.0
1905.0,2688.0,1048.0,2186.0,2015.0,2970.0,4008.0,1285.0,1504.0,4.0,2.0,1.0
1900.0,2691.0,1047.0,2187.0,2017.0,2967.0,4012.0,1284.0,1503.0,4.0,2.0,1.0
1896.0,2696.0,1049.0,2189.0,2020.0,2968.0,4017.0,1285.0,1502.0,4.0,2.0,1.0
1889.0,2696.0,1048.0,2185.0,2018.0,2966.0,4017.0,1283.0,1500.0,4.0,2.0,1.0
1888.0,2697.0,1048.0,2186.0,2020.0,2966.0,4019.0,1283.0,1500.0,4.0,2.0,1.0
1891.0,2702.0,1049.0,2189.0,2023.0,2968.0,4022.0,1285.0,1501.0,4.0,2.0,1.0
1891.0,2699.0,1048.0,2186.0,2019.0,2968.0,4018.0,1284.0,1500.0,4.0,2.0,1.0
1893.0,2696.0,1048.0,2186.0,2017.0,2967.0,4018.0,1285.0,1501.0,4.0,2.0,1.0
1899.0,2694.0,1048.0,2188.0,2018.0,2967.0,4015.0,1284.0,1500.0,4.0,2.0,1.0
1902.0,2690.0,1047.0,2185.0,2014.0,2965.0,4010.0,1283.0,1499.0,4.0,2.0,1.0
1902.0,2683.0,1046.0,2181.0,2009.0,2964.0,4004.0,1281.0,1498.0,4.0,2.0,1.0
1914.0,2689.0,1052.0,2191.0,2018.0,2974.0,4012.0,1288.0,1504.0,4.0,2.0,1.0
1924.0,2695.0,1055.0,2197.0,2022.0,2981.0,4015.0,1292.0,1510.0,4.0,2.0,1.0
1933.0,2706.0,1064.0,2209.0,2031.0,2998.0,4023.0,1303.0,1521.0,4.0,2.0,1.0
1941.0,2717.0,1071.0,2219.0,2042.0,3010.0,4034.0,1311.0,1530.0,4.0,2.0,1.0
1953.0,2737.0,1082.0,2236.0,2059.0,3028.0,4052.0,1323.0,1542.0,4.0,2.0,1.0
1953.0,2743.0,1086.0,2239.0,2063.0,3034.0,4060.0,1327.0,1547.0,4.0,2.0,1.0
1948.0,2747.0,1087.0,2239.0,2067.0,3035.0,4062.0,1329.0,1549.0,4.0,2.0,1.0
1945.0,2752.0,1087.0,2240.0,2070.0,3033.0,4062.0,1329.0,1549.0,4.0,2.0,1.0
1942.0,2753.0,1087.0,2239.0,2071.0,3032.0,4062.0,1329.0,1549.0,4.0,2.0,1.0
1929.0,2739.0,1078.0,2225.0,2058.0,3019.0,4049.0,1321.0,1540.0,4.0,2.0,1.0
1922.0,2730.0,1072.0,2217.0,2050.0,3008.0,4039.0,1313.0,1531.0,4.0,2.0,1.0
1925.0,2730.0,1071.0,2218.0,2050.0,3008.0,4038.0,1313.0,1531.0,4.0,2.0,1.0
1916.0,2713.0,1062.0,2205.0,2035.0,2996.0,4030.0,1303.0,1521.0,4.0,2.0,1.0
1917.0,2708.0,1059.0,2203.0,2030.0,2993.0,4027.0,1301.0,1518.0,4.0,2.0,1.0
1602.0,2592.0,1000.0,1972.0,1960.0,2873.0,3961.0,1230.0,1280.0,5.0,2.0,1.0
1608.0,2589.0,992.0,1968.0,1950.0,2868.0,3961.0,1224.0,1264.0,5.0,2.0,1.0
1598.0,2588.0,993.0,1968.0,1957.0,2870.0,3962.0,1226.0,1266.0,5.0,2.0,1.0
1604.0,2618.0,1010.0,1997.0,1993.0,2907.0,3995.0,1246.0,1287.0,5.0,2.0,1.0
1601.0,2635.0,1022.0,2015.0,2012.0,2925.0,4013.0,1259.0,1328.0,5.0,2.0,1.0
1594.0,2647.0,1032.0,2027.0,2033.0,2941.0,4027.0,1270.0,1339.0,5.0,2.0,1.0
1575.0,2639.0,1028.0,2019.0,2034.0,2930.0,4021.0,1264.0,1334.0,5.0,2.0,1.0
1577.0,2648.0,1034.0,2026.0,2045.0,2939.0,4028.0,1269.0,1339.0,5.0,2.0,1.0
1575.0,2637.0,1028.0,2013.0,2031.0,2924.0,4016.0,1263.0,1332.0,5.0,2.0,1.0
1588.0,2639.0,1029.0,2015.0,2034.0,2929.0,4019.0,1264.0,1304.0,5.0,2.0,1.0
1609.0,2643.0,1031.0,2020.0,2029.0,2934.0,4021.0,1268.0,1307.0,5.0,2.0,1.0
1628.0,2646.0,1033.0,2022.0,2020.0,2937.0,4026.0,1270.0,1308.0,5.0,2.0,1.0
1644.0,2650.0,1036.0,2024.0,2012.0,2942.0,4028.0,1274.0,1312.0,5.0,2.0,1.0
1653.0,2648.0,1035.0,2023.0,2006.0,2939.0,4024.0,1273.0,1311.0,5.0,2.0,1.0
1659.0,2649.0,1035.0,2022.0,2004.0,2937.0,4023.0,1271.0,1310.0,5.0,2.0,1.0
1661.0,2650.0,1036.0,2021.0,2003.0,2939.0,4027.0,1271.0,1309.0,5.0,2.0,1.0
1663.0,2655.0,1039.0,2027.0,2009.0,2948.0,4030.0,1276.0,1314.0,5.0,2.0,1.0
1654.0,2648.0,1034.0,2021.0,2007.0,2937.0,4026.0,1268.0,1308.0,5.0,2.0,1.0
1638.0,2642.0,1030.0,2015.0,2007.0,2930.0,4022.0,1263.0,1302.0,5.0,2.0,1.0
1618.0,2636.0,1026.0,2008.0,2008.0,2924.0,4017.0,1259.0,1298.0,5.0,2.0,1.0
1597.0,2629.0,1021.0,2003.0,2013.0,2915.0,4008.0,1255.0,1294.0,5.0,2.0,1.0
1573.0,2618.0,1012.0,1991.0,2013.0,2899.0,3997.0,1246.0,1284.0,5.0,2.0,1.0
1562.0,2618.0,1013.0,1993.0,2020.0,2904.0,3997.0,1249.0,1285.0,5.0,2.0,1.0
1558.0,2619.0,1014.0,1994.0,2023.0,2905.0,3998.0,1250.0,1285.0,5.0,2.0,1.0
1564.0,2621.0,1015.0,1998.0,2024.0,2907.0,3999.0,1251.0,1286.0,5.0,2.0,1.0
1576.0,2624.0,1017.0,2001.0,2019.0,2913.0,4004.0,1254.0,1290.0,5.0,2.0,1.0
1598.0,2631.0,1023.0,2008.0,2016.0,2924.0,4012.0,1261.0,1297.0,5.0,2.0,1.0
1623.0,2643.0,1030.0,2019.0,2019.0,2936.0,4023.0,1269.0,1305.0,5.0,2.0,1.0
1644.0,2651.0,1035.0,2026.0,2018.0,2946.0,4029.0,1275.0,1312.0,5.0,2.0,1.0
1657.0,2653.0,1038.0,2030.0,2016.0,2952.0,4033.0,1279.0,1317.0,5.0,2.0,1.0
1667.0,2657.0,1040.0,2034.0,2017.0,2955.0,4033.0,1280.0,1318.0,5.0,2.0,1.0
1669.0,2659.0,1040.0,2035.0,2017.0,2955.0,4036.0,1279.0,1318.0,5.0,2.0,1.0
1664.0,2656.0,1038.0,2030.0,2014.0,2952.0,4033.0,1277.0,1317.0,5.0,2.0,1.0
1656.0,2656.0,1037.0,2031.0,2019.0,2952.0,4033.0,1277.0,1317.0,5.0,2.0,1.0
1650.0,2664.0,1041.0,2036.0,2031.0,2958.0,4040.0,1281.0,1320.0,5.0,2.0,1.0
1639.0,2669.0,1045.0,2040.0,2043.0,2966.0,4044.0,1288.0,1326.0,5.0,2.0,1.0
1627.0,2674.0,1049.0,2044.0,2056.0,2971.0,4044.0,1291.0,1330.0,5.0,2.0,1.0
1619.0,2679.0,1053.0,2050.0,2072.0,2976.0,4048.0,1295.0,1333.0,5.0,2.0,1.0
1616.0,2687.0,1059.0,2057.0,2083.0,2985.0,4058.0,1301.0,1339.0,5.0,2.0,1.0
1614.0,2686.0,1061.0,2057.0,2082.0,2985.0,4058.0,1302.0,1339.0,5.0,2.0,1.0
1619.0,2685.0,1061.0,2058.0,2079.0,2982.0,4058.0,1300.0,1337.0,5.0,2.0,1.0
1631.0,2690.0,1064.0,2062.0,2077.0,2986.0,4058.0,1304.0,1341.0,5.0,2.0,1.0
1648.0,2695.0,1069.0,2066.0,2072.0,2994.0,4058.0,1309.0,1346.0,5.0,2.0,1.0
1663.0,2695.0,1068.0,2066.0,2066.0,2995.0,4057.0,1309.0,1346.0,5.0,2.0,1.0
1675.0,2696.0,1067.0,2065.0,2061.0,2994.0,4057.0,1308.0,1347.0,5.0,2.0,1.0
1681.0,2693.0,1064.0,2060.0,2053.0,2990.0,4056.0,1304.0,1344.0,5.0,2.0,1.0
1672.0,2673.0,1053.0,2042.0,2034.0,2969.0,4045.0,1290.0,1330.0,5.0,2.0,1.0
1317.0,2675.0,1049.0,1969.0,2004.0,2981.0,4051.0,1286.0,1322.0,6.0,2.0,1.0
1321.0,2678.0,1051.0,1971.0,2008.0,2985.0,4051.0,1290.0,1328.0,6.0,2.0,1.0
1315.0,2671.0,1047.0,1965.0,2004.0,2976.0,4049.0,1284.0,1321.0,6.0,2.0,1.0
1310.0,2667.0,1043.0,1960.0,2004.0,2968.0,4043.0,1279.0,1316.0,6.0,2.0,1.0
1315.0,2675.0,1048.0,1967.0,2029.0,2960.0,4051.0,1285.0,1322.0,6.0,2.0,1.0
1320.0,2680.0,1052.0,1971.0,2038.0,2966.0,4051.0,1290.0,1326.0,6.0,2.0,1.0
1330.0,2695.0,1061.0,1985.0,2055.0,2981.0,4056.0,1301.0,1336.0,6.0,2.0,1.0
1330.0,2695.0,1061.0,1983.0,2055.0,2981.0,4054.0,1301.0,1338.0,6.0,2.0,1.0
1329.0,2693.0,1060.0,1981.0,2050.0,2980.0,4052.0,1301.0,1338.0,6.0,2.0,1.0
1322.0,2681.0,1052.0,1970.0,2036.0,2963.0,4040.0,1292.0,1328.0,6.0,2.0,1.0
1319.0,2679.0,1051.0,1969.0,2030.0,2961.0,4040.0,1291.0,1327.0,6.0,2.0,1.0
1313.0,2669.0,1046.0,1961.0,2017.0,2953.0,4040.0,1285.0,1322.0,6.0,2.0,1.0
1314.0,2672.0,1047.0,1966.0,2019.0,2958.0,4044.0,1288.0,1323.0,6.0,2.0,1.0
1319.0,2680.0,1052.0,1973.0,2025.0,2966.0,4052.0,1293.0,1329.0,6.0,2.0,1.0
1323.0,2686.0,1057.0,1978.0,2029.0,2974.0,4058.0,1299.0,1335.0,6.0,2.0,1.0
1322.0,2683.0,1056.0,1977.0,2027.0,2972.0,4058.0,1298.0,1334.0,6.0,2.0,1.0
1326.0,2689.0,1059.0,1982.0,2032.0,2976.0,4058.0,1301.0,1336.0,6.0,2.0,1.0
1329.0,2693.0,1063.0,1985.0,2036.0,2980.0,4058.0,1304.0,1341.0,6.0,2.0,1.0
1329.0,2689.0,1062.0,1983.0,2037.0,2977.0,4055.0,1303.0,1340.0,6.0,2.0,1.0
1325.0,2683.0,1058.0,1978.0,2036.0,2969.0,4049.0,1298.0,1335.0,6.0,2.0,1.0
1321.0,2680.0,1054.0,1972.0,2035.0,2961.0,4049.0,1293.0,1329.0,6.0,2.0,1.0
1315.0,2670.0,1048.0,1963.0,2029.0,2952.0,4048.0,1288.0,1324.0,6.0,2.0,1.0
1313.0,2665.0,1045.0,1960.0,2027.0,2946.0,4048.0,1284.0,1319.0,6.0,2.0,1.0
1312.0,2665.0,1043.0,1960.0,2025.0,2945.0,4049.0,1283.0,1317.0,6.0,2.0,1.0
1311.0,2662.0,1041.0,1957.0,2019.0,2942.0,4047.0,1281.0,1315.0,6.0,2.0,1.0
1313.0,2663.0,1042.0,1959.0,2018.0,2945.0,4047.0,1282.0,1316.0,6.0,2.0,1.0
1314.0,2666.0,1043.0,1961.0,2018.0,2948.0,4048.0,1282.0,1316.0,6.0,2.0,1.0
1315.0,2668.0,1044.0,1961.0,2017.0,2950.0,4048.0,1284.0,1318.0,6.0,2.0,1.0
1321.0,2675.0,1050.0,1969.0,2023.0,2961.0,4056.0,1291.0,1326.0,6.0,2.0,1.0
1329.0,2688.0,1058.0,1980.0,2035.0,2975.0,4067.0,1300.0,1334.0,6.0,2.0,1.0
1341.0,2706.0,1069.0,1997.0,2051.0,2996.0,4067.0,1313.0,1348.0,6.0,2.0,1.0
1352.0,2719.0,1079.0,2009.0,2062.0,3012.0,4067.0,1325.0,1360.0,6.0,2.0,1.0
1380.0,2751.0,1108.0,2029.0,2101.0,3039.0,4079.0,1355.0,1399.0,6.0,2.0,1.0
1371.0,2742.0,1098.0,2026.0,2092.0,3036.0,4076.0,1348.0,1387.0,6.0,2.0,1.0
1370.0,2744.0,1098.0,2030.0,2093.0,3040.0,4080.0,1348.0,1386.0,6.0,2.0,1.0
1377.0,2755.0,1104.0,2042.0,2101.0,3054.0,4080.0,1356.0,1393.0,6.0,2.0,1.0
1377.0,2751.0,1103.0,2040.0,2095.0,3053.0,4080.0,1355.0,1392.0,6.0,2.0,1.0
1382.0,2758.0,1108.0,2047.0,2101.0,3062.0,4080.0,1360.0,1398.0,6.0,2.0,1.0
1374.0,2750.0,1102.0,2037.0,2091.0,3050.0,4071.0,1352.0,1390.0,6.0,2.0,1.0
1274.0,2575.0,1011.0,1919.0,1976.0,2896.0,3920.0,1248.0,1281.0,7.0,2.0,1.0
1291.0,2590.0,1025.0,1938.0,1993.0,2921.0,3944.0,1265.0,1297.0,7.0,2.0,1.0
1305.0,2604.0,1040.0,1958.0,2014.0,2946.0,3970.0,1281.0,1314.0,7.0,2.0,1.0
1320.0,2619.0,1054.0,1977.0,2032.0,2970.0,3998.0,1298.0,1330.0,7.0,2.0,1.0
1327.0,2626.0,1062.0,1984.0,2039.0,2981.0,4015.0,1306.0,1339.0,7.0,2.0,1.0
1333.0,2633.0,1067.0,1991.0,2045.0,2989.0,4031.0,1312.0,1344.0,7.0,2.0,1.0
1336.0,2637.0,1069.0,1993.0,2048.0,2993.0,4038.0,1314.0,1347.0,7.0,2.0,1.0
1334.0,2631.0,1067.0,1989.0,2045.0,2988.0,4037.0,1312.0,1344.0,7.0,2.0,1.0
1333.0,2627.0,1066.0,1986.0,2043.0,2985.0,4033.0,1309.0,1342.0,7.0,2.0,1.0
1337.0,2634.0,1071.0,1993.0,2049.0,2992.0,4035.0,1314.0,1346.0,7.0,2.0,1.0
1340.0,2642.0,1074.0,1996.0,2053.0,2998.0,4034.0,1318.0,1350.0,7.0,2.0,1.0
1341.0,2648.0,1075.0,1996.0,2052.0,2998.0,4026.0,1317.0,1352.0,7.0,2.0,1.0
1343.0,2654.0,1076.0,1997.0,2042.0,2999.0,4020.0,1319.0,1383.0,7.0,2.0,1.0
1345.0,2662.0,1078.0,2001.0,2046.0,3004.0,4020.0,1322.0,1386.0,7.0,2.0,1.0
1347.0,2663.0,1078.0,2001.0,2046.0,3004.0,4019.0,1323.0,1386.0,7.0,2.0,1.0
1351.0,2667.0,1081.0,2006.0,2050.0,3008.0,4022.0,1327.0,1389.0,7.0,2.0,1.0
1347.0,2661.0,1079.0,2002.0,2048.0,3004.0,4025.0,1325.0,1386.0,7.0,2.0,1.0
1340.0,2647.0,1072.0,1993.0,2049.0,2992.0,4023.0,1317.0,1350.0,7.0,2.0,1.0
1331.0,2630.0,1064.0,1981.0,2038.0,2977.0,4015.0,1306.0,1340.0,7.0,2.0,1.0
1323.0,2615.0,1056.0,1971.0,2029.0,2965.0,4011.0,1296.0,1331.0,7.0,2.0,1.0
1313.0,2599.0,1046.0,1958.0,2018.0,2949.0,4007.0,1285.0,1320.0,7.0,2.0,1.0
1309.0,2593.0,1043.0,1953.0,2013.0,2943.0,4004.0,1281.0,1316.0,7.0,2.0,1.0
1310.0,2596.0,1043.0,1955.0,2015.0,2945.0,4006.0,1283.0,1316.0,7.0,2.0,1.0
1308.0,2595.0,1042.0,1953.0,2013.0,2942.0,4001.0,1283.0,1315.0,7.0,2.0,1.0
1303.0,2588.0,1038.0,1946.0,2005.0,2932.0,3987.0,1278.0,1309.0,7.0,2.0,1.0
1298.0,2582.0,1033.0,1941.0,2000.0,2923.0,3971.0,1274.0,1305.0,7.0,2.0,1.0
1299.0,2589.0,1034.0,1944.0,2004.0,2927.0,3967.0,1275.0,1306.0,7.0,2.0,1.0
1304.0,2601.0,1039.0,1949.0,2009.0,2936.0,3970.0,1280.0,1311.0,7.0,2.0,1.0
1311.0,2614.0,1045.0,1957.0,2018.0,2948.0,3975.0,1286.0,1318.0,7.0,2.0,1.0
1315.0,2619.0,1046.0,1962.0,2024.0,2953.0,3975.0,1290.0,1322.0,7.0,2.0,1.0
1315.0,2618.0,1046.0,1962.0,2023.0,2956.0,3979.0,1290.0,1322.0,7.0,2.0,1.0
1321.0,2621.0,1052.0,1969.0,2029.0,2967.0,3990.0,1295.0,1328.0,7.0,2.0,1.0
1323.0,2618.0,1053.0,1972.0,2031.0,2967.0,3995.0,1297.0,1328.0,7.0,2.0,1.0
1320.0,2613.0,1053.0,1970.0,2029.0,2965.0,3999.0,1295.0,1327.0,7.0,2.0,1.0
1321.0,2613.0,1054.0,1971.0,2028.0,2967.0,4007.0,1296.0,1328.0,7.0,2.0,1.0
1326.0,2620.0,1059.0,1977.0,2034.0,2973.0,4016.0,1300.0,1332.0,7.0,2.0,1.0
1321.0,2612.0,1053.0,1970.0,2028.0,2962.0,4010.0,1295.0,1326.0,7.0,2.0,1.0
1316.0,2605.0,1049.0,1963.0,2021.0,2955.0,4003.0,1290.0,1322.0,7.0,2.0,1.0
1327.0,2620.0,1058.0,1977.0,2034.0,2974.0,4011.0,1302.0,1333.0,7.0,2.0,1.0
1314.0,2332.0,1056.0,1959.0,2009.0,2941.0,3819.0,1296.0,1328.0,8.0,2.0,1.0
1307.0,2320.0,1048.0,1950.0,2000.0,2927.0,3808.0,1286.0,1318.0,8.0,2.0,1.0
1294.0,2303.0,1034.0,1932.0,1985.0,2907.0,3787.0,1272.0,1303.0,8.0,2.0,1.0
1278.0,2280.0,1017.0,1910.0,1964.0,2880.0,3761.0,1253.0,1284.0,8.0,2.0,1.0
1269.0,2267.0,1007.0,1898.0,1954.0,2865.0,3745.0,1243.0,1274.0,8.0,2.0,1.0
1268.0,2266.0,1005.0,1898.0,1954.0,2866.0,3742.0,1242.0,1271.0,8.0,2.0,1.0
1263.0,2261.0,1000.0,1891.0,1948.0,2860.0,3734.0,1238.0,1267.0,8.0,2.0,1.0
1260.0,2258.0,998.0,1889.0,1945.0,2857.0,3730.0,1236.0,1265.0,8.0,2.0,1.0
1258.0,2256.0,997.0,1888.0,1945.0,2854.0,3724.0,1232.0,1261.0,8.0,2.0,1.0
1253.0,2249.0,994.0,1881.0,1939.0,2846.0,3716.0,1226.0,1255.0,8.0,2.0,1.0
1248.0,2244.0,989.0,1875.0,1935.0,2840.0,3710.0,1222.0,1251.0,8.0,2.0,1.0
1247.0,2243.0,989.0,1876.0,1934.0,2838.0,3710.0,1221.0,1249.0,8.0,2.0,1.0
1246.0,2241.0,987.0,1875.0,1932.0,2836.0,3711.0,1220.0,1248.0,8.0,2.0,1.0
1244.0,2238.0,984.0,1871.0,1927.0,2833.0,3711.0,1219.0,1247.0,8.0,2.0,1.0
1244.0,2238.0,983.0,1872.0,1926.0,2833.0,3711.0,1219.0,1246.0,8.0,2.0,1.0
1246.0,2239.0,984.0,1874.0,1927.0,2834.0,3714.0,1218.0,1246.0,8.0,2.0,1.0
1244.0,2235.0,982.0,1870.0,1924.0,2831.0,3715.0,1217.0,1243.0,8.0,2.0,1.0
1242.0,2235.0,982.0,1868.0,1922.0,2830.0,3713.0,1215.0,1241.0,8.0,2.0,1.0
1243.0,2235.0,984.0,1871.0,1924.0,2831.0,3713.0,1216.0,1241.0,8.0,2.0,1.0
1243.0,2234.0,984.0,1871.0,1924.0,2831.0,3714.0,1217.0,1243.0,8.0,2.0,1.0
1243.0,2234.0,984.0,1869.0,1924.0,2831.0,3714.0,1218.0,1245.0,8.0,2.0,1.0
1246.0,2238.0,986.0,1873.0,1929.0,2835.0,3716.0,1220.0,1248.0,8.0,2.0,1.0
1247.0,2238.0,987.0,1874.0,1932.0,2835.0,3717.0,1220.0,1249.0,8.0,2.0,1.0
1247.0,2238.0,986.0,1871.0,1932.0,2834.0,3716.0,1219.0,1249.0,8.0,2.0,1.0
1246.0,2238.0,986.0,1872.0,1933.0,2834.0,3714.0,1219.0,1248.0,8.0,2.0,1.0
1247.0,2240.0,987.0,1874.0,1934.0,2835.0,3714.0,1218.0,1247.0,8.0,2.0,1.0
1245.0,2236.0,985.0,1871.0,1931.0,2832.0,3711.0,1218.0,1246.0,8.0,2.0,1.0
1246.0,2236.0,985.0,1871.0,1930.0,2833.0,3711.0,1218.0,1247.0,8.0,2.0,1.0
1247.0,2236.0,985.0,1874.0,1931.0,2835.0,3714.0,1219.0,1248.0,8.0,2.0,1.0
1247.0,2236.0,985.0,1872.0,1929.0,2834.0,3716.0,1218.0,1246.0,8.0,2.0,1.0
1246.0,2234.0,983.0,1870.0,1928.0,2833.0,3715.0,1217.0,1246.0,8.0,2.0,1.0
1247.0,2237.0,984.0,1872.0,1929.0,2836.0,3720.0,1219.0,1247.0,8.0,2.0,1.0
1247.0,2237.0,985.0,1872.0,1929.0,2834.0,3720.0,1219.0,1246.0,8.0,2.0,1.0
1246.0,2235.0,984.0,1869.0,1927.0,2832.0,3720.0,1220.0,1246.0,8.0,2.0,1.0
1246.0,2237.0,984.0,1872.0,1929.0,2833.0,3721.0,1221.0,1248.0,8.0,2.0,1.0
1245.0,2236.0,983.0,1872.0,1915.0,2852.0,3719.0,1220.0,1247.0,8.0,2.0,1.0
1802.0,2518.0,1196.0,2171.0,1882.0,3525.0,3492.0,1441.0,1693.0,1.0,3.0,1.0
1803.0,2519.0,1197.0,2170.0,1881.0,3525.0,3492.0,1441.0,1693.0,1.0,3.0,1.0
1801.0,2516.0,1195.0,2166.0,1879.0,3521.0,3490.0,1440.0,1691.0,1.0,3.0,1.0
1805.0,2519.0,1196.0,2170.0,1883.0,3524.0,3492.0,1441.0,1692.0,1.0,3.0,1.0
1806.0,2520.0,1196.0,2171.0,1884.0,3525.0,3495.0,1442.0,1694.0,1.0,3.0,1.0
1803.0,2516.0,1197.0,2167.0,1871.0,3522.0,3491.0,1441.0,1720.0,1.0,3.0,1.0
1804.0,2518.0,1198.0,2170.0,1874.0,3525.0,3494.0,1444.0,1722.0,1.0,3.0,1.0
1809.0,2523.0,1201.0,2176.0,1878.0,3531.0,3500.0,1447.0,1725.0,1.0,3.0,1.0
1807.0,2521.0,1202.0,2174.0,1876.0,3531.0,3498.0,1448.0,1726.0,1.0,3.0,1.0
1807.0,2521.0,1203.0,2175.0,1877.0,3534.0,3499.0,1449.0,1727.0,1.0,3.0,1.0
1813.0,2527.0,1204.0,2180.0,1891.0,3539.0,3503.0,1450.0,1702.0,1.0,3.0,1.0
1812.0,2527.0,1205.0,2180.0,1890.0,3539.0,3503.0,1449.0,1701.0,1.0,3.0,1.0
1809.0,2522.0,1203.0,2176.0,1888.0,3536.0,3499.0,1449.0,1701.0,1.0,3.0,1.0
1812.0,2525.0,1204.0,2180.0,1891.0,3537.0,3502.0,1449.0,1702.0,1.0,3.0,1.0
1813.0,2527.0,1205.0,2181.0,1893.0,3538.0,3503.0,1449.0,1702.0,1.0,3.0,1.0
1808.0,2522.0,1203.0,2177.0,1889.0,3535.0,3500.0,1448.0,1700.0,1.0,3.0,1.0
1809.0,2523.0,1204.0,2179.0,1891.0,3536.0,3500.0,1449.0,1700.0,1.0,3.0,1.0
1814.0,2528.0,1206.0,2184.0,1893.0,3537.0,3505.0,1449.0,1701.0,1.0,3.0,1.0
1812.0,2525.0,1205.0,2181.0,1890.0,3536.0,3502.0,1449.0,1699.0,1.0,3.0,1.0
1811.0,2524.0,1204.0,2180.0,1890.0,3534.0,3502.0,1448.0,1698.0,1.0,3.0,1.0
1815.0,2529.0,1207.0,2184.0,1893.0,3537.0,3505.0,1449.0,1701.0,1.0,3.0,1.0
1813.0,2526.0,1206.0,2181.0,1891.0,3536.0,3502.0,1449.0,1700.0,1.0,3.0,1.0
1807.0,2520.0,1203.0,2175.0,1887.0,3532.0,3495.0,1447.0,1697.0,1.0,3.0,1.0
1808.0,2523.0,1202.0,2176.0,1888.0,3533.0,3495.0,1447.0,1698.0,1.0,3.0,1.0
1808.0,2523.0,1201.0,2175.0,1887.0,3532.0,3494.0,1446.0,1696.0,1.0,3.0,1.0
1803.0,2517.0,1198.0,2169.0,1883.0,3528.0,3489.0,1443.0,1693.0,1.0,3.0,1.0
1803.0,2517.0,1197.0,2169.0,1882.0,3526.0,3489.0,1442.0,1691.0,1.0,3.0,1.0
1806.0,2521.0,1198.0,2173.0,1885.0,3528.0,3491.0,1442.0,1693.0,1.0,3.0,1.0
1802.0,2517.0,1197.0,2169.0,1882.0,3526.0,3488.0,1441.0,1692.0,1.0,3.0,1.0
1802.0,2516.0,1196.0,2168.0,1882.0,3525.0,3487.0,1441.0,1691.0,1.0,3.0,1.0
1808.0,2522.0,1197.0,2172.0,1886.0,3527.0,3491.0,1441.0,1692.0,1.0,3.0,1.0
1809.0,2523.0,1197.0,2171.0,1886.0,3528.0,3490.0,1441.0,1692.0,1.0,3.0,1.0
1807.0,2521.0,1195.0,2168.0,1884.0,3526.0,3490.0,1440.0,1690.0,1.0,3.0,1.0
1811.0,2525.0,1198.0,2173.0,1885.0,3529.0,3495.0,1442.0,1692.0,1.0,3.0,1.0
1812.0,2525.0,1198.0,2174.0,1886.0,3530.0,3496.0,1442.0,1692.0,1.0,3.0,1.0
1805.0,2520.0,1197.0,2168.0,1882.0,3527.0,3492.0,1441.0,1691.0,1.0,3.0,1.0
1803.0,2519.0,1197.0,2169.0,1883.0,3526.0,3492.0,1441.0,1692.0,1.0,3.0,1.0
1805.0,2522.0,1200.0,2173.0,1885.0,3528.0,3496.0,1442.0,1693.0,1.0,3.0,1.0
1801.0,2518.0,1197.0,2169.0,1884.0,3527.0,3492.0,1441.0,1690.0,1.0,3.0,1.0
1802.0,2518.0,1199.0,2171.0,1884.0,3530.0,3494.0,1443.0,1693.0,1.0,3.0,1.0
1811.0,2526.0,1202.0,2179.0,1891.0,3538.0,3502.0,1447.0,1698.0,1.0,3.0,1.0
1813.0,2527.0,1202.0,2180.0,1892.0,3541.0,3506.0,1448.0,1700.0,1.0,3.0,1.0
1813.0,2525.0,1202.0,2179.0,1891.0,3543.0,3507.0,1448.0,1700.0,1.0,3.0,1.0
1818.0,2530.0,1204.0,2184.0,1895.0,3547.0,3513.0,1449.0,1703.0,1.0,3.0,1.0
1819.0,2531.0,1204.0,2185.0,1895.0,3547.0,3512.0,1449.0,1703.0,1.0,3.0,1.0
1812.0,2525.0,1203.0,2180.0,1891.0,3542.0,3507.0,1449.0,1700.0,1.0,3.0,1.0
1812.0,2527.0,1206.0,2182.0,1893.0,3542.0,3509.0,1450.0,1702.0,1.0,3.0,1.0
1815.0,2531.0,1207.0,2186.0,1897.0,3542.0,3509.0,1450.0,1704.0,1.0,3.0,1.0
2059.0,2768.0,1253.0,2282.0,2079.0,3317.0,3785.0,1278.0,1810.0,2.0,3.0,1.0
2079.0,2789.0,1273.0,2306.0,2105.0,3344.0,3818.0,1299.0,1830.0,2.0,3.0,1.0
2087.0,2802.0,1282.0,2318.0,2119.0,3360.0,3827.0,1305.0,1834.0,2.0,3.0,1.0
2079.0,2802.0,1273.0,2327.0,2101.0,3371.0,3818.0,1303.0,1825.0,2.0,3.0,1.0
2067.0,2790.0,1264.0,2317.0,2089.0,3361.0,3807.0,1296.0,1814.0,2.0,3.0,1.0
2057.0,2778.0,1256.0,2305.0,2079.0,3348.0,3795.0,1288.0,1803.0,2.0,3.0,1.0
2066.0,2787.0,1261.0,2315.0,2091.0,3356.0,3805.0,1292.0,1808.0,2.0,3.0,1.0
2013.0,2721.0,1212.0,2232.0,2042.0,3260.0,3732.0,1238.0,1753.0,2.0,3.0,1.0
2008.0,2715.0,1210.0,2229.0,2043.0,3257.0,3729.0,1235.0,1748.0,2.0,3.0,1.0
2011.0,2717.0,1213.0,2230.0,2048.0,3257.0,3730.0,1233.0,1746.0,2.0,3.0,1.0
2013.0,2718.0,1215.0,2231.0,2050.0,3257.0,3731.0,1233.0,1744.0,2.0,3.0,1.0
2011.0,2722.0,1211.0,2238.0,2046.0,3263.0,3732.0,1238.0,1746.0,2.0,3.0,1.0
2013.0,2724.0,1212.0,2239.0,2047.0,3265.0,3732.0,1242.0,1750.0,2.0,3.0,1.0
2029.0,2745.0,1231.0,2262.0,2066.0,3292.0,3757.0,1262.0,1772.0,2.0,3.0,1.0
2051.0,2770.0,1250.0,2287.0,2090.0,3317.0,3786.0,1281.0,1794.0,2.0,3.0,1.0
2070.0,2791.0,1267.0,2307.0,2112.0,3339.0,3812.0,1296.0,1813.0,2.0,3.0,1.0
2069.0,2790.0,1270.0,2305.0,2114.0,3340.0,3815.0,1299.0,1816.0,2.0,3.0,1.0
2085.0,2804.0,1285.0,2318.0,2134.0,3355.0,3834.0,1307.0,1827.0,2.0,3.0,1.0
2083.0,2800.0,1283.0,2316.0,2131.0,3350.0,3832.0,1306.0,1824.0,2.0,3.0,1.0
2080.0,2795.0,1277.0,2310.0,2124.0,3340.0,3822.0,1299.0,1817.0,2.0,3.0,1.0
2075.0,2789.0,1272.0,2305.0,2117.0,3337.0,3815.0,1296.0,1813.0,2.0,3.0,1.0
2068.0,2783.0,1268.0,2300.0,2108.0,3333.0,3807.0,1295.0,1810.0,2.0,3.0,1.0
2053.0,2765.0,1252.0,2282.0,2089.0,3309.0,3783.0,1279.0,1792.0,2.0,3.0,1.0
2035.0,2745.0,1233.0,2258.0,2067.0,3282.0,3757.0,1260.0,1770.0,2.0,3.0,1.0
2016.0,2725.0,1219.0,2240.0,2049.0,3263.0,3738.0,1246.0,1753.0,2.0,3.0,1.0
2013.0,2727.0,1217.0,2238.0,2058.0,3263.0,3744.0,1243.0,1744.0,2.0,3.0,1.0
2037.0,2755.0,1238.0,2267.0,2082.0,3296.0,3773.0,1267.0,1771.0,2.0,3.0,1.0
2054.0,2774.0,1256.0,2288.0,2099.0,3323.0,3794.0,1286.0,1793.0,2.0,3.0,1.0
2084.0,2808.0,1282.0,2325.0,2133.0,3363.0,3830.0,1314.0,1827.0,2.0,3.0,1.0
1987.0,2703.0,1096.0,2200.0,2051.0,2898.0,3816.0,1210.0,1734.0,3.0,3.0,1.0
1978.0,2696.0,1089.0,2193.0,2043.0,2877.0,3812.0,1206.0,1724.0,3.0,3.0,1.0
1978.0,2696.0,1086.0,2195.0,2044.0,2869.0,3809.0,1204.0,1721.0,3.0,3.0,1.0
1981.0,2698.0,1088.0,2198.0,2046.0,2873.0,3810.0,1204.0,1719.0,3.0,3.0,1.0
1978.0,2692.0,1093.0,2195.0,2041.0,2878.0,3807.0,1201.0,1715.0,3.0,3.0,1.0
1979.0,2692.0,1097.0,2196.0,2042.0,2881.0,3806.0,1202.0,1715.0,3.0,3.0,1.0
1982.0,2695.0,1094.0,2198.0,2032.0,2897.0,3806.0,1200.0,1713.0,3.0,3.0,1.0
1977.0,2691.0,1086.0,2192.0,2028.0,2886.0,3802.0,1198.0,1709.0,3.0,3.0,1.0
1971.0,2687.0,1080.0,2187.0,2023.0,2877.0,3799.0,1196.0,1705.0,3.0,3.0,1.0
1971.0,2689.0,1076.0,2186.0,2024.0,2877.0,3801.0,1196.0,1704.0,3.0,3.0,1.0
1968.0,2687.0,1074.0,2182.0,2021.0,2884.0,3800.0,1193.0,1699.0,3.0,3.0,1.0
1961.0,2681.0,1075.0,2176.0,2029.0,2872.0,3795.0,1192.0,1696.0,3.0,3.0,1.0
1961.0,2683.0,1078.0,2177.0,2030.0,2879.0,3796.0,1192.0,1695.0,3.0,3.0,1.0
1961.0,2683.0,1077.0,2176.0,2030.0,2879.0,3794.0,1191.0,1694.0,3.0,3.0,1.0
1954.0,2677.0,1073.0,2170.0,2024.0,2871.0,3788.0,1189.0,1690.0,3.0,3.0,1.0
1954.0,2676.0,1071.0,2171.0,2023.0,2862.0,3786.0,1188.0,1689.0,3.0,3.0,1.0
1958.0,2679.0,1071.0,2175.0,2026.0,2855.0,3788.0,1188.0,1690.0,3.0,3.0,1.0
1956.0,2674.0,1070.0,2173.0,2023.0,2847.0,3785.0,1186.0,1689.0,3.0,3.0,1.0
1957.0,2673.0,1072.0,2174.0,2023.0,2843.0,3785.0,1186.0,1689.0,3.0,3.0,1.0
1964.0,2678.0,1075.0,2179.0,2029.0,2843.0,3788.0,1188.0,1693.0,3.0,3.0,1.0
1964.0,2679.0,1076.0,2179.0,2029.0,2841.0,3789.0,1189.0,1694.0,3.0,3.0,1.0
1962.0,2677.0,1075.0,2176.0,2026.0,2840.0,3788.0,1190.0,1693.0,3.0,3.0,1.0
1965.0,2681.0,1076.0,2181.0,2030.0,2844.0,3790.0,1191.0,1695.0,3.0,3.0,1.0
1968.0,2685.0,1077.0,2183.0,2032.0,2848.0,3796.0,1194.0,1697.0,3.0,3.0,1.0
1964.0,2683.0,1077.0,2181.0,2030.0,2852.0,3798.0,1195.0,1697.0,3.0,3.0,1.0
1967.0,2686.0,1078.0,2184.0,2034.0,2859.0,3800.0,1197.0,1699.0,3.0,3.0,1.0
1972.0,2691.0,1081.0,2189.0,2039.0,2868.0,3805.0,1199.0,1701.0,3.0,3.0,1.0
1969.0,2691.0,1081.0,2187.0,2038.0,2875.0,3808.0,1200.0,1700.0,3.0,3.0,1.0
1967.0,2690.0,1083.0,2187.0,2037.0,2877.0,3807.0,1200.0,1700.0,3.0,3.0,1.0
1971.0,2693.0,1084.0,2191.0,2040.0,2876.0,3810.0,1200.0,1701.0,3.0,3.0,1.0
1969.0,2692.0,1081.0,2190.0,2039.0,2868.0,3809.0,1200.0,1700.0,3.0,3.0,1.0
1966.0,2689.0,1077.0,2188.0,2035.0,2858.0,3806.0,1199.0,1698.0,3.0,3.0,1.0
1970.0,2692.0,1077.0,2191.0,2038.0,2852.0,3807.0,1199.0,1699.0,3.0,3.0,1.0
1972.0,2693.0,1077.0,2191.0,2039.0,2850.0,3806.0,1198.0,1699.0,3.0,3.0,1.0
1970.0,2688.0,1077.0,2187.0,2036.0,2850.0,3802.0,1196.0,1698.0,3.0,3.0,1.0
1971.0,2689.0,1078.0,2189.0,2037.0,2851.0,3803.0,1195.0,1698.0,3.0,3.0,1.0
1974.0,2691.0,1079.0,2191.0,2040.0,2853.0,3805.0,1195.0,1698.0,3.0,3.0,1.0
1970.0,2687.0,1077.0,2186.0,2036.0,2851.0,3799.0,1193.0,1696.0,3.0,3.0,1.0
1967.0,2685.0,1075.0,2184.0,2035.0,2852.0,3799.0,1193.0,1696.0,3.0,3.0,1.0
1970.0,2689.0,1078.0,2186.0,2039.0,2858.0,3801.0,1194.0,1696.0,3.0,3.0,1.0
1966.0,2686.0,1078.0,2181.0,2035.0,2861.0,3796.0,1194.0,1695.0,3.0,3.0,1.0
1960.0,2681.0,1076.0,2175.0,2031.0,2862.0,3790.0,1193.0,1692.0,3.0,3.0,1.0
1963.0,2683.0,1077.0,2176.0,2033.0,2863.0,3790.0,1193.0,1692.0,3.0,3.0,1.0
1962.0,2683.0,1075.0,2175.0,2031.0,2859.0,3787.0,1192.0,1691.0,3.0,3.0,1.0
1957.0,2677.0,1071.0,2171.0,2024.0,2852.0,3784.0,1191.0,1689.0,3.0,3.0,1.0
1960.0,2677.0,1072.0,2174.0,2026.0,2849.0,3785.0,1191.0,1689.0,3.0,3.0,1.0
1964.0,2681.0,1073.0,2178.0,2028.0,2847.0,3791.0,1193.0,1691.0,3.0,3.0,1.0
1960.0,2676.0,1073.0,2175.0,2025.0,2844.0,3788.0,1193.0,1691.0,3.0,3.0,1.0
1961.0,2675.0,1073.0,2176.0,2025.0,2842.0,3787.0,1193.0,1692.0,3.0,3.0,1.0
1964.0,2678.0,1074.0,2179.0,2029.0,2843.0,3788.0,1193.0,1694.0,3.0,3.0,1.0
1960.0,2676.0,1072.0,2177.0,2027.0,2844.0,3786.0,1192.0,1693.0,3.0,3.0,1.0
1795.0,2711.0,992.0,2101.0,2058.0,2829.0,3821.0,1209.0,1474.0,4.0,3.0,1.0
1786.0,2711.0,992.0,2107.0,2059.0,2832.0,3825.0,1211.0,1471.0,4.0,3.0,1.0
1800.0,2737.0,1008.0,2134.0,2083.0,2861.0,3852.0,1232.0,1488.0,4.0,3.0,1.0
1823.0,2763.0,1026.0,2158.0,2107.0,2894.0,3879.0,1254.0,1510.0,4.0,3.0,1.0
1846.0,2782.0,1040.0,2171.0,2124.0,2921.0,3902.0,1271.0,1529.0,4.0,3.0,1.0
1867.0,2793.0,1048.0,2177.0,2136.0,2933.0,3912.0,1279.0,1541.0,4.0,3.0,1.0
1889.0,2810.0,1057.0,2188.0,2150.0,2951.0,3930.0,1290.0,1557.0,4.0,3.0,1.0
1886.0,2798.0,1050.0,2171.0,2139.0,2939.0,3916.0,1282.0,1550.0,4.0,3.0,1.0
1881.0,2787.0,1042.0,2158.0,2129.0,2926.0,3903.0,1272.0,1542.0,4.0,3.0,1.0
1878.0,2780.0,1035.0,2152.0,2123.0,2913.0,3893.0,1264.0,1533.0,4.0,3.0,1.0
1876.0,2779.0,1036.0,2153.0,2121.0,2913.0,3894.0,1265.0,1530.0,4.0,3.0,1.0
1864.0,2772.0,1032.0,2149.0,2116.0,2907.0,3887.0,1262.0,1523.0,4.0,3.0,1.0
1854.0,2772.0,1030.0,2151.0,2116.0,2904.0,3888.0,1261.0,1517.0,4.0,3.0,1.0
1841.0,2767.0,1026.0,2151.0,2112.0,2898.0,3884.0,1258.0,1510.0,4.0,3.0,1.0
1828.0,2760.0,1022.0,2150.0,2105.0,2894.0,3879.0,1254.0,1504.0,4.0,3.0,1.0
1828.0,2764.0,1023.0,2158.0,2110.0,2899.0,3882.0,1256.0,1506.0,4.0,3.0,1.0
1830.0,2764.0,1021.0,2157.0,2110.0,2897.0,3879.0,1255.0,1506.0,4.0,3.0,1.0
1826.0,2756.0,1017.0,2147.0,2102.0,2889.0,3869.0,1249.0,1500.0,4.0,3.0,1.0
1824.0,2752.0,1014.0,2138.0,2098.0,2885.0,3865.0,1246.0,1495.0,4.0,3.0,1.0
1834.0,2762.0,1019.0,2142.0,2107.0,2895.0,3875.0,1252.0,1501.0,4.0,3.0,1.0
1828.0,2748.0,1010.0,2122.0,2092.0,2878.0,3861.0,1241.0,1490.0,4.0,3.0,1.0
1825.0,2735.0,1002.0,2110.0,2079.0,2866.0,3852.0,1232.0,1481.0,4.0,3.0,1.0
1829.0,2732.0,998.0,2108.0,2077.0,2860.0,3850.0,1226.0,1478.0,4.0,3.0,1.0
1824.0,2725.0,993.0,2101.0,2070.0,2852.0,3843.0,1220.0,1472.0,4.0,3.0,1.0
1812.0,2727.0,993.0,2105.0,2071.0,2854.0,3844.0,1221.0,1468.0,4.0,3.0,1.0
1818.0,2744.0,1003.0,2123.0,2086.0,2872.0,3861.0,1234.0,1480.0,4.0,3.0,1.0
1823.0,2757.0,1012.0,2138.0,2097.0,2889.0,3874.0,1246.0,1492.0,4.0,3.0,1.0
1835.0,2772.0,1024.0,2157.0,2112.0,2909.0,3890.0,1259.0,1507.0,4.0,3.0,1.0
1848.0,2788.0,1033.0,2172.0,2125.0,2923.0,3906.0,1267.0,1517.0,4.0,3.0,1.0
1841.0,2777.0,1028.0,2160.0,2106.0,2912.0,3897.0,1261.0,1540.0,4.0,3.0,1.0
1843.0,2777.0,1028.0,2158.0,2107.0,2913.0,3898.0,1262.0,1542.0,4.0,3.0,1.0
1851.0,2779.0,1029.0,2158.0,2110.0,2913.0,3901.0,1263.0,1544.0,4.0,3.0,1.0
1855.0,2775.0,1027.0,2151.0,2105.0,2905.0,3895.0,1259.0,1540.0,4.0,3.0,1.0
1856.0,2768.0,1025.0,2145.0,2101.0,2900.0,3889.0,1259.0,1541.0,4.0,3.0,1.0
1862.0,2771.0,1026.0,2147.0,2113.0,2902.0,3891.0,1260.0,1514.0,4.0,3.0,1.0
1856.0,2763.0,1020.0,2138.0,2106.0,2891.0,3880.0,1251.0,1505.0,4.0,3.0,1.0
1835.0,2741.0,1007.0,2118.0,2085.0,2868.0,3860.0,1236.0,1488.0,4.0,3.0,1.0
1819.0,2728.0,997.0,2106.0,2074.0,2854.0,3847.0,1226.0,1476.0,4.0,3.0,1.0
1821.0,2738.0,1002.0,2120.0,2084.0,2866.0,3859.0,1232.0,1479.0,4.0,3.0,1.0
1818.0,2742.0,1006.0,2127.0,2087.0,2871.0,3863.0,1235.0,1483.0,4.0,3.0,1.0
1820.0,2749.0,1012.0,2137.0,2094.0,2881.0,3873.0,1243.0,1488.0,4.0,3.0,1.0
1841.0,2778.0,1030.0,2165.0,2121.0,2915.0,3903.0,1264.0,1510.0,4.0,3.0,1.0
1860.0,2802.0,1047.0,2189.0,2142.0,2943.0,3931.0,1284.0,1532.0,4.0,3.0,1.0
1870.0,2806.0,1052.0,2189.0,2146.0,2949.0,3933.0,1289.0,1541.0,4.0,3.0,1.0
1750.0,2938.0,1141.0,2293.0,2264.0,3086.0,4083.0,1382.0,1435.0,5.0,3.0,1.0
1750.0,2938.0,1141.0,2293.0,2263.0,3084.0,4083.0,1382.0,1433.0,5.0,3.0,1.0
1747.0,2932.0,1138.0,2286.0,2255.0,3077.0,4083.0,1379.0,1429.0,5.0,3.0,1.0
1755.0,2932.0,1143.0,2294.0,2258.0,3090.0,4081.0,1393.0,1432.0,5.0,3.0,1.0
1253.0,2713.0,988.0,1901.0,2052.0,2829.0,3983.0,1208.0,1248.0,6.0,3.0,1.0
1274.0,2741.0,1008.0,1929.0,2079.0,2865.0,3998.0,1232.0,1270.0,6.0,3.0,1.0
1279.0,2746.0,1011.0,1933.0,2085.0,2870.0,4002.0,1236.0,1274.0,6.0,3.0,1.0
1282.0,2748.0,1014.0,1935.0,2088.0,2873.0,4003.0,1239.0,1276.0,6.0,3.0,1.0
1282.0,2744.0,1014.0,1934.0,2087.0,2873.0,3997.0,1240.0,1277.0,6.0,3.0,1.0
1271.0,2728.0,1003.0,1916.0,2071.0,2850.0,3986.0,1225.0,1261.0,6.0,3.0,1.0
1253.0,2703.0,984.0,1889.0,2048.0,2817.0,3973.0,1205.0,1240.0,6.0,3.0,1.0
1252.0,2701.0,983.0,1889.0,2047.0,2817.0,3972.0,1205.0,1239.0,6.0,3.0,1.0
1257.0,2708.0,987.0,1897.0,2055.0,2824.0,3980.0,1209.0,1243.0,6.0,3.0,1.0
1261.0,2715.0,991.0,1903.0,2061.0,2830.0,3987.0,1213.0,1247.0,6.0,3.0,1.0
1260.0,2713.0,990.0,1903.0,2058.0,2830.0,3983.0,1214.0,1248.0,6.0,3.0,1.0
1261.0,2714.0,993.0,1906.0,2060.0,2833.0,3984.0,1216.0,1249.0,6.0,3.0,1.0
1261.0,2717.0,994.0,1908.0,2062.0,2834.0,3987.0,1218.0,1250.0,6.0,3.0,1.0
1256.0,2715.0,992.0,1904.0,2058.0,2832.0,3986.0,1215.0,1248.0,6.0,3.0,1.0
1251.0,2715.0,991.0,1901.0,2057.0,2830.0,3987.0,1214.0,1247.0,6.0,3.0,1.0
1250.0,2718.0,992.0,1903.0,2061.0,2833.0,3992.0,1215.0,1248.0,6.0,3.0,1.0
1247.0,2718.0,990.0,1902.0,2060.0,2833.0,3996.0,1214.0,1247.0,6.0,3.0,1.0
1242.0,2713.0,988.0,1899.0,2056.0,2831.0,3993.0,1213.0,1246.0,6.0,3.0,1.0
1241.0,2712.0,988.0,1900.0,2057.0,2831.0,3993.0,1214.0,1246.0,6.0,3.0,1.0
1238.0,2711.0,987.0,1900.0,2056.0,2830.0,3995.0,1214.0,1244.0,6.0,3.0,1.0
1235.0,2706.0,985.0,1897.0,2051.0,2828.0,3993.0,1211.0,1242.0,6.0,3.0,1.0
1234.0,2706.0,985.0,1898.0,2052.0,2829.0,3990.0,1211.0,1242.0,6.0,3.0,1.0
1234.0,2708.0,986.0,1900.0,2055.0,2830.0,3992.0,1211.0,1242.0,6.0,3.0,1.0
1228.0,2700.0,982.0,1893.0,2047.0,2822.0,3983.0,1205.0,1237.0,6.0,3.0,1.0
1222.0,2691.0,976.0,1885.0,2038.0,2813.0,3972.0,1199.0,1230.0,6.0,3.0,1.0
1218.0,2686.0,971.0,1879.0,2032.0,2803.0,3964.0,1193.0,1224.0,6.0,3.0,1.0
1211.0,2676.0,964.0,1869.0,2022.0,2792.0,3955.0,1186.0,1217.0,6.0,3.0,1.0
1206.0,2665.0,958.0,1858.0,2012.0,2781.0,3945.0,1178.0,1209.0,6.0,3.0,1.0
1207.0,2665.0,957.0,1858.0,2013.0,2781.0,3946.0,1177.0,1207.0,6.0,3.0,1.0
1207.0,2668.0,957.0,1859.0,2015.0,2782.0,3948.0,1177.0,1207.0,6.0,3.0,1.0
1207.0,2665.0,955.0,1856.0,2013.0,2782.0,3946.0,1176.0,1206.0,6.0,3.0,1.0
1208.0,2667.0,957.0,1858.0,2015.0,2784.0,3949.0,1178.0,1206.0,6.0,3.0,1.0
1210.0,2671.0,957.0,1860.0,2019.0,2788.0,3954.0,1180.0,1208.0,6.0,3.0,1.0
1209.0,2669.0,956.0,1857.0,2016.0,2786.0,3952.0,1178.0,1208.0,6.0,3.0,1.0
1209.0,2667.0,956.0,1856.0,2015.0,2785.0,3947.0,1179.0,1207.0,6.0,3.0,1.0
1211.0,2672.0,958.0,1859.0,2018.0,2788.0,3953.0,1181.0,1210.0,6.0,3.0,1.0
1211.0,2672.0,958.0,1857.0,2016.0,2787.0,3951.0,1181.0,1209.0,6.0,3.0,1.0
1210.0,2668.0,957.0,1855.0,2013.0,2784.0,3946.0,1180.0,1209.0,6.0,3.0,1.0
1213.0,2670.0,959.0,1859.0,2008.0,2786.0,3947.0,1184.0,1246.0,6.0,3.0,1.0
1214.0,2674.0,960.0,1861.0,2010.0,2789.0,3951.0,1185.0,1248.0,6.0,3.0,1.0
1213.0,2671.0,960.0,1860.0,2008.0,2788.0,3950.0,1185.0,1248.0,6.0,3.0,1.0
1215.0,2674.0,963.0,1864.0,2012.0,2791.0,3953.0,1188.0,1251.0,6.0,3.0,1.0
1217.0,2680.0,965.0,1869.0,2018.0,2796.0,3962.0,1190.0,1253.0,6.0,3.0,1.0
1215.0,2679.0,964.0,1868.0,2023.0,2795.0,3964.0,1189.0,1218.0,6.0,3.0,1.0
1215.0,2678.0,965.0,1869.0,2024.0,2795.0,3967.0,1190.0,1218.0,6.0,3.0,1.0
1217.0,2683.0,966.0,1871.0,2029.0,2798.0,3970.0,1190.0,1218.0,6.0,3.0,1.0
1216.0,2681.0,964.0,1870.0,2026.0,2796.0,3972.0,1189.0,1217.0,6.0,3.0,1.0
1215.0,2677.0,964.0,1867.0,2024.0,2794.0,3968.0,1188.0,1216.0,6.0,3.0,1.0
1216.0,2679.0,964.0,1869.0,2027.0,2796.0,3969.0,1188.0,1217.0,6.0,3.0,1.0
1217.0,2680.0,964.0,1869.0,2027.0,2795.0,3970.0,1188.0,1216.0,6.0,3.0,1.0
1216.0,2676.0,963.0,1866.0,2024.0,2792.0,3966.0,1187.0,1215.0,6.0,3.0,1.0
1218.0,2679.0,964.0,1867.0,2026.0,2794.0,3966.0,1188.0,1216.0,6.0,3.0,1.0
1220.0,2681.0,964.0,1868.0,2028.0,2795.0,3968.0,1189.0,1217.0,6.0,3.0,1.0
1220.0,2677.0,963.0,1865.0,2024.0,2794.0,3966.0,1188.0,1216.0,6.0,3.0,1.0
1231.0,2506.0,975.0,1821.0,2034.0,2800.0,3864.0,1197.0,1234.0,7.0,3.0,1.0
1229.0,2500.0,973.0,1819.0,2032.0,2797.0,3850.0,1193.0,1229.0,7.0,3.0,1.0
1229.0,2498.0,973.0,1819.0,2032.0,2799.0,3839.0,1193.0,1228.0,7.0,3.0,1.0
1228.0,2498.0,972.0,1819.0,2033.0,2801.0,3834.0,1195.0,1228.0,7.0,3.0,1.0
1230.0,2500.0,973.0,1822.0,2036.0,2803.0,3834.0,1196.0,1229.0,7.0,3.0,1.0
1231.0,2501.0,973.0,1823.0,2036.0,2804.0,3842.0,1197.0,1229.0,7.0,3.0,1.0
1233.0,2505.0,974.0,1825.0,2037.0,2807.0,3852.0,1200.0,1232.0,7.0,3.0,1.0
1232.0,2508.0,973.0,1824.0,2036.0,2805.0,3862.0,1198.0,1229.0,7.0,3.0,1.0
1232.0,2513.0,971.0,1822.0,2034.0,2802.0,3872.0,1197.0,1226.0,7.0,3.0,1.0
1238.0,2524.0,976.0,1828.0,2040.0,2811.0,3888.0,1204.0,1231.0,7.0,3.0,1.0
1242.0,2534.0,981.0,1835.0,2049.0,2820.0,3897.0,1210.0,1238.0,7.0,3.0,1.0
1245.0,2539.0,984.0,1840.0,2056.0,2827.0,3902.0,1214.0,1242.0,7.0,3.0,1.0
1245.0,2536.0,987.0,1843.0,2059.0,2831.0,3896.0,1216.0,1245.0,7.0,3.0,1.0
1248.0,2535.0,991.0,1848.0,2064.0,2837.0,3891.0,1219.0,1249.0,7.0,3.0,1.0
1245.0,2530.0,990.0,1848.0,2066.0,2837.0,3880.0,1218.0,1248.0,7.0,3.0,1.0
1241.0,2524.0,987.0,1842.0,2060.0,2830.0,3868.0,1214.0,1243.0,7.0,3.0,1.0
1235.0,2514.0,981.0,1833.0,2049.0,2819.0,3854.0,1207.0,1235.0,7.0,3.0,1.0
1236.0,2516.0,982.0,1836.0,2052.0,2822.0,3858.0,1209.0,1236.0,7.0,3.0,1.0
1241.0,2525.0,987.0,1843.0,2060.0,2832.0,3871.0,1216.0,1242.0,7.0,3.0,1.0
1241.0,2522.0,987.0,1841.0,2055.0,2828.0,3874.0,1215.0,1241.0,7.0,3.0,1.0
1245.0,2528.0,989.0,1845.0,2061.0,2834.0,3884.0,1218.0,1244.0,7.0,3.0,1.0
1251.0,2540.0,994.0,1853.0,2069.0,2843.0,3899.0,1224.0,1250.0,7.0,3.0,1.0
1249.0,2540.0,992.0,1848.0,2065.0,2838.0,3901.0,1222.0,1248.0,7.0,3.0,1.0
1244.0,2533.0,987.0,1840.0,2056.0,2826.0,3892.0,1215.0,1241.0,7.0,3.0,1.0
1244.0,2533.0,988.0,1842.0,2058.0,2826.0,3890.0,1215.0,1240.0,7.0,3.0,1.0
1246.0,2531.0,990.0,1845.0,2059.0,2829.0,3889.0,1218.0,1243.0,7.0,3.0,1.0
1245.0,2525.0,990.0,1843.0,2057.0,2827.0,3882.0,1216.0,1242.0,7.0,3.0,1.0
1252.0,2534.0,997.0,1856.0,2070.0,2841.0,3891.0,1225.0,1251.0,7.0,3.0,1.0
1265.0,2551.0,1010.0,1874.0,2087.0,2863.0,3908.0,1240.0,1267.0,7.0,3.0,1.0
1279.0,2569.0,1024.0,1892.0,2105.0,2887.0,3928.0,1256.0,1284.0,7.0,3.0,1.0
1293.0,2588.0,1037.0,1911.0,2123.0,2910.0,3949.0,1272.0,1298.0,7.0,3.0,1.0
1291.0,2592.0,1032.0,1903.0,2107.0,2927.0,3953.0,1271.0,1299.0,7.0,3.0,1.0
1284.0,2578.0,1024.0,1894.0,2097.0,2915.0,3940.0,1262.0,1290.0,7.0,3.0,1.0
1278.0,2568.0,1019.0,1886.0,2089.0,2904.0,3926.0,1255.0,1282.0,7.0,3.0,1.0
1266.0,2549.0,1007.0,1869.0,2071.0,2883.0,3901.0,1240.0,1267.0,7.0,3.0,1.0
1269.0,2551.0,1011.0,1872.0,2087.0,2865.0,3901.0,1243.0,1270.0,7.0,3.0,1.0
1265.0,2544.0,1007.0,1865.0,2081.0,2855.0,3891.0,1237.0,1265.0,7.0,3.0,1.0
1257.0,2533.0,998.0,1852.0,2069.0,2839.0,3878.0,1228.0,1255.0,7.0,3.0,1.0
1249.0,2521.0,990.0,1841.0,2057.0,2828.0,3871.0,1220.0,1247.0,7.0,3.0,1.0
1248.0,2520.0,989.0,1840.0,2056.0,2827.0,3872.0,1220.0,1246.0,7.0,3.0,1.0
1258.0,2535.0,997.0,1855.0,2071.0,2844.0,3889.0,1229.0,1256.0,7.0,3.0,1.0
1266.0,2546.0,1004.0,1864.0,2081.0,2857.0,3900.0,1238.0,1265.0,7.0,3.0,1.0
1274.0,2557.0,1012.0,1875.0,2092.0,2872.0,3911.0,1247.0,1275.0,7.0,3.0,1.0
1283.0,2570.0,1021.0,1887.0,2106.0,2887.0,3920.0,1255.0,1284.0,7.0,3.0,1.0
1292.0,2584.0,1031.0,1901.0,2120.0,2904.0,3934.0,1267.0,1297.0,7.0,3.0,1.0
1281.0,2567.0,1022.0,1885.0,2103.0,2883.0,3917.0,1255.0,1285.0,7.0,3.0,1.0
1275.0,2560.0,1016.0,1877.0,2098.0,2873.0,3907.0,1249.0,1279.0,7.0,3.0,1.0
1266.0,2548.0,1007.0,1865.0,2086.0,2856.0,3898.0,1239.0,1269.0,7.0,3.0,1.0
1235.0,2216.0,983.0,1820.0,1952.0,2797.0,3644.0,1202.0,1238.0,8.0,3.0,1.0
1260.0,2251.0,1005.0,1858.0,1992.0,2843.0,3688.0,1230.0,1263.0,8.0,3.0,1.0
1281.0,2281.0,1026.0,1886.0,2030.0,2880.0,3723.0,1257.0,1288.0,8.0,3.0,1.0
1267.0,2259.0,1010.0,1861.0,2016.0,2849.0,3698.0,1237.0,1268.0,8.0,3.0,1.0
1234.0,2214.0,977.0,1816.0,1960.0,2793.0,3645.0,1199.0,1228.0,8.0,3.0,1.0
1224.0,2202.0,967.0,1807.0,1943.0,2783.0,3632.0,1188.0,1215.0,8.0,3.0,1.0
1226.0,2202.0,967.0,1809.0,1942.0,2784.0,3636.0,1188.0,1215.0,8.0,3.0,1.0
1225.0,2201.0,966.0,1807.0,1943.0,2782.0,3635.0,1187.0,1213.0,8.0,3.0,1.0
1225.0,2202.0,966.0,1809.0,1950.0,2784.0,3637.0,1188.0,1213.0,8.0,3.0,1.0
1228.0,2204.0,968.0,1812.0,1963.0,2787.0,3640.0,1190.0,1216.0,8.0,3.0,1.0
1227.0,2203.0,968.0,1813.0,1972.0,2786.0,3643.0,1190.0,1216.0,8.0,3.0,1.0
1225.0,2201.0,966.0,1811.0,1978.0,2785.0,3640.0,1189.0,1215.0,8.0,3.0,1.0
1226.0,2202.0,967.0,1814.0,1983.0,2787.0,3641.0,1190.0,1217.0,8.0,3.0,1.0
1225.0,2201.0,965.0,1812.0,1979.0,2786.0,3640.0,1189.0,1215.0,8.0,3.0,1.0
1224.0,2200.0,965.0,1812.0,1972.0,2786.0,3643.0,1190.0,1215.0,8.0,3.0,1.0
1229.0,2206.0,969.0,1818.0,1971.0,2795.0,3650.0,1194.0,1219.0,8.0,3.0,1.0
1249.0,2237.0,989.0,1849.0,1992.0,2835.0,3690.0,1218.0,1241.0,8.0,3.0,1.0
1253.0,2243.0,993.0,1854.0,1994.0,2842.0,3698.0,1224.0,1247.0,8.0,3.0,1.0
1255.0,2245.0,995.0,1857.0,1997.0,2845.0,3701.0,1225.0,1249.0,8.0,3.0,1.0
1256.0,2247.0,995.0,1858.0,2002.0,2846.0,3702.0,1225.0,1249.0,8.0,3.0,1.0
1251.0,2241.0,990.0,1851.0,1999.0,2840.0,3695.0,1221.0,1246.0,8.0,3.0,1.0
1231.0,2211.0,971.0,1821.0,1976.0,2801.0,3659.0,1197.0,1223.0,8.0,3.0,1.0
1228.0,2207.0,969.0,1818.0,1976.0,2796.0,3654.0,1194.0,1219.0,8.0,3.0,1.0
1225.0,2204.0,966.0,1815.0,1976.0,2793.0,3651.0,1192.0,1216.0,8.0,3.0,1.0
1222.0,2201.0,964.0,1811.0,1974.0,2789.0,3648.0,1190.0,1214.0,8.0,3.0,1.0
1223.0,2203.0,964.0,1813.0,1973.0,2791.0,3650.0,1190.0,1214.0,8.0,3.0,1.0
1223.0,2203.0,964.0,1814.0,1969.0,2791.0,3648.0,1189.0,1213.0,8.0,3.0,1.0
1219.0,2200.0,960.0,1808.0,1960.0,2786.0,3645.0,1186.0,1210.0,8.0,3.0,1.0
1219.0,2200.0,960.0,1809.0,1958.0,2787.0,3645.0,1185.0,1210.0,8.0,3.0,1.0
1220.0,2200.0,960.0,1809.0,1959.0,2787.0,3646.0,1185.0,1211.0,8.0,3.0,1.0
1217.0,2196.0,958.0,1805.0,1955.0,2782.0,3640.0,1182.0,1207.0,8.0,3.0,1.0
1223.0,2207.0,964.0,1815.0,1965.0,2796.0,3655.0,1190.0,1214.0,8.0,3.0,1.0
1233.0,2219.0,973.0,1830.0,1982.0,2814.0,3674.0,1202.0,1224.0,8.0,3.0,1.0
1258.0,2255.0,997.0,1864.0,2016.0,2858.0,3716.0,1229.0,1252.0,8.0,3.0,1.0
1746.0,2518.0,1182.0,2142.0,1761.0,3337.0,3496.0,1470.0,1878.0,1.0,4.0,1.0
1742.0,2514.0,1180.0,2138.0,1759.0,3335.0,3494.0,1470.0,1878.0,1.0,4.0,1.0
1743.0,2517.0,1182.0,2141.0,1763.0,3337.0,3496.0,1472.0,1881.0,1.0,4.0,1.0
1749.0,2523.0,1184.0,2147.0,1768.0,3342.0,3502.0,1475.0,1885.0,1.0,4.0,1.0
1746.0,2521.0,1184.0,2145.0,1775.0,3341.0,3500.0,1475.0,1857.0,1.0,4.0,1.0
1744.0,2519.0,1183.0,2144.0,1774.0,3340.0,3500.0,1475.0,1857.0,1.0,4.0,1.0
1751.0,2526.0,1188.0,2153.0,1781.0,3347.0,3510.0,1479.0,1862.0,1.0,4.0,1.0
1752.0,2529.0,1190.0,2155.0,1782.0,3350.0,3512.0,1482.0,1864.0,1.0,4.0,1.0
1750.0,2527.0,1192.0,2155.0,1782.0,3351.0,3511.0,1482.0,1865.0,1.0,4.0,1.0
1754.0,2532.0,1194.0,2159.0,1787.0,3355.0,3516.0,1485.0,1869.0,1.0,4.0,1.0
1756.0,2536.0,1196.0,2162.0,1789.0,3357.0,3519.0,1486.0,1870.0,1.0,4.0,1.0
1750.0,2529.0,1192.0,2156.0,1784.0,3352.0,3511.0,1483.0,1866.0,1.0,4.0,1.0
1748.0,2527.0,1190.0,2154.0,1783.0,3349.0,3507.0,1481.0,1865.0,1.0,4.0,1.0
1751.0,2529.0,1190.0,2156.0,1784.0,3349.0,3508.0,1481.0,1865.0,1.0,4.0,1.0
1746.0,2525.0,1189.0,2152.0,1780.0,3344.0,3504.0,1478.0,1862.0,1.0,4.0,1.0
1743.0,2522.0,1188.0,2149.0,1779.0,3342.0,3499.0,1477.0,1861.0,1.0,4.0,1.0
1746.0,2525.0,1189.0,2153.0,1781.0,3343.0,3500.0,1477.0,1862.0,1.0,4.0,1.0
1746.0,2528.0,1191.0,2154.0,1782.0,3345.0,3504.0,1478.0,1863.0,1.0,4.0,1.0
1742.0,2524.0,1190.0,2152.0,1781.0,3344.0,3501.0,1478.0,1863.0,1.0,4.0,1.0
1746.0,2528.0,1193.0,2157.0,1784.0,3348.0,3506.0,1480.0,1866.0,1.0,4.0,1.0
1749.0,2532.0,1194.0,2160.0,1786.0,3351.0,3510.0,1483.0,1868.0,1.0,4.0,1.0
1747.0,2529.0,1194.0,2157.0,1783.0,3349.0,3512.0,1483.0,1867.0,1.0,4.0,1.0
1747.0,2528.0,1194.0,2156.0,1782.0,3349.0,3511.0,1482.0,1866.0,1.0,4.0,1.0
1751.0,2531.0,1194.0,2159.0,1784.0,3351.0,3514.0,1483.0,1868.0,1.0,4.0,1.0
1747.0,2528.0,1193.0,2156.0,1781.0,3349.0,3512.0,1481.0,1865.0,1.0,4.0,1.0
1743.0,2525.0,1191.0,2152.0,1778.0,3346.0,3511.0,1480.0,1862.0,1.0,4.0,1.0
1746.0,2529.0,1193.0,2156.0,1781.0,3349.0,3514.0,1481.0,1864.0,1.0,4.0,1.0
1748.0,2531.0,1194.0,2157.0,1782.0,3351.0,3518.0,1482.0,1865.0,1.0,4.0,1.0
1748.0,2536.0,1199.0,2161.0,1786.0,3358.0,3526.0,1489.0,1870.0,1.0,4.0,1.0
1762.0,2554.0,1212.0,2181.0,1802.0,3378.0,3548.0,1504.0,1886.0,1.0,4.0,1.0
1782.0,2579.0,1231.0,2206.0,1823.0,3406.0,3576.0,1525.0,1908.0,1.0,4.0,1.0
1781.0,2580.0,1234.0,2207.0,1825.0,3408.0,3577.0,1529.0,1911.0,1.0,4.0,1.0
1780.0,2579.0,1236.0,2208.0,1826.0,3409.0,3576.0,1530.0,1913.0,1.0,4.0,1.0
1781.0,2579.0,1234.0,2206.0,1826.0,3405.0,3573.0,1526.0,1911.0,1.0,4.0,1.0
1769.0,2562.0,1223.0,2189.0,1811.0,3388.0,3554.0,1513.0,1898.0,1.0,4.0,1.0
1752.0,2540.0,1207.0,2167.0,1795.0,3365.0,3527.0,1495.0,1879.0,1.0,4.0,1.0
1757.0,2541.0,1206.0,2169.0,1796.0,3367.0,3531.0,1495.0,1878.0,1.0,4.0,1.0
1759.0,2542.0,1205.0,2170.0,1796.0,3367.0,3531.0,1494.0,1878.0,1.0,4.0,1.0
1758.0,2541.0,1207.0,2169.0,1796.0,3369.0,3532.0,1496.0,1878.0,1.0,4.0,1.0
1775.0,2561.0,1221.0,2189.0,1814.0,3392.0,3555.0,1512.0,1895.0,1.0,4.0,1.0
1784.0,2571.0,1227.0,2197.0,1820.0,3399.0,3564.0,1518.0,1902.0,1.0,4.0,1.0
1783.0,2571.0,1229.0,2196.0,1819.0,3400.0,3564.0,1520.0,1903.0,1.0,4.0,1.0
1786.0,2571.0,1230.0,2196.0,1819.0,3401.0,3566.0,1522.0,1904.0,1.0,4.0,1.0
1788.0,2571.0,1228.0,2198.0,1818.0,3399.0,3564.0,1519.0,1904.0,1.0,4.0,1.0
1772.0,2553.0,1216.0,2179.0,1799.0,3377.0,3541.0,1504.0,1889.0,1.0,4.0,1.0
1761.0,2543.0,1210.0,2172.0,1791.0,3367.0,3531.0,1500.0,1883.0,1.0,4.0,1.0
1757.0,2543.0,1209.0,2174.0,1791.0,3364.0,3527.0,1498.0,1883.0,1.0,4.0,1.0
1751.0,2542.0,1208.0,2175.0,1790.0,3362.0,3526.0,1497.0,1883.0,1.0,4.0,1.0
1742.0,2536.0,1207.0,2172.0,1787.0,3357.0,3521.0,1496.0,1882.0,1.0,4.0,1.0
1738.0,2535.0,1205.0,2172.0,1776.0,3376.0,3518.0,1495.0,1883.0,1.0,4.0,1.0
1737.0,2538.0,1207.0,2176.0,1777.0,3377.0,3520.0,1494.0,1884.0,1.0,4.0,1.0
1730.0,2534.0,1205.0,2172.0,1773.0,3373.0,3518.0,1492.0,1880.0,1.0,4.0,1.0
1726.0,2532.0,1203.0,2169.0,1771.0,3370.0,3516.0,1491.0,1879.0,1.0,4.0,1.0
1731.0,2537.0,1204.0,2172.0,1774.0,3373.0,3520.0,1490.0,1881.0,1.0,4.0,1.0
1733.0,2538.0,1206.0,2174.0,1786.0,3353.0,3523.0,1490.0,1882.0,1.0,4.0,1.0
1731.0,2535.0,1205.0,2170.0,1784.0,3353.0,3521.0,1489.0,1881.0,1.0,4.0,1.0
1737.0,2538.0,1206.0,2173.0,1786.0,3356.0,3521.0,1490.0,1884.0,1.0,4.0,1.0
1739.0,2541.0,1207.0,2174.0,1784.0,3357.0,3521.0,1491.0,1886.0,1.0,4.0,1.0
1734.0,2535.0,1205.0,2169.0,1778.0,3353.0,3516.0,1490.0,1883.0,1.0,4.0,1.0
1734.0,2533.0,1203.0,2167.0,1775.0,3350.0,3512.0,1490.0,1881.0,1.0,4.0,1.0
1737.0,2535.0,1203.0,2170.0,1777.0,3351.0,3514.0,1488.0,1882.0,1.0,4.0,1.0
1733.0,2532.0,1202.0,2166.0,1775.0,3348.0,3511.0,1487.0,1880.0,1.0,4.0,1.0
1731.0,2530.0,1201.0,2165.0,1774.0,3346.0,3510.0,1485.0,1878.0,1.0,4.0,1.0
1734.0,2535.0,1203.0,2169.0,1778.0,3348.0,3513.0,1485.0,1880.0,1.0,4.0,1.0
1732.0,2535.0,1203.0,2169.0,1777.0,3348.0,3514.0,1485.0,1880.0,1.0,4.0,1.0
1728.0,2531.0,1201.0,2164.0,1772.0,3345.0,3508.0,1484.0,1877.0,1.0,4.0,1.0
1731.0,2536.0,1204.0,2169.0,1775.0,3349.0,3516.0,1486.0,1880.0,1.0,4.0,1.0
1734.0,2541.0,1208.0,2174.0,1779.0,3354.0,3519.0,1489.0,1882.0,1.0,4.0,1.0
1730.0,2539.0,1208.0,2170.0,1778.0,3352.0,3517.0,1490.0,1881.0,1.0,4.0,1.0
1730.0,2540.0,1210.0,2172.0,1781.0,3353.0,3518.0,1490.0,1883.0,1.0,4.0,1.0
1735.0,2545.0,1213.0,2178.0,1786.0,3357.0,3526.0,1493.0,1886.0,1.0,4.0,1.0
1732.0,2543.0,1212.0,2175.0,1785.0,3354.0,3523.0,1493.0,1884.0,1.0,4.0,1.0
1729.0,2538.0,1209.0,2172.0,1782.0,3351.0,3520.0,1492.0,1882.0,1.0,4.0,1.0
1733.0,2541.0,1209.0,2176.0,1783.0,3354.0,3523.0,1494.0,1885.0,1.0,4.0,1.0
1734.0,2542.0,1209.0,2177.0,1782.0,3356.0,3524.0,1496.0,1887.0,1.0,4.0,1.0
1731.0,2538.0,1207.0,2173.0,1777.0,3355.0,3521.0,1496.0,1886.0,1.0,4.0,1.0
1733.0,2540.0,1207.0,2176.0,1775.0,3356.0,3520.0,1499.0,1890.0,1.0,4.0,1.0
1737.0,2545.0,1209.0,2180.0,1774.0,3360.0,3523.0,1502.0,1893.0,1.0,4.0,1.0
1734.0,2541.0,1207.0,2176.0,1767.0,3357.0,3519.0,1502.0,1891.0,1.0,4.0,1.0
1735.0,2539.0,1205.0,2174.0,1761.0,3356.0,3518.0,1503.0,1891.0,1.0,4.0,1.0
1741.0,2543.0,1206.0,2178.0,1761.0,3358.0,3519.0,1505.0,1893.0,1.0,4.0,1.0
1742.0,2541.0,1204.0,2175.0,1755.0,3357.0,3519.0,1505.0,1891.0,1.0,4.0,1.0
1741.0,2536.0,1202.0,2170.0,1752.0,3354.0,3515.0,1505.0,1889.0,1.0,4.0,1.0
1744.0,2538.0,1201.0,2172.0,1752.0,3355.0,3516.0,1503.0,1888.0,1.0,4.0,1.0
1742.0,2537.0,1200.0,2170.0,1753.0,3353.0,3515.0,1499.0,1885.0,1.0,4.0,1.0
1734.0,2531.0,1198.0,2164.0,1750.0,3347.0,3508.0,1495.0,1881.0,1.0,4.0,1.0
1733.0,2530.0,1199.0,2165.0,1754.0,3347.0,3508.0,1493.0,1880.0,1.0,4.0,1.0
1734.0,2534.0,1198.0,2167.0,1758.0,3349.0,3511.0,1492.0,1880.0,1.0,4.0,1.0
1729.0,2529.0,1198.0,2163.0,1757.0,3346.0,3509.0,1491.0,1878.0,1.0,4.0,1.0
1729.0,2528.0,1198.0,2164.0,1760.0,3344.0,3508.0,1493.0,1879.0,1.0,4.0,1.0
1734.0,2534.0,1201.0,2171.0,1767.0,3348.0,3516.0,1496.0,1884.0,1.0,4.0,1.0
1732.0,2534.0,1200.0,2168.0,1768.0,3348.0,3516.0,1495.0,1883.0,1.0,4.0,1.0
1726.0,2529.0,1199.0,2164.0,1765.0,3344.0,3515.0,1493.0,1880.0,1.0,4.0,1.0
1730.0,2533.0,1201.0,2169.0,1770.0,3347.0,3516.0,1493.0,1883.0,1.0,4.0,1.0
1730.0,2536.0,1202.0,2170.0,1771.0,3349.0,3517.0,1494.0,1884.0,1.0,4.0,1.0
1727.0,2532.0,1201.0,2164.0,1765.0,3346.0,3515.0,1493.0,1881.0,1.0,4.0,1.0
1730.0,2533.0,1202.0,2167.0,1767.0,3348.0,3513.0,1494.0,1883.0,1.0,4.0,1.0
1737.0,2538.0,1203.0,2172.0,1770.0,3351.0,3515.0,1496.0,1885.0,1.0,4.0,1.0
1736.0,2537.0,1202.0,2169.0,1768.0,3350.0,3514.0,1497.0,1884.0,1.0,4.0,1.0
1739.0,2537.0,1203.0,2170.0,1759.0,3352.0,3516.0,1498.0,1912.0,1.0,4.0,1.0
1747.0,2545.0,1206.0,2177.0,1764.0,3358.0,3522.0,1502.0,1917.0,1.0,4.0,1.0
1748.0,2545.0,1207.0,2177.0,1763.0,3359.0,3526.0,1502.0,1917.0,1.0,4.0,1.0
1745.0,2544.0,1209.0,2175.0,1762.0,3360.0,3526.0,1504.0,1918.0,1.0,4.0,1.0
1751.0,2549.0,1212.0,2182.0,1768.0,3365.0,3531.0,1508.0,1923.0,1.0,4.0,1.0
1754.0,2554.0,1215.0,2185.0,1780.0,3370.0,3536.0,1510.0,1901.0,1.0,4.0,1.0
1751.0,2551.0,1215.0,2183.0,1779.0,3370.0,3532.0,1510.0,1901.0,1.0,4.0,1.0
1756.0,2557.0,1220.0,2190.0,1786.0,3376.0,3539.0,1516.0,1907.0,1.0,4.0,1.0
1765.0,2565.0,1225.0,2200.0,1794.0,3384.0,3546.0,1521.0,1914.0,1.0,4.0,1.0
1765.0,2566.0,1227.0,2200.0,1794.0,3385.0,3548.0,1523.0,1915.0,1.0,4.0,1.0
1764.0,2566.0,1228.0,2202.0,1794.0,3387.0,3549.0,1525.0,1915.0,1.0,4.0,1.0
1796.0,2588.0,1223.0,2189.0,1961.0,3345.0,3636.0,1254.0,1947.0,2.0,4.0,1.0
1793.0,2582.0,1218.0,2185.0,1955.0,3342.0,3632.0,1254.0,1938.0,2.0,4.0,1.0
1789.0,2579.0,1213.0,2179.0,1954.0,3337.0,3628.0,1249.0,1930.0,2.0,4.0,1.0
1789.0,2584.0,1210.0,2179.0,1960.0,3335.0,3627.0,1239.0,1924.0,2.0,4.0,1.0
1785.0,2587.0,1208.0,2179.0,1965.0,3334.0,3629.0,1230.0,1922.0,2.0,4.0,1.0
1779.0,2583.0,1206.0,2176.0,1955.0,3333.0,3629.0,1225.0,1947.0,2.0,4.0,1.0
1777.0,2583.0,1207.0,2179.0,1955.0,3336.0,3634.0,1227.0,1947.0,2.0,4.0,1.0
1774.0,2579.0,1208.0,2182.0,1952.0,3337.0,3635.0,1228.0,1946.0,2.0,4.0,1.0
1768.0,2572.0,1208.0,2180.0,1946.0,3336.0,3632.0,1231.0,1944.0,2.0,4.0,1.0
1768.0,2573.0,1210.0,2181.0,1948.0,3336.0,3631.0,1232.0,1943.0,2.0,4.0,1.0
1771.0,2579.0,1209.0,2184.0,1963.0,3336.0,3632.0,1229.0,1915.0,2.0,4.0,1.0
1771.0,2579.0,1208.0,2180.0,1963.0,3332.0,3628.0,1226.0,1911.0,2.0,4.0,1.0
1773.0,2579.0,1206.0,2178.0,1964.0,3331.0,3623.0,1227.0,1910.0,2.0,4.0,1.0
1783.0,2585.0,1207.0,2181.0,1969.0,3333.0,3626.0,1229.0,1911.0,2.0,4.0,1.0
1789.0,2586.0,1206.0,2179.0,1966.0,3330.0,3623.0,1228.0,1906.0,2.0,4.0,1.0
1789.0,2583.0,1205.0,2172.0,1962.0,3323.0,3613.0,1228.0,1902.0,2.0,4.0,1.0
1794.0,2586.0,1206.0,2173.0,1966.0,3322.0,3610.0,1228.0,1903.0,2.0,4.0,1.0
1796.0,2590.0,1207.0,2175.0,1968.0,3323.0,3614.0,1227.0,1904.0,2.0,4.0,1.0
1789.0,2584.0,1207.0,2173.0,1963.0,3322.0,3615.0,1226.0,1903.0,2.0,4.0,1.0
1785.0,2579.0,1208.0,2174.0,1960.0,3325.0,3617.0,1228.0,1905.0,2.0,4.0,1.0
1785.0,2578.0,1210.0,2180.0,1961.0,3332.0,3626.0,1230.0,1909.0,2.0,4.0,1.0
1779.0,2571.0,1210.0,2177.0,1955.0,3332.0,3626.0,1230.0,1907.0,2.0,4.0,1.0
1776.0,2566.0,1208.0,2173.0,1950.0,3329.0,3621.0,1228.0,1904.0,2.0,4.0,1.0
1780.0,2570.0,1207.0,2175.0,1954.0,3329.0,3621.0,1227.0,1904.0,2.0,4.0,1.0
1785.0,2575.0,1205.0,2173.0,1955.0,3326.0,3620.0,1225.0,1903.0,2.0,4.0,1.0
1787.0,2575.0,1201.0,2166.0,1953.0,3322.0,3613.0,1221.0,1897.0,2.0,4.0,1.0
1798.0,2582.0,1200.0,2167.0,1958.0,3323.0,3615.0,1221.0,1896.0,2.0,4.0,1.0
1807.0,2589.0,1201.0,2171.0,1964.0,3326.0,3621.0,1222.0,1897.0,2.0,4.0,1.0
1804.0,2585.0,1197.0,2165.0,1960.0,3323.0,3619.0,1220.0,1893.0,2.0,4.0,1.0
1799.0,2581.0,1195.0,2165.0,1959.0,3323.0,3618.0,1219.0,1892.0,2.0,4.0,1.0
1796.0,2581.0,1197.0,2170.0,1960.0,3325.0,3623.0,1220.0,1894.0,2.0,4.0,1.0
1785.0,2572.0,1195.0,2168.0,1952.0,3323.0,3622.0,1219.0,1893.0,2.0,4.0,1.0
1773.0,2561.0,1194.0,2163.0,1944.0,3319.0,3615.0,1218.0,1891.0,2.0,4.0,1.0
1775.0,2562.0,1196.0,2168.0,1946.0,3323.0,3616.0,1220.0,1894.0,2.0,4.0,1.0
1778.0,2565.0,1197.0,2168.0,1948.0,3325.0,3619.0,1221.0,1895.0,2.0,4.0,1.0
1777.0,2564.0,1195.0,2164.0,1947.0,3323.0,3616.0,1220.0,1893.0,2.0,4.0,1.0
1785.0,2570.0,1195.0,2164.0,1954.0,3323.0,3614.0,1220.0,1894.0,2.0,4.0,1.0
1796.0,2580.0,1197.0,2168.0,1963.0,3326.0,3618.0,1220.0,1895.0,2.0,4.0,1.0
1796.0,2580.0,1196.0,2164.0,1961.0,3323.0,3614.0,1218.0,1891.0,2.0,4.0,1.0
1798.0,2581.0,1197.0,2165.0,1962.0,3324.0,3615.0,1220.0,1893.0,2.0,4.0,1.0
1778.0,2734.0,1202.0,2181.0,1999.0,3050.0,3648.0,1206.0,1852.0,3.0,4.0,1.0
1776.0,2742.0,1187.0,2180.0,1999.0,3035.0,3651.0,1205.0,1827.0,3.0,4.0,1.0
1775.0,2761.0,1169.0,2182.0,2001.0,3000.0,3660.0,1203.0,1788.0,3.0,4.0,1.0
1770.0,2774.0,1148.0,2179.0,1989.0,2961.0,3667.0,1202.0,1772.0,3.0,4.0,1.0
1768.0,2787.0,1132.0,2179.0,1991.0,2940.0,3671.0,1202.0,1736.0,3.0,4.0,1.0
1771.0,2800.0,1126.0,2184.0,1996.0,2938.0,3675.0,1205.0,1722.0,3.0,4.0,1.0
1771.0,2802.0,1133.0,2185.0,1996.0,2949.0,3675.0,1205.0,1728.0,3.0,4.0,1.0
1768.0,2795.0,1147.0,2183.0,1994.0,2979.0,3668.0,1207.0,1747.0,3.0,4.0,1.0
1772.0,2795.0,1160.0,2187.0,2005.0,3012.0,3663.0,1207.0,1741.0,3.0,4.0,1.0
1773.0,2793.0,1166.0,2186.0,2005.0,3026.0,3659.0,1206.0,1752.0,3.0,4.0,1.0
1770.0,2789.0,1161.0,2182.0,2001.0,3011.0,3658.0,1204.0,1744.0,3.0,4.0,1.0
1771.0,2789.0,1148.0,2182.0,2002.0,2982.0,3661.0,1204.0,1724.0,3.0,4.0,1.0
1774.0,2797.0,1134.0,2185.0,2006.0,2954.0,3669.0,1204.0,1701.0,3.0,4.0,1.0
1770.0,2796.0,1120.0,2181.0,2002.0,2933.0,3668.0,1203.0,1678.0,3.0,4.0,1.0
1769.0,2796.0,1116.0,2180.0,2002.0,2927.0,3667.0,1203.0,1670.0,3.0,4.0,1.0
1772.0,2801.0,1120.0,2184.0,2006.0,2940.0,3667.0,1204.0,1674.0,3.0,4.0,1.0
1771.0,2802.0,1126.0,2183.0,2006.0,2963.0,3665.0,1204.0,1684.0,3.0,4.0,1.0
1766.0,2799.0,1129.0,2178.0,2001.0,2978.0,3658.0,1202.0,1690.0,3.0,4.0,1.0
1769.0,2805.0,1130.0,2180.0,2004.0,2977.0,3661.0,1203.0,1691.0,3.0,4.0,1.0
1769.0,2809.0,1127.0,2180.0,2004.0,2959.0,3667.0,1203.0,1682.0,3.0,4.0,1.0
1763.0,2802.0,1117.0,2172.0,1998.0,2935.0,3664.0,1199.0,1666.0,3.0,4.0,1.0
1762.0,2797.0,1110.0,2170.0,1996.0,2923.0,3660.0,1198.0,1655.0,3.0,4.0,1.0
1765.0,2793.0,1106.0,2173.0,2000.0,2924.0,3661.0,1199.0,1655.0,3.0,4.0,1.0
1763.0,2782.0,1105.0,2167.0,1995.0,2933.0,3655.0,1197.0,1657.0,3.0,4.0,1.0
1762.0,2771.0,1103.0,2164.0,1991.0,2945.0,3647.0,1195.0,1662.0,3.0,4.0,1.0
1768.0,2775.0,1106.0,2169.0,1996.0,2951.0,3654.0,1197.0,1667.0,3.0,4.0,1.0
1768.0,2777.0,1103.0,2168.0,1994.0,2941.0,3660.0,1198.0,1663.0,3.0,4.0,1.0
1765.0,2779.0,1100.0,2164.0,1990.0,2925.0,3661.0,1197.0,1653.0,3.0,4.0,1.0
1767.0,2789.0,1099.0,2166.0,1993.0,2918.0,3665.0,1197.0,1649.0,3.0,4.0,1.0
1768.0,2802.0,1101.0,2170.0,1995.0,2918.0,3674.0,1197.0,1649.0,3.0,4.0,1.0
1765.0,2805.0,1102.0,2166.0,1991.0,2921.0,3673.0,1195.0,1649.0,3.0,4.0,1.0
1765.0,2811.0,1106.0,2168.0,1992.0,2928.0,3674.0,1195.0,1652.0,3.0,4.0,1.0
1770.0,2818.0,1108.0,2173.0,1998.0,2931.0,3679.0,1196.0,1655.0,3.0,4.0,1.0
1769.0,2815.0,1107.0,2172.0,1995.0,2925.0,3680.0,1195.0,1653.0,3.0,4.0,1.0
1768.0,2808.0,1105.0,2169.0,1993.0,2921.0,3676.0,1195.0,1649.0,3.0,4.0,1.0
1777.0,2807.0,1107.0,2176.0,1999.0,2927.0,3678.0,1199.0,1653.0,3.0,4.0,1.0
1784.0,2803.0,1111.0,2183.0,2005.0,2941.0,3680.0,1203.0,1661.0,3.0,4.0,1.0
1793.0,2801.0,1119.0,2190.0,2011.0,2959.0,3686.0,1211.0,1674.0,3.0,4.0,1.0
1804.0,2806.0,1126.0,2202.0,2023.0,2975.0,3695.0,1219.0,1686.0,3.0,4.0,1.0
1813.0,2814.0,1133.0,2211.0,2033.0,2983.0,3702.0,1226.0,1694.0,3.0,4.0,1.0
1833.0,2934.0,1038.0,2259.0,2196.0,2905.0,3914.0,1265.0,1659.0,4.0,4.0,1.0
1835.0,2938.0,1042.0,2268.0,2190.0,2916.0,3934.0,1272.0,1676.0,4.0,4.0,1.0
1838.0,2941.0,1045.0,2274.0,2192.0,2925.0,3957.0,1278.0,1655.0,4.0,4.0,1.0
1833.0,2937.0,1039.0,2270.0,2191.0,2918.0,3968.0,1272.0,1628.0,4.0,4.0,1.0
1839.0,2946.0,1041.0,2275.0,2193.0,2925.0,3986.0,1276.0,1622.0,4.0,4.0,1.0
1842.0,2950.0,1045.0,2281.0,2196.0,2935.0,3998.0,1281.0,1630.0,4.0,4.0,1.0
1849.0,2960.0,1047.0,2287.0,2213.0,2942.0,4002.0,1284.0,1618.0,4.0,4.0,1.0
1847.0,2958.0,1042.0,2281.0,2209.0,2933.0,3989.0,1277.0,1632.0,4.0,4.0,1.0
1842.0,2952.0,1039.0,2276.0,2204.0,2930.0,3981.0,1274.0,1636.0,4.0,4.0,1.0
1840.0,2948.0,1039.0,2275.0,2204.0,2926.0,3978.0,1271.0,1624.0,4.0,4.0,1.0
1843.0,2952.0,1039.0,2277.0,2209.0,2926.0,3985.0,1271.0,1603.0,4.0,4.0,1.0
1840.0,2951.0,1038.0,2276.0,2208.0,2925.0,3991.0,1271.0,1585.0,4.0,4.0,1.0
1838.0,2946.0,1038.0,2274.0,2205.0,2924.0,3991.0,1271.0,1575.0,4.0,4.0,1.0
1842.0,2950.0,1039.0,2277.0,2208.0,2925.0,3995.0,1274.0,1578.0,4.0,4.0,1.0
1844.0,2952.0,1039.0,2277.0,2208.0,2926.0,3991.0,1275.0,1591.0,4.0,4.0,1.0
1837.0,2941.0,1035.0,2269.0,2198.0,2917.0,3977.0,1271.0,1603.0,4.0,4.0,1.0
1836.0,2939.0,1033.0,2267.0,2196.0,2914.0,3973.0,1269.0,1606.0,4.0,4.0,1.0
1836.0,2941.0,1032.0,2267.0,2198.0,2912.0,3976.0,1267.0,1594.0,4.0,4.0,1.0
1830.0,2937.0,1030.0,2262.0,2192.0,2909.0,3975.0,1263.0,1575.0,4.0,4.0,1.0
1821.0,2926.0,1023.0,2252.0,2184.0,2899.0,3968.0,1256.0,1556.0,4.0,4.0,1.0
1818.0,2924.0,1019.0,2248.0,2183.0,2894.0,3963.0,1251.0,1546.0,4.0,4.0,1.0
1812.0,2918.0,1015.0,2243.0,2177.0,2890.0,3951.0,1248.0,1546.0,4.0,4.0,1.0
1809.0,2911.0,1013.0,2239.0,2173.0,2889.0,3940.0,1246.0,1554.0,4.0,4.0,1.0
1818.0,2921.0,1019.0,2249.0,2182.0,2898.0,3942.0,1253.0,1569.0,4.0,4.0,1.0
1827.0,2930.0,1025.0,2258.0,2191.0,2908.0,3949.0,1260.0,1572.0,4.0,4.0,1.0
1864.0,2972.0,1061.0,2307.0,2231.0,2971.0,3998.0,1300.0,1608.0,4.0,4.0,1.0
1872.0,2972.0,1066.0,2299.0,2226.0,2961.0,4005.0,1301.0,1614.0,4.0,4.0,1.0
1867.0,2964.0,1063.0,2290.0,2215.0,2951.0,4000.0,1296.0,1619.0,4.0,4.0,1.0
1827.0,2916.0,1023.0,2235.0,2167.0,2880.0,3951.0,1251.0,1573.0,4.0,4.0,1.0
1796.0,2882.0,997.0,2201.0,2133.0,2842.0,3923.0,1223.0,1535.0,4.0,4.0,1.0
1655.0,2892.0,993.0,2196.0,2182.0,2838.0,3909.0,1216.0,1281.0,5.0,4.0,1.0
1647.0,2890.0,988.0,2190.0,2178.0,2835.0,3908.0,1211.0,1271.0,5.0,4.0,1.0
1627.0,2881.0,983.0,2173.0,2169.0,2829.0,3906.0,1205.0,1263.0,5.0,4.0,1.0
1610.0,2877.0,979.0,2161.0,2165.0,2827.0,3905.0,1202.0,1257.0,5.0,4.0,1.0
1602.0,2879.0,977.0,2156.0,2166.0,2825.0,3911.0,1200.0,1254.0,5.0,4.0,1.0
1600.0,2874.0,975.0,2152.0,2153.0,2822.0,3912.0,1200.0,1283.0,5.0,4.0,1.0
1606.0,2870.0,975.0,2154.0,2151.0,2820.0,3914.0,1200.0,1282.0,5.0,4.0,1.0
1619.0,2875.0,976.0,2165.0,2156.0,2822.0,3919.0,1202.0,1283.0,5.0,4.0,1.0
1624.0,2875.0,976.0,2168.0,2156.0,2821.0,3921.0,1204.0,1283.0,5.0,4.0,1.0
1618.0,2869.0,975.0,2160.0,2151.0,2819.0,3917.0,1202.0,1281.0,5.0,4.0,1.0
1610.0,2870.0,974.0,2152.0,2160.0,2819.0,3916.0,1201.0,1247.0,5.0,4.0,1.0
1602.0,2871.0,974.0,2150.0,2162.0,2819.0,3910.0,1200.0,1246.0,5.0,4.0,1.0
1592.0,2866.0,972.0,2145.0,2157.0,2815.0,3898.0,1199.0,1244.0,5.0,4.0,1.0
1591.0,2865.0,973.0,2150.0,2157.0,2814.0,3890.0,1199.0,1243.0,5.0,4.0,1.0
1596.0,2869.0,975.0,2162.0,2162.0,2816.0,3885.0,1200.0,1244.0,5.0,4.0,1.0
1596.0,2868.0,975.0,2167.0,2160.0,2815.0,3876.0,1201.0,1244.0,5.0,4.0,1.0
1594.0,2864.0,974.0,2164.0,2158.0,2814.0,3869.0,1200.0,1243.0,5.0,4.0,1.0
1592.0,2865.0,973.0,2160.0,2160.0,2814.0,3874.0,1200.0,1243.0,5.0,4.0,1.0
1590.0,2865.0,973.0,2153.0,2159.0,2814.0,3879.0,1199.0,1241.0,5.0,4.0,1.0
1588.0,2859.0,972.0,2144.0,2153.0,2810.0,3883.0,1197.0,1240.0,5.0,4.0,1.0
1597.0,2861.0,973.0,2143.0,2153.0,2811.0,3894.0,1199.0,1239.0,5.0,4.0,1.0
1607.0,2863.0,974.0,2143.0,2153.0,2812.0,3907.0,1199.0,1239.0,5.0,4.0,1.0
1611.0,2857.0,972.0,2138.0,2145.0,2809.0,3910.0,1197.0,1238.0,5.0,4.0,1.0
1612.0,2854.0,971.0,2132.0,2142.0,2807.0,3911.0,1196.0,1237.0,5.0,4.0,1.0
1611.0,2856.0,969.0,2131.0,2144.0,2808.0,3911.0,1195.0,1236.0,5.0,4.0,1.0
1600.0,2851.0,965.0,2127.0,2141.0,2804.0,3898.0,1191.0,1233.0,5.0,4.0,1.0
1587.0,2846.0,962.0,2125.0,2137.0,2800.0,3881.0,1188.0,1230.0,5.0,4.0,1.0
1581.0,2850.0,964.0,2134.0,2143.0,2801.0,3868.0,1189.0,1230.0,5.0,4.0,1.0
1575.0,2851.0,964.0,2140.0,2144.0,2800.0,3850.0,1189.0,1230.0,5.0,4.0,1.0
1568.0,2848.0,963.0,2141.0,2140.0,2798.0,3834.0,1189.0,1229.0,5.0,4.0,1.0
1567.0,2850.0,964.0,2143.0,2143.0,2799.0,3832.0,1191.0,1231.0,5.0,4.0,1.0
1570.0,2853.0,964.0,2142.0,2145.0,2800.0,3840.0,1192.0,1233.0,5.0,4.0,1.0
1260.0,2787.0,982.0,1957.0,2150.0,2804.0,3783.0,1203.0,1261.0,6.0,4.0,1.0
1254.0,2779.0,979.0,1939.0,2150.0,2804.0,3784.0,1202.0,1256.0,6.0,4.0,1.0
1252.0,2777.0,977.0,1935.0,2151.0,2803.0,3783.0,1200.0,1252.0,6.0,4.0,1.0
1252.0,2783.0,976.0,1946.0,2151.0,2802.0,3782.0,1198.0,1248.0,6.0,4.0,1.0
1255.0,2803.0,976.0,1977.0,2154.0,2806.0,3783.0,1199.0,1248.0,6.0,4.0,1.0
1255.0,2818.0,975.0,1992.0,2154.0,2805.0,3783.0,1198.0,1245.0,6.0,4.0,1.0
1253.0,2813.0,973.0,1986.0,2154.0,2803.0,3780.0,1195.0,1242.0,6.0,4.0,1.0
1253.0,2806.0,973.0,1975.0,2157.0,2805.0,3783.0,1197.0,1243.0,6.0,4.0,1.0
1253.0,2795.0,974.0,1960.0,2160.0,2807.0,3787.0,1199.0,1243.0,6.0,4.0,1.0
1250.0,2779.0,973.0,1935.0,2160.0,2806.0,3789.0,1199.0,1241.0,6.0,4.0,1.0
1252.0,2777.0,975.0,1932.0,2163.0,2810.0,3796.0,1202.0,1244.0,6.0,4.0,1.0
1255.0,2785.0,978.0,1940.0,2167.0,2816.0,3804.0,1206.0,1246.0,6.0,4.0,1.0
1257.0,2791.0,980.0,1950.0,2161.0,2818.0,3805.0,1208.0,1279.0,6.0,4.0,1.0
1259.0,2800.0,982.0,1958.0,2164.0,2822.0,3809.0,1211.0,1282.0,6.0,4.0,1.0
1262.0,2805.0,985.0,1961.0,2167.0,2826.0,3813.0,1213.0,1285.0,6.0,4.0,1.0
1262.0,2797.0,984.0,1952.0,2169.0,2826.0,3814.0,1212.0,1285.0,6.0,4.0,1.0
1261.0,2790.0,984.0,1941.0,2169.0,2824.0,3813.0,1209.0,1284.0,6.0,4.0,1.0
1261.0,2792.0,983.0,1942.0,2180.0,2825.0,3816.0,1208.0,1252.0,6.0,4.0,1.0
1262.0,2797.0,983.0,1947.0,2180.0,2825.0,3819.0,1208.0,1252.0,6.0,4.0,1.0
1261.0,2804.0,981.0,1953.0,2179.0,2824.0,3820.0,1207.0,1251.0,6.0,4.0,1.0
1262.0,2811.0,982.0,1962.0,2180.0,2824.0,3821.0,1207.0,1251.0,6.0,4.0,1.0
1263.0,2815.0,983.0,1964.0,2185.0,2827.0,3825.0,1209.0,1252.0,6.0,4.0,1.0
1263.0,2809.0,984.0,1956.0,2182.0,2827.0,3825.0,1210.0,1252.0,6.0,4.0,1.0
1263.0,2803.0,984.0,1951.0,2183.0,2829.0,3825.0,1210.0,1253.0,6.0,4.0,1.0
1264.0,2804.0,985.0,1951.0,2187.0,2831.0,3828.0,1211.0,1253.0,6.0,4.0,1.0
1263.0,2804.0,983.0,1951.0,2184.0,2829.0,3827.0,1211.0,1252.0,6.0,4.0,1.0
1261.0,2803.0,981.0,1952.0,2179.0,2825.0,3822.0,1208.0,1250.0,6.0,4.0,1.0
1260.0,2804.0,979.0,1954.0,2180.0,2824.0,3822.0,1208.0,1249.0,6.0,4.0,1.0
1258.0,2800.0,978.0,1950.0,2179.0,2822.0,3821.0,1208.0,1248.0,6.0,4.0,1.0
1255.0,2789.0,975.0,1939.0,2173.0,2817.0,3814.0,1204.0,1245.0,6.0,4.0,1.0
1254.0,2786.0,974.0,1936.0,2173.0,2817.0,3811.0,1204.0,1245.0,6.0,4.0,1.0
1253.0,2788.0,973.0,1937.0,2173.0,2816.0,3811.0,1203.0,1243.0,6.0,4.0,1.0
1250.0,2787.0,971.0,1937.0,2168.0,2813.0,3806.0,1199.0,1240.0,6.0,4.0,1.0
1249.0,2789.0,969.0,1939.0,2165.0,2812.0,3803.0,1197.0,1239.0,6.0,4.0,1.0
1252.0,2795.0,971.0,1943.0,2169.0,2814.0,3808.0,1198.0,1240.0,6.0,4.0,1.0
1252.0,2792.0,971.0,1938.0,2168.0,2813.0,3808.0,1197.0,1240.0,6.0,4.0,1.0
1250.0,2785.0,969.0,1931.0,2164.0,2810.0,3804.0,1196.0,1238.0,6.0,4.0,1.0
1269.0,2601.0,996.0,1850.0,2141.0,2824.0,3819.0,1215.0,1270.0,7.0,4.0,1.0
1261.0,2594.0,988.0,1846.0,2132.0,2819.0,3813.0,1208.0,1260.0,7.0,4.0,1.0
1257.0,2590.0,984.0,1843.0,2125.0,2815.0,3809.0,1205.0,1254.0,7.0,4.0,1.0
1253.0,2585.0,979.0,1837.0,2118.0,2810.0,3803.0,1202.0,1248.0,7.0,4.0,1.0
1251.0,2582.0,975.0,1835.0,2117.0,2807.0,3799.0,1198.0,1245.0,7.0,4.0,1.0
1248.0,2579.0,971.0,1831.0,2109.0,2804.0,3794.0,1195.0,1241.0,7.0,4.0,1.0
1244.0,2572.0,967.0,1825.0,2098.0,2798.0,3790.0,1192.0,1235.0,7.0,4.0,1.0
1242.0,2569.0,962.0,1821.0,2095.0,2795.0,3789.0,1189.0,1231.0,7.0,4.0,1.0
1240.0,2569.0,962.0,1821.0,2100.0,2794.0,3790.0,1188.0,1230.0,7.0,4.0,1.0
1238.0,2567.0,959.0,1818.0,2104.0,2791.0,3790.0,1187.0,1226.0,7.0,4.0,1.0
1237.0,2565.0,958.0,1818.0,2112.0,2789.0,3790.0,1186.0,1226.0,7.0,4.0,1.0
1238.0,2567.0,958.0,1819.0,2120.0,2791.0,3791.0,1185.0,1226.0,7.0,4.0,1.0
1236.0,2565.0,956.0,1816.0,2119.0,2789.0,3789.0,1184.0,1224.0,7.0,4.0,1.0
1235.0,2561.0,955.0,1814.0,2110.0,2786.0,3786.0,1182.0,1221.0,7.0,4.0,1.0
1235.0,2564.0,956.0,1815.0,2108.0,2788.0,3787.0,1183.0,1222.0,7.0,4.0,1.0
1236.0,2565.0,957.0,1815.0,2102.0,2788.0,3784.0,1181.0,1221.0,7.0,4.0,1.0
1235.0,2563.0,956.0,1813.0,2093.0,2785.0,3782.0,1180.0,1219.0,7.0,4.0,1.0
1235.0,2563.0,957.0,1814.0,2090.0,2786.0,3785.0,1180.0,1220.0,7.0,4.0,1.0
1237.0,2566.0,958.0,1816.0,2089.0,2788.0,3787.0,1182.0,1220.0,7.0,4.0,1.0
1238.0,2565.0,958.0,1816.0,2078.0,2789.0,3787.0,1184.0,1253.0,7.0,4.0,1.0
1239.0,2566.0,959.0,1818.0,2081.0,2792.0,3793.0,1186.0,1256.0,7.0,4.0,1.0
1242.0,2570.0,961.0,1822.0,2093.0,2796.0,3799.0,1189.0,1258.0,7.0,4.0,1.0
1243.0,2570.0,962.0,1823.0,2103.0,2798.0,3800.0,1190.0,1258.0,7.0,4.0,1.0
1243.0,2569.0,964.0,1824.0,2115.0,2799.0,3802.0,1191.0,1260.0,7.0,4.0,1.0
1245.0,2572.0,966.0,1828.0,2136.0,2802.0,3805.0,1193.0,1230.0,7.0,4.0,1.0
1247.0,2573.0,967.0,1829.0,2140.0,2803.0,3806.0,1195.0,1232.0,7.0,4.0,1.0
1246.0,2572.0,967.0,1828.0,2136.0,2802.0,3803.0,1194.0,1232.0,7.0,4.0,1.0
1248.0,2577.0,969.0,1831.0,2132.0,2805.0,3807.0,1196.0,1234.0,7.0,4.0,1.0
1251.0,2581.0,971.0,1833.0,2125.0,2808.0,3808.0,1197.0,1235.0,7.0,4.0,1.0
1249.0,2580.0,969.0,1831.0,2112.0,2806.0,3806.0,1195.0,1234.0,7.0,4.0,1.0
1248.0,2579.0,969.0,1830.0,2105.0,2805.0,3801.0,1193.0,1233.0,7.0,4.0,1.0
1250.0,2582.0,970.0,1831.0,2104.0,2806.0,3804.0,1194.0,1233.0,7.0,4.0,1.0
1249.0,2578.0,969.0,1830.0,2104.0,2805.0,3802.0,1194.0,1233.0,7.0,4.0,1.0
1249.0,2575.0,968.0,1828.0,2109.0,2803.0,3800.0,1194.0,1232.0,7.0,4.0,1.0
1249.0,2575.0,968.0,1829.0,2119.0,2803.0,3800.0,1196.0,1232.0,7.0,4.0,1.0
1249.0,2574.0,969.0,1827.0,2128.0,2803.0,3799.0,1196.0,1231.0,7.0,4.0,1.0
1246.0,2568.0,967.0,1823.0,2129.0,2798.0,3791.0,1194.0,1228.0,7.0,4.0,1.0
1245.0,2568.0,966.0,1823.0,2130.0,2796.0,3787.0,1194.0,1227.0,7.0,4.0,1.0
1257.0,2223.0,985.0,1843.0,2042.0,2809.0,3645.0,1205.0,1255.0,8.0,4.0,1.0
1255.0,2221.0,983.0,1844.0,2041.0,2809.0,3652.0,1204.0,1252.0,8.0,4.0,1.0
1253.0,2219.0,980.0,1843.0,2040.0,2808.0,3661.0,1202.0,1249.0,8.0,4.0,1.0
1251.0,2218.0,977.0,1840.0,2037.0,2807.0,3667.0,1201.0,1245.0,8.0,4.0,1.0
1251.0,2218.0,975.0,1841.0,2037.0,2807.0,3672.0,1201.0,1243.0,8.0,4.0,1.0
1251.0,2218.0,975.0,1841.0,2039.0,2808.0,3669.0,1199.0,1241.0,8.0,4.0,1.0
1249.0,2216.0,973.0,1838.0,2037.0,2806.0,3662.0,1197.0,1238.0,8.0,4.0,1.0
1247.0,2213.0,971.0,1836.0,2034.0,2803.0,3651.0,1195.0,1235.0,8.0,4.0,1.0
1247.0,2212.0,969.0,1836.0,2035.0,2803.0,3645.0,1195.0,1234.0,8.0,4.0,1.0
1243.0,2208.0,966.0,1831.0,2032.0,2799.0,3634.0,1191.0,1230.0,8.0,4.0,1.0
1240.0,2206.0,964.0,1828.0,2028.0,2796.0,3631.0,1189.0,1229.0,8.0,4.0,1.0
1241.0,2206.0,964.0,1829.0,2029.0,2796.0,3632.0,1190.0,1228.0,8.0,4.0,1.0
1241.0,2207.0,963.0,1828.0,2028.0,2797.0,3634.0,1189.0,1228.0,8.0,4.0,1.0
1240.0,2205.0,962.0,1824.0,2024.0,2795.0,3633.0,1187.0,1226.0,8.0,4.0,1.0
1241.0,2206.0,962.0,1826.0,2024.0,2795.0,3636.0,1188.0,1226.0,8.0,4.0,1.0
1243.0,2206.0,962.0,1827.0,2026.0,2797.0,3639.0,1190.0,1226.0,8.0,4.0,1.0
1240.0,2204.0,961.0,1824.0,2021.0,2794.0,3637.0,1187.0,1224.0,8.0,4.0,1.0
1239.0,2203.0,961.0,1823.0,2019.0,2792.0,3636.0,1186.0,1223.0,8.0,4.0,1.0
1241.0,2205.0,962.0,1826.0,2022.0,2794.0,3639.0,1188.0,1224.0,8.0,4.0,1.0
1239.0,2205.0,962.0,1824.0,2020.0,2793.0,3639.0,1189.0,1225.0,8.0,4.0,1.0
1238.0,2203.0,960.0,1822.0,2018.0,2791.0,3634.0,1186.0,1222.0,8.0,4.0,1.0
1239.0,2205.0,962.0,1825.0,2021.0,2794.0,3634.0,1188.0,1224.0,8.0,4.0,1.0
1241.0,2206.0,962.0,1825.0,2023.0,2795.0,3633.0,1188.0,1225.0,8.0,4.0,1.0
1240.0,2203.0,962.0,1825.0,2014.0,2793.0,3630.0,1189.0,1258.0,8.0,4.0,1.0
1244.0,2207.0,965.0,1830.0,2019.0,2798.0,3635.0,1191.0,1260.0,8.0,4.0,1.0
1249.0,2211.0,969.0,1835.0,2024.0,2803.0,3641.0,1196.0,1265.0,8.0,4.0,1.0
1249.0,2212.0,969.0,1834.0,2024.0,2805.0,3642.0,1197.0,1267.0,8.0,4.0,1.0
1251.0,2213.0,971.0,1837.0,2026.0,2807.0,3645.0,1199.0,1269.0,8.0,4.0,1.0
1253.0,2217.0,973.0,1840.0,2038.0,2812.0,3650.0,1200.0,1238.0,8.0,4.0,1.0
1252.0,2216.0,972.0,1838.0,2037.0,2811.0,3648.0,1199.0,1238.0,8.0,4.0,1.0
1250.0,2213.0,970.0,1836.0,2034.0,2808.0,3647.0,1197.0,1236.0,8.0,4.0,1.0
1252.0,2215.0,972.0,1839.0,2038.0,2811.0,3650.0,1200.0,1236.0,8.0,4.0,1.0
1253.0,2217.0,973.0,1840.0,2039.0,2811.0,3651.0,1201.0,1236.0,8.0,4.0,1.0
1250.0,2215.0,971.0,1838.0,2036.0,2810.0,3648.0,1199.0,1235.0,8.0,4.0,1.0
1251.0,2215.0,973.0,1839.0,2037.0,2810.0,3648.0,1199.0,1235.0,8.0,4.0,1.0
1251.0,2217.0,974.0,1841.0,2039.0,2811.0,3650.0,1201.0,1236.0,8.0,4.0,1.0
1250.0,2215.0,972.0,1838.0,2036.0,2808.0,3647.0,1198.0,1234.0,8.0,4.0,1.0
1249.0,2213.0,971.0,1836.0,2034.0,2807.0,3645.0,1196.0,1233.0,8.0,4.0,1.0
1251.0,2215.0,973.0,1838.0,2036.0,2808.0,3648.0,1199.0,1234.0,8.0,4.0,1.0
1837.0,2498.0,1377.0,2370.0,1820.0,3411.0,3516.0,1506.0,2044.0,1.0,5.0,1.0
1832.0,2492.0,1374.0,2364.0,1817.0,3408.0,3511.0,1505.0,2038.0,1.0,5.0,1.0
1835.0,2493.0,1374.0,2368.0,1821.0,3410.0,3512.0,1506.0,2038.0,1.0,5.0,1.0
1834.0,2494.0,1372.0,2369.0,1820.0,3411.0,3511.0,1505.0,2036.0,1.0,5.0,1.0
1826.0,2485.0,1365.0,2359.0,1802.0,3425.0,3502.0,1500.0,2027.0,1.0,5.0,1.0
1826.0,2487.0,1365.0,2361.0,1804.0,3428.0,3507.0,1501.0,2027.0,1.0,5.0,1.0
1828.0,2490.0,1364.0,2363.0,1805.0,3428.0,3506.0,1500.0,2027.0,1.0,5.0,1.0
1823.0,2486.0,1361.0,2357.0,1801.0,3425.0,3501.0,1499.0,2023.0,1.0,5.0,1.0
1820.0,2483.0,1359.0,2353.0,1799.0,3423.0,3497.0,1497.0,2019.0,1.0,5.0,1.0
1825.0,2487.0,1361.0,2358.0,1813.0,3407.0,3502.0,1499.0,2021.0,1.0,5.0,1.0
1823.0,2481.0,1358.0,2353.0,1809.0,3404.0,3496.0,1495.0,2016.0,1.0,5.0,1.0
1819.0,2476.0,1355.0,2348.0,1805.0,3401.0,3494.0,1491.0,2010.0,1.0,5.0,1.0
1822.0,2477.0,1355.0,2351.0,1807.0,3402.0,3497.0,1491.0,2010.0,1.0,5.0,1.0
1824.0,2480.0,1355.0,2353.0,1808.0,3403.0,3498.0,1490.0,2010.0,1.0,5.0,1.0
1818.0,2477.0,1352.0,2348.0,1805.0,3397.0,3496.0,1489.0,2008.0,1.0,5.0,1.0
1818.0,2479.0,1351.0,2348.0,1805.0,3394.0,3495.0,1490.0,2008.0,1.0,5.0,1.0
1820.0,2483.0,1352.0,2351.0,1808.0,3394.0,3496.0,1489.0,2010.0,1.0,5.0,1.0
1815.0,2481.0,1351.0,2348.0,1805.0,3389.0,3492.0,1487.0,2007.0,1.0,5.0,1.0
1812.0,2477.0,1349.0,2343.0,1803.0,3386.0,3490.0,1486.0,2004.0,1.0,5.0,1.0
1817.0,2481.0,1351.0,2348.0,1807.0,3389.0,3492.0,1486.0,2005.0,1.0,5.0,1.0
1816.0,2479.0,1351.0,2347.0,1807.0,3390.0,3491.0,1485.0,2004.0,1.0,5.0,1.0
1813.0,2476.0,1350.0,2344.0,1806.0,3389.0,3489.0,1485.0,2004.0,1.0,5.0,1.0
1817.0,2478.0,1352.0,2346.0,1809.0,3391.0,3490.0,1485.0,2004.0,1.0,5.0,1.0
1820.0,2482.0,1354.0,2350.0,1811.0,3392.0,3490.0,1487.0,2006.0,1.0,5.0,1.0
1817.0,2480.0,1354.0,2346.0,1808.0,3389.0,3488.0,1488.0,2005.0,1.0,5.0,1.0
1818.0,2482.0,1354.0,2348.0,1809.0,3389.0,3489.0,1488.0,2006.0,1.0,5.0,1.0
1822.0,2486.0,1355.0,2351.0,1811.0,3390.0,3494.0,1490.0,2007.0,1.0,5.0,1.0
1819.0,2484.0,1354.0,2348.0,1809.0,3389.0,3493.0,1489.0,2007.0,1.0,5.0,1.0
1816.0,2481.0,1353.0,2345.0,1807.0,3389.0,3492.0,1488.0,2004.0,1.0,5.0,1.0
1820.0,2483.0,1354.0,2350.0,1811.0,3393.0,3495.0,1488.0,2006.0,1.0,5.0,1.0
1820.0,2484.0,1355.0,2351.0,1812.0,3395.0,3497.0,1489.0,2006.0,1.0,5.0,1.0
1816.0,2482.0,1355.0,2348.0,1810.0,3394.0,3496.0,1487.0,2004.0,1.0,5.0,1.0
1821.0,2489.0,1358.0,2355.0,1815.0,3398.0,3504.0,1490.0,2008.0,1.0,5.0,1.0
1850.0,2527.0,1385.0,2392.0,1845.0,3436.0,3547.0,1518.0,2041.0,1.0,5.0,1.0
1868.0,2552.0,1406.0,2414.0,1866.0,3461.0,3577.0,1540.0,2064.0,1.0,5.0,1.0
1880.0,2558.0,1415.0,2420.0,1873.0,3466.0,3578.0,1552.0,2082.0,1.0,5.0,1.0
1858.0,2532.0,1395.0,2395.0,1850.0,3439.0,3551.0,1530.0,2057.0,1.0,5.0,1.0
1834.0,2504.0,1373.0,2366.0,1827.0,3410.0,3518.0,1508.0,2029.0,1.0,5.0,1.0
1827.0,2491.0,1363.0,2358.0,1819.0,3400.0,3503.0,1497.0,2016.0,1.0,5.0,1.0
1819.0,2480.0,1354.0,2348.0,1811.0,3391.0,3492.0,1488.0,2004.0,1.0,5.0,1.0
1811.0,2471.0,1348.0,2339.0,1803.0,3383.0,3486.0,1482.0,1995.0,1.0,5.0,1.0
1812.0,2472.0,1347.0,2339.0,1804.0,3382.0,3484.0,1482.0,1995.0,1.0,5.0,1.0
1815.0,2475.0,1348.0,2342.0,1805.0,3382.0,3486.0,1482.0,1996.0,1.0,5.0,1.0
1812.0,2473.0,1347.0,2338.0,1795.0,3380.0,3485.0,1481.0,2021.0,1.0,5.0,1.0
1813.0,2475.0,1348.0,2340.0,1797.0,3382.0,3489.0,1483.0,2022.0,1.0,5.0,1.0
1820.0,2481.0,1352.0,2348.0,1803.0,3389.0,3495.0,1486.0,2028.0,1.0,5.0,1.0
1819.0,2481.0,1353.0,2348.0,1804.0,3393.0,3498.0,1487.0,2028.0,1.0,5.0,1.0
1817.0,2480.0,1354.0,2347.0,1804.0,3394.0,3499.0,1487.0,2028.0,1.0,5.0,1.0
1821.0,2487.0,1356.0,2352.0,1815.0,3396.0,3503.0,1487.0,2004.0,1.0,5.0,1.0
1822.0,2490.0,1355.0,2352.0,1815.0,3394.0,3502.0,1486.0,2004.0,1.0,5.0,1.0
1874.0,2765.0,1421.0,2410.0,2019.0,3293.0,3628.0,1319.0,2101.0,2.0,5.0,1.0
1868.0,2759.0,1413.0,2403.0,2016.0,3287.0,3621.0,1312.0,2089.0,2.0,5.0,1.0
1869.0,2758.0,1410.0,2405.0,2027.0,3286.0,3626.0,1308.0,2086.0,2.0,5.0,1.0
1868.0,2754.0,1407.0,2403.0,2033.0,3283.0,3633.0,1304.0,2083.0,2.0,5.0,1.0
1859.0,2741.0,1401.0,2396.0,2034.0,3277.0,3634.0,1300.0,2078.0,2.0,5.0,1.0
1860.0,2738.0,1399.0,2396.0,2042.0,3276.0,3637.0,1297.0,2079.0,2.0,5.0,1.0
1860.0,2738.0,1397.0,2397.0,2045.0,3276.0,3643.0,1296.0,2078.0,2.0,5.0,1.0
1856.0,2735.0,1393.0,2392.0,2040.0,3274.0,3639.0,1293.0,2073.0,2.0,5.0,1.0
1854.0,2735.0,1391.0,2390.0,2035.0,3273.0,3634.0,1293.0,2069.0,2.0,5.0,1.0
1859.0,2745.0,1392.0,2395.0,2035.0,3276.0,3631.0,1293.0,2067.0,2.0,5.0,1.0
1855.0,2745.0,1390.0,2390.0,2024.0,3273.0,3624.0,1293.0,2061.0,2.0,5.0,1.0
1852.0,2744.0,1389.0,2387.0,2016.0,3271.0,3614.0,1294.0,2055.0,2.0,5.0,1.0
1856.0,2749.0,1392.0,2391.0,2018.0,3274.0,3614.0,1296.0,2055.0,2.0,5.0,1.0
1858.0,2752.0,1392.0,2393.0,2021.0,3275.0,3616.0,1296.0,2054.0,2.0,5.0,1.0
1853.0,2745.0,1391.0,2389.0,2022.0,3271.0,3617.0,1296.0,2053.0,2.0,5.0,1.0
1857.0,2744.0,1393.0,2393.0,2031.0,3274.0,3624.0,1297.0,2057.0,2.0,5.0,1.0
1861.0,2746.0,1395.0,2398.0,2039.0,3275.0,3630.0,1299.0,2062.0,2.0,5.0,1.0
1858.0,2739.0,1394.0,2396.0,2039.0,3272.0,3633.0,1301.0,2063.0,2.0,5.0,1.0
1855.0,2735.0,1393.0,2394.0,2037.0,3270.0,3630.0,1302.0,2062.0,2.0,5.0,1.0
1861.0,2741.0,1396.0,2400.0,2041.0,3274.0,3633.0,1304.0,2065.0,2.0,5.0,1.0
1859.0,2743.0,1394.0,2397.0,2034.0,3273.0,3628.0,1303.0,2061.0,2.0,5.0,1.0
1854.0,2741.0,1393.0,2393.0,2026.0,3270.0,3623.0,1302.0,2056.0,2.0,5.0,1.0
1857.0,2745.0,1391.0,2395.0,2024.0,3271.0,3617.0,1300.0,2052.0,2.0,5.0,1.0
1856.0,2747.0,1391.0,2395.0,2020.0,3271.0,3612.0,1299.0,2049.0,2.0,5.0,1.0
1850.0,2741.0,1387.0,2387.0,2012.0,3266.0,3604.0,1296.0,2041.0,2.0,5.0,1.0
1850.0,2737.0,1385.0,2386.0,2014.0,3263.0,3604.0,1295.0,2040.0,2.0,5.0,1.0
1854.0,2739.0,1386.0,2390.0,2021.0,3264.0,3607.0,1294.0,2043.0,2.0,5.0,1.0
1850.0,2733.0,1384.0,2387.0,2023.0,3262.0,3612.0,1293.0,2043.0,2.0,5.0,1.0
1851.0,2730.0,1384.0,2386.0,2028.0,3262.0,3618.0,1292.0,2045.0,2.0,5.0,1.0
1856.0,2734.0,1386.0,2392.0,2037.0,3266.0,3625.0,1293.0,2050.0,2.0,5.0,1.0
1853.0,2734.0,1385.0,2390.0,2037.0,3266.0,3625.0,1292.0,2050.0,2.0,5.0,1.0
1845.0,2728.0,1380.0,2381.0,2028.0,3261.0,3617.0,1289.0,2043.0,2.0,5.0,1.0
1846.0,2732.0,1379.0,2381.0,2027.0,3262.0,3612.0,1288.0,2042.0,2.0,5.0,1.0
1844.0,2735.0,1377.0,2381.0,2024.0,3262.0,3607.0,1287.0,2040.0,2.0,5.0,1.0
1836.0,2731.0,1374.0,2374.0,2016.0,3256.0,3600.0,1284.0,2033.0,2.0,5.0,1.0
1835.0,2732.0,1374.0,2375.0,2016.0,3256.0,3599.0,1283.0,2031.0,2.0,5.0,1.0
1839.0,2738.0,1376.0,2382.0,2022.0,3259.0,3606.0,1284.0,2033.0,2.0,5.0,1.0
1833.0,2733.0,1375.0,2377.0,2020.0,3256.0,3604.0,1281.0,2030.0,2.0,5.0,1.0
1831.0,2730.0,1374.0,2375.0,2020.0,3255.0,3606.0,1280.0,2030.0,2.0,5.0,1.0
1873.0,2809.0,1220.0,2438.0,2182.0,3029.0,3867.0,1278.0,1773.0,3.0,5.0,1.0
1897.0,2838.0,1239.0,2467.0,2204.0,3066.0,3896.0,1297.0,1801.0,3.0,5.0,1.0
1913.0,2858.0,1254.0,2486.0,2222.0,3091.0,3922.0,1315.0,1819.0,3.0,5.0,1.0
1915.0,2861.0,1258.0,2489.0,2227.0,3088.0,3928.0,1320.0,1819.0,3.0,5.0,1.0
1919.0,2867.0,1258.0,2494.0,2233.0,3083.0,3933.0,1321.0,1815.0,3.0,5.0,1.0
1915.0,2863.0,1254.0,2489.0,2230.0,3075.0,3930.0,1319.0,1806.0,3.0,5.0,1.0
1912.0,2863.0,1256.0,2489.0,2227.0,3080.0,3932.0,1322.0,1805.0,3.0,5.0,1.0
1920.0,2873.0,1264.0,2500.0,2230.0,3099.0,3940.0,1329.0,1814.0,3.0,5.0,1.0
1931.0,2887.0,1274.0,2513.0,2232.0,3123.0,3951.0,1338.0,1828.0,3.0,5.0,1.0
1938.0,2895.0,1283.0,2521.0,2236.0,3138.0,3962.0,1347.0,1838.0,3.0,5.0,1.0
1943.0,2901.0,1288.0,2528.0,2244.0,3140.0,3968.0,1353.0,1843.0,3.0,5.0,1.0
1946.0,2903.0,1287.0,2528.0,2249.0,3131.0,3968.0,1351.0,1842.0,3.0,5.0,1.0
1940.0,2897.0,1281.0,2519.0,2245.0,3118.0,3960.0,1348.0,1837.0,3.0,5.0,1.0
1932.0,2886.0,1277.0,2510.0,2242.0,3107.0,3954.0,1342.0,1831.0,3.0,5.0,1.0
1930.0,2881.0,1271.0,2505.0,2239.0,3101.0,3946.0,1335.0,1828.0,3.0,5.0,1.0
1929.0,2880.0,1269.0,2504.0,2238.0,3100.0,3945.0,1334.0,1829.0,3.0,5.0,1.0
1926.0,2877.0,1268.0,2501.0,2227.0,3099.0,3945.0,1334.0,1855.0,3.0,5.0,1.0
1923.0,2872.0,1264.0,2498.0,2229.0,3088.0,3939.0,1329.0,1847.0,3.0,5.0,1.0
1917.0,2867.0,1255.0,2492.0,2225.0,3074.0,3931.0,1321.0,1833.0,3.0,5.0,1.0
1901.0,2851.0,1244.0,2475.0,2210.0,3057.0,3916.0,1311.0,1814.0,3.0,5.0,1.0
1892.0,2841.0,1238.0,2466.0,2198.0,3049.0,3907.0,1303.0,1800.0,3.0,5.0,1.0
1896.0,2849.0,1243.0,2475.0,2211.0,3059.0,3914.0,1306.0,1771.0,3.0,5.0,1.0
1902.0,2858.0,1249.0,2482.0,2215.0,3071.0,3925.0,1313.0,1775.0,3.0,5.0,1.0
1909.0,2866.0,1258.0,2490.0,2223.0,3083.0,3934.0,1323.0,1784.0,3.0,5.0,1.0
1927.0,2885.0,1269.0,2508.0,2241.0,3100.0,3950.0,1336.0,1800.0,3.0,5.0,1.0
1939.0,2897.0,1278.0,2519.0,2253.0,3110.0,3962.0,1344.0,1814.0,3.0,5.0,1.0
1939.0,2893.0,1277.0,2513.0,2252.0,3108.0,3959.0,1344.0,1822.0,3.0,5.0,1.0
1945.0,2893.0,1278.0,2515.0,2254.0,3111.0,3961.0,1346.0,1832.0,3.0,5.0,1.0
1665.0,2866.0,1034.0,2411.0,2202.0,2882.0,3852.0,1255.0,1642.0,4.0,5.0,1.0
1662.0,2853.0,1028.0,2408.0,2202.0,2877.0,3847.0,1251.0,1646.0,4.0,5.0,1.0
1651.0,2835.0,1015.0,2393.0,2192.0,2860.0,3832.0,1238.0,1634.0,4.0,5.0,1.0
1642.0,2824.0,1008.0,2383.0,2184.0,2851.0,3821.0,1232.0,1617.0,4.0,5.0,1.0
1635.0,2822.0,1003.0,2378.0,2178.0,2845.0,3814.0,1227.0,1597.0,4.0,5.0,1.0
1635.0,2829.0,1000.0,2380.0,2180.0,2845.0,3816.0,1225.0,1584.0,4.0,5.0,1.0
1629.0,2827.0,998.0,2377.0,2176.0,2841.0,3814.0,1223.0,1576.0,4.0,5.0,1.0
1624.0,2823.0,995.0,2372.0,2171.0,2838.0,3809.0,1221.0,1572.0,4.0,5.0,1.0
1627.0,2827.0,997.0,2376.0,2175.0,2840.0,3815.0,1222.0,1576.0,4.0,5.0,1.0
1627.0,2829.0,996.0,2377.0,2176.0,2841.0,3818.0,1223.0,1583.0,4.0,5.0,1.0
1622.0,2827.0,995.0,2372.0,2172.0,2838.0,3814.0,1223.0,1581.0,4.0,5.0,1.0
1624.0,2833.0,994.0,2373.0,2174.0,2840.0,3815.0,1222.0,1573.0,4.0,5.0,1.0
1626.0,2839.0,994.0,2375.0,2178.0,2840.0,3817.0,1222.0,1569.0,4.0,5.0,1.0
1623.0,2835.0,992.0,2369.0,2173.0,2837.0,3811.0,1219.0,1565.0,4.0,5.0,1.0
1623.0,2829.0,991.0,2367.0,2171.0,2835.0,3808.0,1219.0,1565.0,4.0,5.0,1.0
1627.0,2828.0,991.0,2370.0,2173.0,2837.0,3812.0,1220.0,1569.0,4.0,5.0,1.0
1628.0,2825.0,992.0,2369.0,2163.0,2836.0,3812.0,1223.0,1601.0,4.0,5.0,1.0
1627.0,2823.0,993.0,2368.0,2160.0,2836.0,3812.0,1223.0,1596.0,4.0,5.0,1.0
1631.0,2830.0,994.0,2373.0,2167.0,2839.0,3817.0,1226.0,1594.0,4.0,5.0,1.0
1634.0,2838.0,997.0,2377.0,2171.0,2842.0,3822.0,1228.0,1594.0,4.0,5.0,1.0
1633.0,2840.0,999.0,2376.0,2170.0,2842.0,3823.0,1229.0,1594.0,4.0,5.0,1.0
1635.0,2847.0,999.0,2378.0,2181.0,2844.0,3826.0,1229.0,1570.0,4.0,5.0,1.0
1638.0,2855.0,999.0,2382.0,2186.0,2847.0,3828.0,1230.0,1577.0,4.0,5.0,1.0
1636.0,2857.0,998.0,2379.0,2182.0,2844.0,3826.0,1228.0,1574.0,4.0,5.0,1.0
1634.0,2857.0,997.0,2377.0,2180.0,2842.0,3824.0,1227.0,1571.0,4.0,5.0,1.0
1636.0,2861.0,998.0,2381.0,2185.0,2845.0,3828.0,1228.0,1571.0,4.0,5.0,1.0
1636.0,2857.0,997.0,2380.0,2183.0,2844.0,3828.0,1229.0,1569.0,4.0,5.0,1.0
1633.0,2846.0,997.0,2376.0,2180.0,2843.0,3824.0,1229.0,1569.0,4.0,5.0,1.0
1636.0,2843.0,999.0,2379.0,2183.0,2847.0,3826.0,1231.0,1573.0,4.0,5.0,1.0
1637.0,2842.0,1000.0,2382.0,2187.0,2849.0,3826.0,1232.0,1573.0,4.0,5.0,1.0
1634.0,2835.0,998.0,2375.0,2181.0,2845.0,3817.0,1229.0,1567.0,4.0,5.0,1.0
1638.0,2843.0,1001.0,2380.0,2187.0,2851.0,3820.0,1231.0,1571.0,4.0,5.0,1.0
1645.0,2858.0,1008.0,2390.0,2194.0,2859.0,3826.0,1237.0,1578.0,4.0,5.0,1.0
1645.0,2862.0,1009.0,2391.0,2194.0,2861.0,3826.0,1239.0,1581.0,4.0,5.0,1.0
1601.0,2955.0,1015.0,2263.0,2217.0,2854.0,3848.0,1238.0,1301.0,5.0,5.0,1.0
1595.0,2950.0,1011.0,2258.0,2212.0,2850.0,3844.0,1235.0,1294.0,5.0,5.0,1.0
1597.0,2947.0,1009.0,2256.0,2211.0,2850.0,3844.0,1233.0,1289.0,5.0,5.0,1.0
1596.0,2937.0,1006.0,2249.0,2205.0,2848.0,3841.0,1231.0,1286.0,5.0,5.0,1.0
1595.0,2921.0,1003.0,2241.0,2195.0,2845.0,3837.0,1229.0,1281.0,5.0,5.0,1.0
1598.0,2911.0,1002.0,2239.0,2194.0,2845.0,3835.0,1228.0,1280.0,5.0,5.0,1.0
1599.0,2905.0,999.0,2237.0,2194.0,2844.0,3834.0,1226.0,1277.0,5.0,5.0,1.0
1594.0,2896.0,996.0,2231.0,2189.0,2840.0,3830.0,1223.0,1272.0,5.0,5.0,1.0
1592.0,2896.0,993.0,2228.0,2187.0,2838.0,3828.0,1221.0,1269.0,5.0,5.0,1.0
1592.0,2906.0,991.0,2231.0,2191.0,2838.0,3829.0,1219.0,1266.0,5.0,5.0,1.0
1588.0,2913.0,989.0,2230.0,2189.0,2835.0,3828.0,1216.0,1264.0,5.0,5.0,1.0
1585.0,2919.0,988.0,2230.0,2187.0,2833.0,3828.0,1216.0,1263.0,5.0,5.0,1.0
1588.0,2930.0,989.0,2236.0,2191.0,2836.0,3831.0,1217.0,1263.0,5.0,5.0,1.0
1587.0,2931.0,988.0,2234.0,2188.0,2834.0,3831.0,1217.0,1262.0,5.0,5.0,1.0
1584.0,2923.0,987.0,2229.0,2183.0,2832.0,3826.0,1215.0,1261.0,5.0,5.0,1.0
1587.0,2917.0,987.0,2226.0,2183.0,2833.0,3826.0,1216.0,1261.0,5.0,5.0,1.0
1590.0,2912.0,988.0,2226.0,2185.0,2835.0,3825.0,1217.0,1261.0,5.0,5.0,1.0
1587.0,2901.0,987.0,2219.0,2180.0,2833.0,3819.0,1216.0,1260.0,5.0,5.0,1.0
1586.0,2894.0,987.0,2218.0,2181.0,2832.0,3817.0,1214.0,1259.0,5.0,5.0,1.0
1589.0,2899.0,988.0,2222.0,2185.0,2834.0,3821.0,1216.0,1259.0,5.0,5.0,1.0
1585.0,2899.0,987.0,2220.0,2183.0,2832.0,3818.0,1216.0,1259.0,5.0,5.0,1.0
1581.0,2900.0,986.0,2218.0,2181.0,2830.0,3818.0,1215.0,1258.0,5.0,5.0,1.0
1582.0,2908.0,986.0,2222.0,2184.0,2830.0,3819.0,1216.0,1257.0,5.0,5.0,1.0
1584.0,2917.0,988.0,2225.0,2186.0,2832.0,3822.0,1217.0,1259.0,5.0,5.0,1.0
1583.0,2919.0,988.0,2225.0,2188.0,2831.0,3821.0,1218.0,1259.0,5.0,5.0,1.0
1586.0,2924.0,990.0,2230.0,2193.0,2834.0,3824.0,1220.0,1260.0,5.0,5.0,1.0
1588.0,2927.0,993.0,2233.0,2197.0,2836.0,3827.0,1221.0,1262.0,5.0,5.0,1.0
1587.0,2921.0,993.0,2231.0,2195.0,2835.0,3827.0,1221.0,1263.0,5.0,5.0,1.0
1586.0,2915.0,993.0,2229.0,2196.0,2835.0,3826.0,1221.0,1263.0,5.0,5.0,1.0
1589.0,2914.0,995.0,2232.0,2198.0,2837.0,3828.0,1223.0,1265.0,5.0,5.0,1.0
1587.0,2911.0,994.0,2229.0,2194.0,2837.0,3828.0,1222.0,1264.0,5.0,5.0,1.0
1585.0,2905.0,992.0,2225.0,2190.0,2835.0,3825.0,1220.0,1262.0,5.0,5.0,1.0
1585.0,2909.0,993.0,2228.0,2193.0,2837.0,3829.0,1222.0,1263.0,5.0,5.0,1.0
1585.0,2912.0,993.0,2229.0,2193.0,2838.0,3829.0,1222.0,1262.0,5.0,5.0,1.0
1581.0,2910.0,991.0,2225.0,2189.0,2835.0,3827.0,1221.0,1261.0,5.0,5.0,1.0
1583.0,2912.0,991.0,2227.0,2191.0,2834.0,3826.0,1221.0,1261.0,5.0,5.0,1.0
1591.0,2927.0,998.0,2239.0,2201.0,2845.0,3837.0,1228.0,1268.0,5.0,5.0,1.0
1592.0,2928.0,999.0,2239.0,2198.0,2845.0,3837.0,1229.0,1268.0,5.0,5.0,1.0
1593.0,2925.0,999.0,2237.0,2199.0,2845.0,3836.0,1230.0,1270.0,5.0,5.0,1.0
1595.0,2926.0,999.0,2239.0,2188.0,2866.0,3838.0,1230.0,1269.0,5.0,5.0,1.0
1594.0,2923.0,997.0,2235.0,2185.0,2865.0,3836.0,1228.0,1267.0,5.0,5.0,1.0
1587.0,2908.0,991.0,2223.0,2176.0,2855.0,3824.0,1222.0,1261.0,5.0,5.0,1.0
1273.0,2757.0,1000.0,1999.0,2255.0,2841.0,3816.0,1223.0,1281.0,6.0,5.0,1.0
1277.0,2765.0,1001.0,2006.0,2254.0,2847.0,3826.0,1227.0,1281.0,6.0,5.0,1.0
1278.0,2770.0,1001.0,2012.0,2257.0,2851.0,3836.0,1229.0,1280.0,6.0,5.0,1.0
1277.0,2768.0,1002.0,2012.0,2258.0,2851.0,3834.0,1229.0,1280.0,6.0,5.0,1.0
1279.0,2765.0,1003.0,2010.0,2267.0,2853.0,3831.0,1231.0,1279.0,6.0,5.0,1.0
1282.0,2764.0,1005.0,2009.0,2282.0,2856.0,3831.0,1233.0,1281.0,6.0,5.0,1.0
1278.0,2755.0,1002.0,2000.0,2283.0,2849.0,3822.0,1230.0,1277.0,6.0,5.0,1.0
1276.0,2748.0,1000.0,1993.0,2282.0,2844.0,3811.0,1227.0,1274.0,6.0,5.0,1.0
1277.0,2749.0,999.0,1995.0,2285.0,2844.0,3814.0,1228.0,1272.0,6.0,5.0,1.0
1275.0,2752.0,998.0,1997.0,2280.0,2843.0,3818.0,1226.0,1271.0,6.0,5.0,1.0
1271.0,2751.0,996.0,1994.0,2266.0,2839.0,3819.0,1225.0,1268.0,6.0,5.0,1.0
1272.0,2754.0,995.0,1994.0,2259.0,2840.0,3821.0,1225.0,1267.0,6.0,5.0,1.0
1272.0,2756.0,995.0,1994.0,2256.0,2839.0,3822.0,1224.0,1267.0,6.0,5.0,1.0
1270.0,2753.0,994.0,1992.0,2252.0,2836.0,3818.0,1222.0,1265.0,6.0,5.0,1.0
1270.0,2751.0,994.0,1992.0,2257.0,2837.0,3813.0,1222.0,1265.0,6.0,5.0,1.0
1273.0,2751.0,995.0,1993.0,2268.0,2838.0,3813.0,1224.0,1265.0,6.0,5.0,1.0
1271.0,2747.0,994.0,1989.0,2270.0,2836.0,3811.0,1222.0,1264.0,6.0,5.0,1.0
1271.0,2744.0,994.0,1986.0,2272.0,2836.0,3810.0,1222.0,1264.0,6.0,5.0,1.0
1273.0,2747.0,995.0,1989.0,2276.0,2840.0,3814.0,1224.0,1265.0,6.0,5.0,1.0
1273.0,2749.0,993.0,1989.0,2272.0,2839.0,3816.0,1223.0,1265.0,6.0,5.0,1.0
1271.0,2747.0,992.0,1987.0,2262.0,2837.0,3814.0,1221.0,1263.0,6.0,5.0,1.0
1271.0,2748.0,991.0,1988.0,2247.0,2857.0,3815.0,1221.0,1262.0,6.0,5.0,1.0
1269.0,2750.0,990.0,1987.0,2245.0,2856.0,3815.0,1220.0,1261.0,6.0,5.0,1.0
1265.0,2745.0,987.0,1981.0,2238.0,2852.0,3809.0,1216.0,1258.0,6.0,5.0,1.0
1265.0,2741.0,985.0,1979.0,2238.0,2849.0,3806.0,1216.0,1257.0,6.0,5.0,1.0
1265.0,2740.0,985.0,1979.0,2246.0,2850.0,3803.0,1216.0,1256.0,6.0,5.0,1.0
1264.0,2736.0,984.0,1975.0,2259.0,2827.0,3798.0,1214.0,1256.0,6.0,5.0,1.0
1264.0,2732.0,983.0,1973.0,2259.0,2826.0,3795.0,1214.0,1256.0,6.0,5.0,1.0
1267.0,2735.0,985.0,1977.0,2265.0,2831.0,3798.0,1217.0,1259.0,6.0,5.0,1.0
1267.0,2739.0,987.0,1978.0,2264.0,2832.0,3799.0,1217.0,1259.0,6.0,5.0,1.0
1265.0,2737.0,986.0,1977.0,2256.0,2830.0,3799.0,1217.0,1259.0,6.0,5.0,1.0
1266.0,2741.0,987.0,1980.0,2255.0,2832.0,3804.0,1219.0,1260.0,6.0,5.0,1.0
1267.0,2744.0,988.0,1983.0,2257.0,2834.0,3806.0,1219.0,1260.0,6.0,5.0,1.0
1267.0,2744.0,989.0,1981.0,2256.0,2833.0,3806.0,1219.0,1259.0,6.0,5.0,1.0
1269.0,2744.0,991.0,1982.0,2260.0,2837.0,3809.0,1222.0,1262.0,6.0,5.0,1.0
1272.0,2748.0,994.0,1985.0,2273.0,2844.0,3813.0,1224.0,1265.0,6.0,5.0,1.0
1273.0,2749.0,996.0,1984.0,2280.0,2847.0,3812.0,1225.0,1266.0,6.0,5.0,1.0
1273.0,2747.0,998.0,1984.0,2284.0,2850.0,3812.0,1227.0,1268.0,6.0,5.0,1.0
1276.0,2749.0,1000.0,1985.0,2290.0,2854.0,3818.0,1229.0,1271.0,6.0,5.0,1.0
1279.0,2755.0,1002.0,1988.0,2295.0,2857.0,3821.0,1231.0,1273.0,6.0,5.0,1.0
1281.0,2756.0,1004.0,1989.0,2293.0,2858.0,3823.0,1232.0,1273.0,6.0,5.0,1.0
1282.0,2759.0,1005.0,1993.0,2293.0,2860.0,3827.0,1235.0,1275.0,6.0,5.0,1.0
1282.0,2623.0,1019.0,1894.0,2228.0,2858.0,3694.0,1240.0,1305.0,7.0,5.0,1.0
1274.0,2613.0,1010.0,1887.0,2203.0,2871.0,3687.0,1233.0,1292.0,7.0,5.0,1.0
1274.0,2615.0,1007.0,1888.0,2204.0,2874.0,3689.0,1233.0,1288.0,7.0,5.0,1.0
1275.0,2616.0,1006.0,1887.0,2203.0,2875.0,3691.0,1233.0,1285.0,7.0,5.0,1.0
1271.0,2608.0,1001.0,1882.0,2196.0,2870.0,3687.0,1230.0,1280.0,7.0,5.0,1.0
1272.0,2608.0,1000.0,1881.0,2196.0,2871.0,3686.0,1230.0,1277.0,7.0,5.0,1.0
1274.0,2610.0,1000.0,1883.0,2211.0,2854.0,3689.0,1231.0,1278.0,7.0,5.0,1.0
1272.0,2605.0,998.0,1878.0,2205.0,2848.0,3685.0,1230.0,1275.0,7.0,5.0,1.0
1270.0,2603.0,996.0,1877.0,2204.0,2846.0,3681.0,1229.0,1273.0,7.0,5.0,1.0
1273.0,2609.0,999.0,1882.0,2213.0,2852.0,3687.0,1232.0,1275.0,7.0,5.0,1.0
1276.0,2613.0,1001.0,1887.0,2218.0,2857.0,3691.0,1236.0,1279.0,7.0,5.0,1.0
1281.0,2619.0,1007.0,1893.0,2227.0,2864.0,3696.0,1242.0,1286.0,7.0,5.0,1.0
1290.0,2631.0,1016.0,1904.0,2240.0,2878.0,3705.0,1251.0,1294.0,7.0,5.0,1.0
1300.0,2644.0,1026.0,1918.0,2252.0,2894.0,3718.0,1261.0,1304.0,7.0,5.0,1.0
1306.0,2652.0,1033.0,1926.0,2257.0,2905.0,3724.0,1269.0,1312.0,7.0,5.0,1.0
1311.0,2657.0,1038.0,1931.0,2261.0,2910.0,3728.0,1274.0,1317.0,7.0,5.0,1.0
1305.0,2646.0,1031.0,1920.0,2248.0,2897.0,3715.0,1265.0,1307.0,7.0,5.0,1.0
1294.0,2631.0,1020.0,1903.0,2231.0,2878.0,3700.0,1251.0,1295.0,7.0,5.0,1.0
1283.0,2614.0,1009.0,1888.0,2216.0,2859.0,3684.0,1238.0,1281.0,7.0,5.0,1.0
1273.0,2602.0,998.0,1875.0,2205.0,2842.0,3674.0,1225.0,1267.0,7.0,5.0,1.0
1262.0,2588.0,988.0,1861.0,2193.0,2826.0,3662.0,1213.0,1254.0,7.0,5.0,1.0
1261.0,2590.0,988.0,1863.0,2197.0,2829.0,3668.0,1214.0,1255.0,7.0,5.0,1.0
1267.0,2601.0,994.0,1874.0,2211.0,2841.0,3680.0,1222.0,1262.0,7.0,5.0,1.0
1268.0,2603.0,995.0,1876.0,2215.0,2843.0,3684.0,1223.0,1262.0,7.0,5.0,1.0
1266.0,2601.0,994.0,1874.0,2214.0,2842.0,3682.0,1223.0,1262.0,7.0,5.0,1.0
1267.0,2603.0,995.0,1876.0,2216.0,2845.0,3685.0,1225.0,1264.0,7.0,5.0,1.0
1267.0,2605.0,995.0,1876.0,2217.0,2846.0,3687.0,1225.0,1264.0,7.0,5.0,1.0
1275.0,2619.0,1004.0,1889.0,2224.0,2863.0,3705.0,1236.0,1275.0,7.0,5.0,1.0
1291.0,2645.0,1021.0,1913.0,2245.0,2893.0,3733.0,1255.0,1294.0,7.0,5.0,1.0
1309.0,2671.0,1037.0,1937.0,2269.0,2923.0,3765.0,1275.0,1314.0,7.0,5.0,1.0
1323.0,2691.0,1052.0,1955.0,2285.0,2945.0,3786.0,1289.0,1330.0,7.0,5.0,1.0
1276.0,2262.0,1009.0,1890.0,2223.0,2853.0,3674.0,1233.0,1292.0,8.0,5.0,1.0
1272.0,2256.0,1004.0,1886.0,2217.0,2848.0,3663.0,1228.0,1284.0,8.0,5.0,1.0
1272.0,2254.0,1001.0,1885.0,2218.0,2847.0,3658.0,1226.0,1279.0,8.0,5.0,1.0
1269.0,2251.0,998.0,1882.0,2214.0,2844.0,3654.0,1224.0,1274.0,8.0,5.0,1.0
1267.0,2248.0,995.0,1877.0,2210.0,2840.0,3650.0,1222.0,1270.0,8.0,5.0,1.0
1268.0,2249.0,994.0,1877.0,2211.0,2840.0,3651.0,1222.0,1268.0,8.0,5.0,1.0
1268.0,2249.0,994.0,1877.0,2212.0,2841.0,3655.0,1222.0,1267.0,8.0,5.0,1.0
1266.0,2247.0,992.0,1873.0,2208.0,2838.0,3655.0,1221.0,1265.0,8.0,5.0,1.0
1264.0,2245.0,989.0,1871.0,2205.0,2836.0,3658.0,1219.0,1263.0,8.0,5.0,1.0
1264.0,2245.0,988.0,1870.0,2206.0,2835.0,3662.0,1218.0,1260.0,8.0,5.0,1.0
1259.0,2239.0,984.0,1865.0,2199.0,2830.0,3660.0,1213.0,1256.0,8.0,5.0,1.0
1256.0,2235.0,981.0,1860.0,2193.0,2826.0,3657.0,1210.0,1252.0,8.0,5.0,1.0
1255.0,2235.0,981.0,1861.0,2193.0,2826.0,3656.0,1209.0,1251.0,8.0,5.0,1.0
1255.0,2235.0,980.0,1860.0,2194.0,2826.0,3655.0,1209.0,1250.0,8.0,5.0,1.0
1253.0,2232.0,980.0,1858.0,2190.0,2823.0,3647.0,1207.0,1249.0,8.0,5.0,1.0
1265.0,2250.0,992.0,1877.0,2209.0,2846.0,3663.0,1222.0,1262.0,8.0,5.0,1.0
1268.0,2255.0,995.0,1880.0,2215.0,2850.0,3661.0,1225.0,1266.0,8.0,5.0,1.0
1267.0,2253.0,993.0,1878.0,2213.0,2848.0,3656.0,1225.0,1265.0,8.0,5.0,1.0
1268.0,2253.0,994.0,1880.0,2213.0,2851.0,3659.0,1226.0,1265.0,8.0,5.0,1.0
1269.0,2255.0,996.0,1883.0,2217.0,2854.0,3665.0,1228.0,1266.0,8.0,5.0,1.0
1257.0,2239.0,984.0,1865.0,2199.0,2833.0,3650.0,1214.0,1252.0,8.0,5.0,1.0
1255.0,2235.0,981.0,1862.0,2195.0,2830.0,3654.0,1211.0,1248.0,8.0,5.0,1.0
1256.0,2237.0,983.0,1864.0,2198.0,2832.0,3661.0,1212.0,1250.0,8.0,5.0,1.0
1255.0,2237.0,983.0,1864.0,2196.0,2831.0,3662.0,1212.0,1249.0,8.0,5.0,1.0
1256.0,2237.0,984.0,1863.0,2186.0,2830.0,3665.0,1214.0,1281.0,8.0,5.0,1.0
1260.0,2241.0,987.0,1868.0,2192.0,2836.0,3668.0,1219.0,1285.0,8.0,5.0,1.0
1263.0,2245.0,990.0,1872.0,2197.0,2840.0,3670.0,1222.0,1289.0,8.0,5.0,1.0
1263.0,2245.0,990.0,1871.0,2196.0,2840.0,3665.0,1222.0,1289.0,8.0,5.0,1.0
1264.0,2246.0,992.0,1872.0,2198.0,2841.0,3661.0,1222.0,1289.0,8.0,5.0,1.0
1264.0,2247.0,991.0,1873.0,2210.0,2842.0,3657.0,1221.0,1259.0,8.0,5.0,1.0
1262.0,2243.0,989.0,1870.0,2207.0,2838.0,3649.0,1218.0,1256.0,8.0,5.0,1.0
1265.0,2248.0,992.0,1874.0,2210.0,2843.0,3652.0,1223.0,1260.0,8.0,5.0,1.0
1292.0,2285.0,1017.0,1909.0,2248.0,2887.0,3691.0,1252.0,1288.0,8.0,5.0,1.0
1637.0,2595.0,1564.0,2395.0,1766.0,3288.0,3553.0,1550.0,1926.0,1.0,6.0,1.0
1636.0,2592.0,1563.0,2392.0,1762.0,3286.0,3553.0,1549.0,1928.0,1.0,6.0,1.0
1637.0,2589.0,1561.0,2389.0,1762.0,3285.0,3553.0,1549.0,1930.0,1.0,6.0,1.0
1644.0,2597.0,1565.0,2397.0,1766.0,3293.0,3561.0,1551.0,1936.0,1.0,6.0,1.0
1646.0,2599.0,1567.0,2399.0,1767.0,3295.0,3567.0,1553.0,1936.0,1.0,6.0,1.0
1644.0,2596.0,1566.0,2396.0,1765.0,3294.0,3568.0,1553.0,1932.0,1.0,6.0,1.0
1646.0,2599.0,1566.0,2399.0,1756.0,3316.0,3568.0,1552.0,1929.0,1.0,6.0,1.0
1647.0,2602.0,1568.0,2400.0,1756.0,3318.0,3570.0,1552.0,1926.0,1.0,6.0,1.0
1641.0,2593.0,1562.0,2392.0,1750.0,3310.0,3562.0,1549.0,1920.0,1.0,6.0,1.0
1639.0,2590.0,1560.0,2389.0,1749.0,3307.0,3558.0,1546.0,1918.0,1.0,6.0,1.0
1640.0,2591.0,1560.0,2392.0,1750.0,3307.0,3557.0,1544.0,1919.0,1.0,6.0,1.0
1635.0,2587.0,1557.0,2386.0,1757.0,3282.0,3553.0,1542.0,1917.0,1.0,6.0,1.0
1631.0,2581.0,1554.0,2381.0,1755.0,3277.0,3548.0,1540.0,1915.0,1.0,6.0,1.0
1634.0,2585.0,1556.0,2385.0,1758.0,3279.0,3548.0,1540.0,1917.0,1.0,6.0,1.0
1634.0,2586.0,1555.0,2385.0,1758.0,3280.0,3548.0,1541.0,1917.0,1.0,6.0,1.0
1630.0,2581.0,1552.0,2379.0,1755.0,3276.0,3545.0,1539.0,1912.0,1.0,6.0,1.0
1634.0,2584.0,1553.0,2382.0,1757.0,3277.0,3546.0,1540.0,1912.0,1.0,6.0,1.0
1637.0,2587.0,1554.0,2383.0,1758.0,3279.0,3547.0,1540.0,1911.0,1.0,6.0,1.0
1632.0,2580.0,1551.0,2377.0,1753.0,3274.0,3544.0,1537.0,1905.0,1.0,6.0,1.0
1632.0,2577.0,1550.0,2375.0,1751.0,3271.0,3543.0,1535.0,1902.0,1.0,6.0,1.0
1637.0,2581.0,1550.0,2378.0,1754.0,3272.0,3544.0,1535.0,1903.0,1.0,6.0,1.0
1633.0,2575.0,1548.0,2373.0,1749.0,3267.0,3540.0,1533.0,1900.0,1.0,6.0,1.0
1631.0,2573.0,1547.0,2370.0,1748.0,3265.0,3537.0,1533.0,1900.0,1.0,6.0,1.0
1637.0,2582.0,1552.0,2379.0,1755.0,3272.0,3544.0,1538.0,1906.0,1.0,6.0,1.0
1639.0,2584.0,1555.0,2380.0,1756.0,3276.0,3546.0,1540.0,1907.0,1.0,6.0,1.0
1644.0,2590.0,1562.0,2387.0,1763.0,3285.0,3557.0,1548.0,1913.0,1.0,6.0,1.0
1668.0,2619.0,1587.0,2420.0,1785.0,3318.0,3588.0,1572.0,1935.0,1.0,6.0,1.0
1680.0,2633.0,1599.0,2434.0,1795.0,3333.0,3603.0,1583.0,1946.0,1.0,6.0,1.0
1679.0,2629.0,1598.0,2430.0,1793.0,3330.0,3598.0,1583.0,1945.0,1.0,6.0,1.0
1708.0,2667.0,1628.0,2471.0,1827.0,3375.0,3643.0,1617.0,1978.0,1.0,6.0,1.0
1657.0,2657.0,1441.0,2452.0,1983.0,3274.0,3689.0,1301.0,1878.0,2.0,6.0,1.0
1647.0,2710.0,1421.0,2502.0,1962.0,3226.0,3676.0,1266.0,1846.0,2.0,6.0,1.0
1633.0,2677.0,1396.0,2464.0,1947.0,3213.0,3658.0,1250.0,1825.0,2.0,6.0,1.0
1630.0,2657.0,1384.0,2442.0,1945.0,3215.0,3651.0,1246.0,1817.0,2.0,6.0,1.0
1626.0,2637.0,1381.0,2421.0,1940.0,3218.0,3644.0,1246.0,1811.0,2.0,6.0,1.0
1623.0,2621.0,1382.0,2407.0,1935.0,3218.0,3638.0,1245.0,1806.0,2.0,6.0,1.0
1625.0,2620.0,1383.0,2409.0,1939.0,3220.0,3641.0,1246.0,1806.0,2.0,6.0,1.0
1625.0,2625.0,1379.0,2413.0,1939.0,3216.0,3639.0,1244.0,1805.0,2.0,6.0,1.0
1621.0,2633.0,1374.0,2419.0,1936.0,3206.0,3636.0,1241.0,1802.0,2.0,6.0,1.0
1623.0,2650.0,1374.0,2439.0,1937.0,3199.0,3639.0,1240.0,1802.0,2.0,6.0,1.0
1624.0,2669.0,1377.0,2462.0,1937.0,3190.0,3641.0,1240.0,1804.0,2.0,6.0,1.0
1620.0,2680.0,1383.0,2475.0,1931.0,3177.0,3637.0,1238.0,1801.0,2.0,6.0,1.0
1621.0,2690.0,1391.0,2489.0,1930.0,3171.0,3640.0,1238.0,1802.0,2.0,6.0,1.0
1624.0,2697.0,1396.0,2498.0,1933.0,3172.0,3643.0,1239.0,1804.0,2.0,6.0,1.0
1619.0,2688.0,1390.0,2485.0,1928.0,3171.0,3637.0,1236.0,1800.0,2.0,6.0,1.0
1616.0,2675.0,1382.0,2465.0,1925.0,3175.0,3633.0,1235.0,1795.0,2.0,6.0,1.0
1617.0,2662.0,1375.0,2448.0,1928.0,3185.0,3631.0,1234.0,1795.0,2.0,6.0,1.0
1614.0,2642.0,1369.0,2424.0,1926.0,3192.0,3625.0,1233.0,1791.0,2.0,6.0,1.0
1609.0,2620.0,1364.0,2400.0,1921.0,3194.0,3618.0,1233.0,1786.0,2.0,6.0,1.0
1611.0,2611.0,1366.0,2394.0,1924.0,3201.0,3618.0,1236.0,1788.0,2.0,6.0,1.0
1613.0,2609.0,1367.0,2394.0,1927.0,3203.0,3618.0,1236.0,1789.0,2.0,6.0,1.0
1609.0,2608.0,1365.0,2393.0,1922.0,3198.0,3617.0,1235.0,1786.0,2.0,6.0,1.0
1609.0,2619.0,1365.0,2405.0,1923.0,3194.0,3617.0,1235.0,1787.0,2.0,6.0,1.0
1611.0,2638.0,1368.0,2424.0,1924.0,3189.0,3619.0,1234.0,1788.0,2.0,6.0,1.0
1607.0,2649.0,1369.0,2437.0,1921.0,3180.0,3617.0,1232.0,1786.0,2.0,6.0,1.0
1605.0,2659.0,1373.0,2449.0,1917.0,3172.0,3615.0,1231.0,1784.0,2.0,6.0,1.0
1607.0,2670.0,1377.0,2462.0,1919.0,3168.0,3618.0,1230.0,1785.0,2.0,6.0,1.0
1605.0,2671.0,1377.0,2461.0,1916.0,3165.0,3617.0,1230.0,1784.0,2.0,6.0,1.0
1601.0,2661.0,1372.0,2449.0,1914.0,3164.0,3613.0,1230.0,1782.0,2.0,6.0,1.0
1604.0,2653.0,1368.0,2437.0,1915.0,3170.0,3611.0,1230.0,1783.0,2.0,6.0,1.0
1606.0,2641.0,1364.0,2422.0,1909.0,3177.0,3611.0,1233.0,1812.0,2.0,6.0,1.0
1604.0,2624.0,1362.0,2402.0,1906.0,3182.0,3607.0,1235.0,1811.0,2.0,6.0,1.0
1607.0,2612.0,1364.0,2394.0,1910.0,3188.0,3606.0,1237.0,1813.0,2.0,6.0,1.0
1611.0,2608.0,1368.0,2393.0,1913.0,3195.0,3608.0,1239.0,1816.0,2.0,6.0,1.0
1610.0,2606.0,1370.0,2392.0,1913.0,3195.0,3608.0,1241.0,1816.0,2.0,6.0,1.0
1610.0,2611.0,1370.0,2398.0,1922.0,3192.0,3607.0,1239.0,1788.0,2.0,6.0,1.0
1613.0,2625.0,1370.0,2412.0,1925.0,3189.0,3611.0,1239.0,1790.0,2.0,6.0,1.0
1616.0,2642.0,1374.0,2429.0,1928.0,3189.0,3615.0,1241.0,1794.0,2.0,6.0,1.0
1627.0,2666.0,1389.0,2456.0,1939.0,3198.0,3630.0,1253.0,1808.0,2.0,6.0,1.0
1656.0,2712.0,1423.0,2508.0,1973.0,3232.0,3671.0,1279.0,1841.0,2.0,6.0,1.0
1631.0,2766.0,1233.0,2513.0,2156.0,2991.0,3665.0,1238.0,1838.0,3.0,6.0,1.0
1623.0,2756.0,1233.0,2509.0,2140.0,3004.0,3657.0,1231.0,1822.0,3.0,6.0,1.0
1621.0,2754.0,1231.0,2510.0,2138.0,3007.0,3657.0,1227.0,1813.0,3.0,6.0,1.0
1617.0,2753.0,1218.0,2506.0,2140.0,2991.0,3654.0,1223.0,1804.0,3.0,6.0,1.0
1608.0,2746.0,1201.0,2494.0,2140.0,2964.0,3647.0,1218.0,1792.0,3.0,6.0,1.0
1605.0,2744.0,1185.0,2490.0,2147.0,2943.0,3645.0,1214.0,1784.0,3.0,6.0,1.0
1607.0,2747.0,1178.0,2494.0,2156.0,2934.0,3647.0,1213.0,1781.0,3.0,6.0,1.0
1603.0,2742.0,1174.0,2492.0,2152.0,2932.0,3643.0,1212.0,1775.0,3.0,6.0,1.0
1603.0,2741.0,1177.0,2494.0,2150.0,2941.0,3642.0,1211.0,1774.0,3.0,6.0,1.0
1608.0,2745.0,1182.0,2501.0,2153.0,2951.0,3645.0,1212.0,1775.0,3.0,6.0,1.0
1606.0,2744.0,1181.0,2497.0,2151.0,2949.0,3642.0,1211.0,1773.0,3.0,6.0,1.0
1602.0,2739.0,1174.0,2487.0,2147.0,2939.0,3638.0,1211.0,1770.0,3.0,6.0,1.0
1605.0,2744.0,1172.0,2487.0,2153.0,2935.0,3641.0,1212.0,1771.0,3.0,6.0,1.0
1604.0,2744.0,1171.0,2484.0,2152.0,2932.0,3638.0,1211.0,1768.0,3.0,6.0,1.0
1600.0,2736.0,1170.0,2478.0,2143.0,2934.0,3634.0,1209.0,1763.0,3.0,6.0,1.0
1602.0,2735.0,1174.0,2480.0,2143.0,2941.0,3632.0,1209.0,1763.0,3.0,6.0,1.0
1604.0,2737.0,1179.0,2485.0,2144.0,2945.0,3632.0,1208.0,1762.0,3.0,6.0,1.0
1602.0,2733.0,1177.0,2481.0,2132.0,2939.0,3628.0,1209.0,1788.0,3.0,6.0,1.0
1604.0,2734.0,1176.0,2483.0,2138.0,2934.0,3629.0,1211.0,1790.0,3.0,6.0,1.0
1609.0,2743.0,1176.0,2490.0,2149.0,2932.0,3636.0,1215.0,1795.0,3.0,6.0,1.0
1608.0,2742.0,1174.0,2490.0,2148.0,2931.0,3636.0,1216.0,1796.0,3.0,6.0,1.0
1608.0,2742.0,1177.0,2490.0,2147.0,2936.0,3639.0,1219.0,1798.0,3.0,6.0,1.0
1611.0,2748.0,1182.0,2496.0,2159.0,2945.0,3644.0,1220.0,1771.0,3.0,6.0,1.0
1610.0,2747.0,1182.0,2494.0,2156.0,2945.0,3646.0,1219.0,1770.0,3.0,6.0,1.0
1605.0,2740.0,1178.0,2485.0,2151.0,2939.0,3640.0,1217.0,1767.0,3.0,6.0,1.0
1607.0,2744.0,1177.0,2486.0,2155.0,2937.0,3645.0,1218.0,1769.0,3.0,6.0,1.0
1609.0,2747.0,1176.0,2490.0,2159.0,2938.0,3646.0,1219.0,1770.0,3.0,6.0,1.0
1606.0,2743.0,1175.0,2487.0,2155.0,2938.0,3642.0,1218.0,1769.0,3.0,6.0,1.0
1607.0,2744.0,1178.0,2492.0,2157.0,2943.0,3643.0,1220.0,1770.0,3.0,6.0,1.0
1611.0,2749.0,1181.0,2500.0,2162.0,2948.0,3648.0,1223.0,1773.0,3.0,6.0,1.0
1609.0,2745.0,1180.0,2498.0,2160.0,2944.0,3647.0,1222.0,1771.0,3.0,6.0,1.0
1607.0,2743.0,1178.0,2495.0,2158.0,2939.0,3645.0,1221.0,1769.0,3.0,6.0,1.0
1610.0,2746.0,1177.0,2498.0,2163.0,2938.0,3647.0,1220.0,1770.0,3.0,6.0,1.0
1624.0,2802.0,1012.0,2403.0,2235.0,2842.0,3678.0,1229.0,1500.0,4.0,6.0,1.0
1618.0,2800.0,1006.0,2395.0,2228.0,2837.0,3673.0,1225.0,1487.0,4.0,6.0,1.0
1612.0,2795.0,1001.0,2388.0,2223.0,2832.0,3668.0,1222.0,1481.0,4.0,6.0,1.0
1613.0,2799.0,998.0,2389.0,2226.0,2832.0,3667.0,1222.0,1479.0,4.0,6.0,1.0
1611.0,2799.0,996.0,2388.0,2224.0,2830.0,3663.0,1221.0,1477.0,4.0,6.0,1.0
1606.0,2794.0,995.0,2383.0,2220.0,2828.0,3658.0,1220.0,1473.0,4.0,6.0,1.0
1604.0,2793.0,992.0,2381.0,2220.0,2826.0,3656.0,1218.0,1468.0,4.0,6.0,1.0
1603.0,2791.0,990.0,2381.0,2220.0,2824.0,3654.0,1216.0,1464.0,4.0,6.0,1.0
1596.0,2781.0,988.0,2376.0,2212.0,2820.0,3647.0,1213.0,1458.0,4.0,6.0,1.0
1593.0,2774.0,986.0,2376.0,2208.0,2817.0,3645.0,1210.0,1456.0,4.0,6.0,1.0
1594.0,2773.0,984.0,2380.0,2210.0,2816.0,3645.0,1209.0,1455.0,4.0,6.0,1.0
1591.0,2767.0,984.0,2379.0,2205.0,2814.0,3643.0,1209.0,1454.0,4.0,6.0,1.0
1588.0,2763.0,983.0,2375.0,2201.0,2812.0,3639.0,1208.0,1452.0,4.0,6.0,1.0
1590.0,2766.0,981.0,2374.0,2204.0,2813.0,3642.0,1207.0,1449.0,4.0,6.0,1.0
1589.0,2769.0,981.0,2370.0,2204.0,2813.0,3643.0,1207.0,1447.0,4.0,6.0,1.0
1586.0,2769.0,979.0,2362.0,2199.0,2811.0,3638.0,1205.0,1445.0,4.0,6.0,1.0
1589.0,2777.0,979.0,2363.0,2203.0,2813.0,3641.0,1205.0,1445.0,4.0,6.0,1.0
1591.0,2785.0,980.0,2364.0,2206.0,2815.0,3643.0,1207.0,1447.0,4.0,6.0,1.0
1588.0,2786.0,980.0,2361.0,2201.0,2814.0,3641.0,1207.0,1446.0,4.0,6.0,1.0
1589.0,2786.0,980.0,2362.0,2202.0,2813.0,3641.0,1206.0,1445.0,4.0,6.0,1.0
1592.0,2789.0,981.0,2366.0,2207.0,2815.0,3645.0,1207.0,1445.0,4.0,6.0,1.0
1590.0,2783.0,980.0,2366.0,2203.0,2813.0,3643.0,1205.0,1443.0,4.0,6.0,1.0
1590.0,2776.0,981.0,2369.0,2193.0,2813.0,3644.0,1207.0,1473.0,4.0,6.0,1.0
1595.0,2777.0,983.0,2379.0,2201.0,2818.0,3651.0,1209.0,1476.0,4.0,6.0,1.0
1595.0,2774.0,985.0,2383.0,2200.0,2818.0,3652.0,1211.0,1477.0,4.0,6.0,1.0
1593.0,2768.0,985.0,2382.0,2196.0,2817.0,3650.0,1211.0,1476.0,4.0,6.0,1.0
1595.0,2773.0,987.0,2385.0,2201.0,2820.0,3653.0,1214.0,1479.0,4.0,6.0,1.0
1596.0,2780.0,987.0,2384.0,2212.0,2822.0,3656.0,1214.0,1450.0,4.0,6.0,1.0
1592.0,2780.0,987.0,2375.0,2207.0,2820.0,3651.0,1214.0,1449.0,4.0,6.0,1.0
1594.0,2785.0,987.0,2373.0,2209.0,2821.0,3653.0,1214.0,1449.0,4.0,6.0,1.0
1596.0,2794.0,987.0,2375.0,2213.0,2824.0,3658.0,1214.0,1450.0,4.0,6.0,1.0
1593.0,2791.0,986.0,2371.0,2209.0,2822.0,3656.0,1213.0,1449.0,4.0,6.0,1.0
1592.0,2787.0,985.0,2370.0,2207.0,2820.0,3654.0,1213.0,1449.0,4.0,6.0,1.0
1596.0,2787.0,986.0,2377.0,2213.0,2822.0,3657.0,1214.0,1450.0,4.0,6.0,1.0
1594.0,2782.0,986.0,2378.0,2212.0,2822.0,3654.0,1214.0,1451.0,4.0,6.0,1.0
1592.0,2773.0,987.0,2378.0,2209.0,2821.0,3652.0,1214.0,1450.0,4.0,6.0,1.0
1595.0,2775.0,988.0,2384.0,2215.0,2823.0,3655.0,1215.0,1451.0,4.0,6.0,1.0
1595.0,2777.0,989.0,2385.0,2215.0,2824.0,3657.0,1215.0,1451.0,4.0,6.0,1.0
1467.0,2785.0,1005.0,2391.0,2337.0,2837.0,3672.0,1226.0,1281.0,5.0,6.0,1.0
1463.0,2783.0,1001.0,2388.0,2333.0,2834.0,3672.0,1222.0,1275.0,5.0,6.0,1.0
1460.0,2778.0,998.0,2384.0,2325.0,2830.0,3668.0,1219.0,1270.0,5.0,6.0,1.0
1461.0,2780.0,996.0,2386.0,2328.0,2831.0,3669.0,1219.0,1267.0,5.0,6.0,1.0
1462.0,2783.0,995.0,2388.0,2332.0,2831.0,3674.0,1218.0,1264.0,5.0,6.0,1.0
1459.0,2779.0,992.0,2383.0,2331.0,2828.0,3671.0,1215.0,1261.0,5.0,6.0,1.0
1459.0,2777.0,992.0,2383.0,2336.0,2828.0,3668.0,1214.0,1259.0,5.0,6.0,1.0
1459.0,2779.0,990.0,2384.0,2340.0,2828.0,3668.0,1214.0,1257.0,5.0,6.0,1.0
1457.0,2774.0,987.0,2379.0,2329.0,2824.0,3665.0,1211.0,1254.0,5.0,6.0,1.0
1453.0,2769.0,985.0,2375.0,2315.0,2819.0,3660.0,1210.0,1252.0,5.0,6.0,1.0
1454.0,2770.0,984.0,2375.0,2308.0,2819.0,3662.0,1209.0,1250.0,5.0,6.0,1.0
1451.0,2767.0,982.0,2372.0,2299.0,2816.0,3661.0,1207.0,1247.0,5.0,6.0,1.0
1448.0,2763.0,981.0,2368.0,2293.0,2814.0,3658.0,1206.0,1246.0,5.0,6.0,1.0
1449.0,2764.0,980.0,2369.0,2301.0,2817.0,3659.0,1207.0,1247.0,5.0,6.0,1.0
1449.0,2765.0,979.0,2368.0,2308.0,2817.0,3659.0,1205.0,1245.0,5.0,6.0,1.0
1447.0,2762.0,979.0,2364.0,2310.0,2814.0,3654.0,1204.0,1244.0,5.0,6.0,1.0
1449.0,2764.0,979.0,2366.0,2318.0,2814.0,3654.0,1205.0,1244.0,5.0,6.0,1.0
1453.0,2770.0,980.0,2369.0,2329.0,2817.0,3657.0,1206.0,1245.0,5.0,6.0,1.0
1450.0,2768.0,978.0,2366.0,2328.0,2814.0,3655.0,1204.0,1243.0,5.0,6.0,1.0
1449.0,2765.0,978.0,2365.0,2330.0,2813.0,3654.0,1205.0,1243.0,5.0,6.0,1.0
1451.0,2767.0,979.0,2369.0,2335.0,2817.0,3656.0,1207.0,1245.0,5.0,6.0,1.0
1449.0,2765.0,979.0,2366.0,2325.0,2815.0,3653.0,1206.0,1245.0,5.0,6.0,1.0
1445.0,2758.0,976.0,2362.0,2309.0,2812.0,3648.0,1205.0,1243.0,5.0,6.0,1.0
1449.0,2759.0,979.0,2366.0,2292.0,2815.0,3650.0,1207.0,1275.0,5.0,6.0,1.0
1452.0,2762.0,980.0,2367.0,2283.0,2816.0,3651.0,1209.0,1276.0,5.0,6.0,1.0
1452.0,2760.0,981.0,2364.0,2275.0,2815.0,3649.0,1209.0,1276.0,5.0,6.0,1.0
1455.0,2763.0,983.0,2368.0,2281.0,2818.0,3654.0,1211.0,1277.0,5.0,6.0,1.0
1459.0,2768.0,987.0,2373.0,2297.0,2821.0,3659.0,1213.0,1279.0,5.0,6.0,1.0
1457.0,2768.0,987.0,2372.0,2314.0,2820.0,3658.0,1213.0,1248.0,5.0,6.0,1.0
1457.0,2769.0,987.0,2372.0,2327.0,2821.0,3658.0,1213.0,1249.0,5.0,6.0,1.0
1459.0,2774.0,988.0,2376.0,2341.0,2823.0,3663.0,1215.0,1251.0,5.0,6.0,1.0
1457.0,2773.0,988.0,2375.0,2342.0,2821.0,3662.0,1213.0,1250.0,5.0,6.0,1.0
1456.0,2769.0,986.0,2372.0,2336.0,2820.0,3661.0,1213.0,1249.0,5.0,6.0,1.0
1458.0,2771.0,987.0,2374.0,2335.0,2822.0,3663.0,1213.0,1250.0,5.0,6.0,1.0
1457.0,2770.0,986.0,2373.0,2323.0,2821.0,3662.0,1212.0,1250.0,5.0,6.0,1.0
1455.0,2764.0,985.0,2369.0,2306.0,2819.0,3658.0,1210.0,1247.0,5.0,6.0,1.0
1458.0,2767.0,986.0,2371.0,2301.0,2822.0,3661.0,1212.0,1249.0,5.0,6.0,1.0
1460.0,2771.0,988.0,2374.0,2300.0,2824.0,3664.0,1214.0,1251.0,5.0,6.0,1.0
1458.0,2768.0,988.0,2372.0,2296.0,2822.0,3663.0,1214.0,1251.0,5.0,6.0,1.0
1259.0,2773.0,999.0,2000.0,2346.0,2829.0,3662.0,1222.0,1272.0,6.0,6.0,1.0
1256.0,2768.0,996.0,2025.0,2344.0,2825.0,3659.0,1219.0,1267.0,6.0,6.0,1.0
1254.0,2763.0,992.0,2042.0,2340.0,2821.0,3657.0,1218.0,1263.0,6.0,6.0,1.0
1255.0,2765.0,992.0,2042.0,2342.0,2822.0,3657.0,1218.0,1261.0,6.0,6.0,1.0
1250.0,2760.0,989.0,2021.0,2334.0,2817.0,3650.0,1214.0,1257.0,6.0,6.0,1.0
1246.0,2752.0,985.0,1986.0,2323.0,2812.0,3643.0,1210.0,1252.0,6.0,6.0,1.0
1245.0,2752.0,984.0,1963.0,2318.0,2811.0,3642.0,1209.0,1250.0,6.0,6.0,1.0
1244.0,2753.0,982.0,1957.0,2311.0,2811.0,3641.0,1208.0,1248.0,6.0,6.0,1.0
1241.0,2748.0,978.0,1960.0,2297.0,2805.0,3637.0,1203.0,1243.0,6.0,6.0,1.0
1242.0,2750.0,979.0,1973.0,2294.0,2807.0,3640.0,1204.0,1243.0,6.0,6.0,1.0
1243.0,2753.0,979.0,1980.0,2295.0,2808.0,3643.0,1205.0,1244.0,6.0,6.0,1.0
1241.0,2750.0,977.0,1970.0,2291.0,2805.0,3642.0,1203.0,1242.0,6.0,6.0,1.0
1239.0,2749.0,977.0,1959.0,2295.0,2805.0,3640.0,1202.0,1241.0,6.0,6.0,1.0
1242.0,2753.0,978.0,1955.0,2307.0,2809.0,3643.0,1204.0,1243.0,6.0,6.0,1.0
1240.0,2751.0,976.0,1954.0,2311.0,2808.0,3642.0,1203.0,1241.0,6.0,6.0,1.0
1240.0,2748.0,975.0,1959.0,2312.0,2806.0,3638.0,1201.0,1239.0,6.0,6.0,1.0
1243.0,2751.0,976.0,1969.0,2323.0,2809.0,3639.0,1203.0,1239.0,6.0,6.0,1.0
1244.0,2751.0,975.0,1971.0,2325.0,2808.0,3640.0,1203.0,1240.0,6.0,6.0,1.0
1241.0,2744.0,973.0,1960.0,2318.0,2803.0,3636.0,1201.0,1238.0,6.0,6.0,1.0
1241.0,2744.0,973.0,1952.0,2317.0,2804.0,3635.0,1201.0,1238.0,6.0,6.0,1.0
1243.0,2746.0,976.0,1951.0,2306.0,2806.0,3639.0,1204.0,1271.0,6.0,6.0,1.0
1241.0,2744.0,977.0,1952.0,2294.0,2804.0,3637.0,1204.0,1272.0,6.0,6.0,1.0
1241.0,2744.0,978.0,1957.0,2286.0,2805.0,3637.0,1205.0,1273.0,6.0,6.0,1.0
1245.0,2750.0,981.0,1964.0,2285.0,2809.0,3639.0,1208.0,1275.0,6.0,6.0,1.0
1246.0,2750.0,982.0,1963.0,2281.0,2809.0,3638.0,1210.0,1277.0,6.0,6.0,1.0
1245.0,2748.0,982.0,1958.0,2289.0,2808.0,3635.0,1208.0,1245.0,6.0,6.0,1.0
1247.0,2752.0,983.0,1959.0,2302.0,2811.0,3638.0,1210.0,1247.0,6.0,6.0,1.0
1248.0,2753.0,984.0,1962.0,2312.0,2811.0,3641.0,1211.0,1247.0,6.0,6.0,1.0
1246.0,2749.0,983.0,1966.0,2318.0,2809.0,3641.0,1209.0,1246.0,6.0,6.0,1.0
1246.0,2750.0,983.0,1972.0,2330.0,2810.0,3644.0,1209.0,1246.0,6.0,6.0,1.0
1247.0,2752.0,985.0,1974.0,2337.0,2811.0,3646.0,1211.0,1246.0,6.0,6.0,1.0
1245.0,2749.0,983.0,1967.0,2330.0,2807.0,3641.0,1210.0,1245.0,6.0,6.0,1.0
1245.0,2746.0,982.0,1962.0,2323.0,2805.0,3636.0,1208.0,1244.0,6.0,6.0,1.0
1248.0,2751.0,983.0,1959.0,2317.0,2807.0,3634.0,1209.0,1245.0,6.0,6.0,1.0
1248.0,2750.0,984.0,1955.0,2303.0,2807.0,3632.0,1209.0,1245.0,6.0,6.0,1.0
1248.0,2748.0,983.0,1953.0,2292.0,2807.0,3630.0,1208.0,1245.0,6.0,6.0,1.0
1249.0,2749.0,985.0,1954.0,2291.0,2809.0,3633.0,1209.0,1246.0,6.0,6.0,1.0
1248.0,2750.0,984.0,1951.0,2289.0,2809.0,3632.0,1209.0,1245.0,6.0,6.0,1.0
1245.0,2744.0,981.0,1948.0,2289.0,2806.0,3631.0,1207.0,1243.0,6.0,6.0,1.0
1244.0,2745.0,980.0,1949.0,2300.0,2806.0,3632.0,1206.0,1242.0,6.0,6.0,1.0
1244.0,2747.0,979.0,1951.0,2312.0,2806.0,3633.0,1206.0,1242.0,6.0,6.0,1.0
1243.0,2744.0,977.0,1951.0,2317.0,2805.0,3634.0,1205.0,1240.0,6.0,6.0,1.0
1248.0,2591.0,990.0,1859.0,2318.0,2816.0,3643.0,1214.0,1259.0,7.0,6.0,1.0
1249.0,2570.0,989.0,1859.0,2323.0,2818.0,3641.0,1213.0,1256.0,7.0,6.0,1.0
1248.0,2553.0,987.0,1857.0,2320.0,2815.0,3637.0,1212.0,1254.0,7.0,6.0,1.0
1245.0,2545.0,985.0,1854.0,2312.0,2811.0,3633.0,1210.0,1251.0,7.0,6.0,1.0
1247.0,2551.0,986.0,1855.0,2312.0,2813.0,3634.0,1211.0,1250.0,7.0,6.0,1.0
1247.0,2565.0,987.0,1854.0,2308.0,2813.0,3636.0,1211.0,1250.0,7.0,6.0,1.0
1243.0,2571.0,983.0,1850.0,2295.0,2807.0,3631.0,1207.0,1246.0,7.0,6.0,1.0
1243.0,2573.0,983.0,1849.0,2293.0,2806.0,3629.0,1205.0,1244.0,7.0,6.0,1.0
1242.0,2566.0,981.0,1848.0,2295.0,2806.0,3629.0,1204.0,1241.0,7.0,6.0,1.0
1238.0,2549.0,977.0,1843.0,2291.0,2800.0,3621.0,1201.0,1238.0,7.0,6.0,1.0
1236.0,2537.0,974.0,1841.0,2291.0,2797.0,3617.0,1199.0,1235.0,7.0,6.0,1.0
1239.0,2534.0,975.0,1842.0,2298.0,2798.0,3619.0,1200.0,1236.0,7.0,6.0,1.0
1238.0,2532.0,973.0,1840.0,2296.0,2796.0,3617.0,1200.0,1235.0,7.0,6.0,1.0
1238.0,2536.0,973.0,1838.0,2294.0,2794.0,3615.0,1200.0,1235.0,7.0,6.0,1.0
1240.0,2546.0,974.0,1840.0,2298.0,2796.0,3617.0,1201.0,1235.0,7.0,6.0,1.0
1241.0,2546.0,974.0,1839.0,2296.0,2796.0,3614.0,1201.0,1235.0,7.0,6.0,1.0
1238.0,2538.0,973.0,1837.0,2293.0,2794.0,3610.0,1200.0,1234.0,7.0,6.0,1.0
1240.0,2534.0,975.0,1839.0,2297.0,2797.0,3612.0,1201.0,1234.0,7.0,6.0,1.0
1240.0,2533.0,974.0,1839.0,2299.0,2799.0,3612.0,1201.0,1235.0,7.0,6.0,1.0
1238.0,2531.0,974.0,1837.0,2293.0,2796.0,3610.0,1200.0,1234.0,7.0,6.0,1.0
1238.0,2537.0,974.0,1839.0,2291.0,2797.0,3614.0,1201.0,1235.0,7.0,6.0,1.0
1240.0,2545.0,974.0,1841.0,2293.0,2800.0,3619.0,1202.0,1235.0,7.0,6.0,1.0
1240.0,2545.0,974.0,1839.0,2278.0,2798.0,3617.0,1202.0,1266.0,7.0,6.0,1.0
1242.0,2542.0,976.0,1842.0,2278.0,2799.0,3619.0,1205.0,1268.0,7.0,6.0,1.0
1244.0,2542.0,977.0,1845.0,2286.0,2802.0,3623.0,1206.0,1270.0,7.0,6.0,1.0
1245.0,2541.0,979.0,1846.0,2290.0,2802.0,3621.0,1207.0,1271.0,7.0,6.0,1.0
1245.0,2541.0,980.0,1845.0,2290.0,2801.0,3621.0,1208.0,1272.0,7.0,6.0,1.0
1245.0,2546.0,981.0,1847.0,2307.0,2804.0,3623.0,1208.0,1242.0,7.0,6.0,1.0
1245.0,2549.0,982.0,1848.0,2312.0,2804.0,3623.0,1208.0,1241.0,7.0,6.0,1.0
1244.0,2545.0,982.0,1846.0,2312.0,2803.0,3620.0,1208.0,1242.0,7.0,6.0,1.0
1244.0,2540.0,981.0,1847.0,2314.0,2803.0,3621.0,1208.0,1242.0,7.0,6.0,1.0
1246.0,2541.0,983.0,1849.0,2317.0,2806.0,3621.0,1208.0,1243.0,7.0,6.0,1.0
1246.0,2540.0,983.0,1849.0,2311.0,2805.0,3620.0,1208.0,1244.0,7.0,6.0,1.0
1246.0,2541.0,982.0,1848.0,2303.0,2806.0,3619.0,1208.0,1244.0,7.0,6.0,1.0
1249.0,2549.0,985.0,1852.0,2301.0,2809.0,3623.0,1210.0,1245.0,7.0,6.0,1.0
1249.0,2553.0,984.0,1851.0,2295.0,2810.0,3624.0,1211.0,1246.0,7.0,6.0,1.0
1248.0,2549.0,983.0,1850.0,2291.0,2809.0,3624.0,1210.0,1245.0,7.0,6.0,1.0
1251.0,2549.0,984.0,1852.0,2298.0,2813.0,3628.0,1212.0,1246.0,7.0,6.0,1.0
1251.0,2549.0,984.0,1853.0,2309.0,2814.0,3632.0,1212.0,1247.0,7.0,6.0,1.0
1248.0,2542.0,981.0,1848.0,2312.0,2809.0,3627.0,1209.0,1244.0,7.0,6.0,1.0
1247.0,2541.0,981.0,1848.0,2323.0,2809.0,3627.0,1209.0,1243.0,7.0,6.0,1.0
1246.0,2539.0,980.0,1847.0,2332.0,2809.0,3627.0,1208.0,1242.0,7.0,6.0,1.0
1242.0,2534.0,978.0,1842.0,2330.0,2804.0,3620.0,1205.0,1240.0,7.0,6.0,1.0
1241.0,2530.0,976.0,1840.0,2324.0,2801.0,3618.0,1204.0,1238.0,7.0,6.0,1.0
1243.0,2533.0,977.0,1843.0,2322.0,2804.0,3619.0,1206.0,1238.0,7.0,6.0,1.0
1242.0,2536.0,978.0,1843.0,2312.0,2805.0,3618.0,1205.0,1238.0,7.0,6.0,1.0
1241.0,2537.0,977.0,1842.0,2299.0,2804.0,3616.0,1205.0,1239.0,7.0,6.0,1.0
1243.0,2541.0,978.0,1845.0,2292.0,2806.0,3618.0,1206.0,1238.0,7.0,6.0,1.0
1242.0,2244.0,983.0,1846.0,2237.0,2801.0,3492.0,1207.0,1250.0,8.0,6.0,1.0
1236.0,2232.0,978.0,1841.0,2230.0,2796.0,3488.0,1202.0,1244.0,8.0,6.0,1.0
1232.0,2220.0,974.0,1836.0,2222.0,2791.0,3481.0,1198.0,1238.0,8.0,6.0,1.0
1231.0,2213.0,972.0,1835.0,2221.0,2788.0,3477.0,1196.0,1235.0,8.0,6.0,1.0
1231.0,2213.0,971.0,1834.0,2222.0,2788.0,3477.0,1194.0,1232.0,8.0,6.0,1.0
1229.0,2212.0,969.0,1831.0,2222.0,2786.0,3474.0,1191.0,1229.0,8.0,6.0,1.0
1230.0,2215.0,970.0,1832.0,2229.0,2786.0,3473.0,1191.0,1228.0,8.0,6.0,1.0
1231.0,2217.0,970.0,1833.0,2236.0,2788.0,3476.0,1192.0,1227.0,8.0,6.0,1.0
1229.0,2215.0,968.0,1830.0,2235.0,2787.0,3480.0,1191.0,1226.0,8.0,6.0,1.0
1228.0,2213.0,967.0,1830.0,2233.0,2787.0,3480.0,1190.0,1225.0,8.0,6.0,1.0
1229.0,2212.0,968.0,1832.0,2232.0,2789.0,3482.0,1192.0,1225.0,8.0,6.0,1.0
1228.0,2209.0,967.0,1831.0,2227.0,2789.0,3482.0,1191.0,1225.0,8.0,6.0,1.0
1227.0,2207.0,966.0,1830.0,2222.0,2788.0,3479.0,1191.0,1225.0,8.0,6.0,1.0
1229.0,2210.0,967.0,1833.0,2225.0,2791.0,3479.0,1193.0,1226.0,8.0,6.0,1.0
1228.0,2210.0,967.0,1833.0,2225.0,2791.0,3480.0,1193.0,1227.0,8.0,6.0,1.0
1228.0,2209.0,967.0,1833.0,2215.0,2792.0,3482.0,1195.0,1259.0,8.0,6.0,1.0
1232.0,2212.0,970.0,1837.0,2220.0,2797.0,3489.0,1197.0,1261.0,8.0,6.0,1.0
1235.0,2215.0,971.0,1840.0,2224.0,2801.0,3496.0,1199.0,1263.0,8.0,6.0,1.0
1233.0,2212.0,971.0,1839.0,2221.0,2799.0,3497.0,1200.0,1263.0,8.0,6.0,1.0
1237.0,2215.0,973.0,1842.0,2227.0,2802.0,3501.0,1201.0,1265.0,8.0,6.0,1.0
1239.0,2219.0,974.0,1845.0,2244.0,2805.0,3505.0,1203.0,1235.0,8.0,6.0,1.0
1237.0,2219.0,973.0,1843.0,2244.0,2803.0,3504.0,1202.0,1234.0,8.0,6.0,1.0
1236.0,2218.0,972.0,1844.0,2246.0,2803.0,3504.0,1202.0,1234.0,8.0,6.0,1.0
1239.0,2221.0,973.0,1846.0,2251.0,2806.0,3507.0,1203.0,1235.0,8.0,6.0,1.0
1238.0,2219.0,972.0,1844.0,2248.0,2806.0,3507.0,1202.0,1234.0,8.0,6.0,1.0
1236.0,2215.0,971.0,1841.0,2240.0,2801.0,3503.0,1201.0,1232.0,8.0,6.0,1.0
1238.0,2216.0,972.0,1842.0,2239.0,2803.0,3503.0,1203.0,1234.0,8.0,6.0,1.0
1238.0,2216.0,972.0,1842.0,2238.0,2803.0,3502.0,1203.0,1234.0,8.0,6.0,1.0
1235.0,2214.0,971.0,1840.0,2233.0,2800.0,3499.0,1201.0,1233.0,8.0,6.0,1.0
1236.0,2215.0,972.0,1840.0,2234.0,2801.0,3498.0,1202.0,1234.0,8.0,6.0,1.0
1237.0,2216.0,972.0,1842.0,2237.0,2803.0,3500.0,1202.0,1234.0,8.0,6.0,1.0
1235.0,2212.0,971.0,1839.0,2233.0,2801.0,3497.0,1200.0,1232.0,8.0,6.0,1.0
1234.0,2210.0,969.0,1836.0,2230.0,2797.0,3490.0,1196.0,1229.0,8.0,6.0,1.0
1235.0,2210.0,968.0,1836.0,2232.0,2797.0,3489.0,1195.0,1227.0,8.0,6.0,1.0
1232.0,2208.0,965.0,1833.0,2230.0,2793.0,3485.0,1192.0,1225.0,8.0,6.0,1.0
1230.0,2205.0,963.0,1829.0,2227.0,2789.0,3480.0,1190.0,1223.0,8.0,6.0,1.0
1231.0,2206.0,962.0,1830.0,2230.0,2790.0,3483.0,1189.0,1221.0,8.0,6.0,1.0
1232.0,2207.0,964.0,1831.0,2231.0,2792.0,3486.0,1190.0,1222.0,8.0,6.0,1.0
1229.0,2205.0,962.0,1829.0,2225.0,2789.0,3483.0,1190.0,1221.0,8.0,6.0,1.0
1230.0,2205.0,964.0,1830.0,2225.0,2791.0,3485.0,1191.0,1222.0,8.0,6.0,1.0
1232.0,2207.0,965.0,1833.0,2226.0,2794.0,3488.0,1193.0,1224.0,8.0,6.0,1.0
1230.0,2206.0,965.0,1830.0,2221.0,2790.0,3482.0,1193.0,1224.0,8.0,6.0,1.0
1696.0,2512.0,1438.0,2411.0,1808.0,3228.0,3450.0,1505.0,1840.0,1.0,7.0,1.0
1700.0,2516.0,1440.0,2413.0,1810.0,3229.0,3454.0,1507.0,1842.0,1.0,7.0,1.0
1706.0,2522.0,1442.0,2417.0,1814.0,3228.0,3459.0,1508.0,1843.0,1.0,7.0,1.0
1705.0,2520.0,1439.0,2412.0,1812.0,3221.0,3457.0,1506.0,1840.0,1.0,7.0,1.0
1706.0,2521.0,1439.0,2412.0,1812.0,3217.0,3459.0,1505.0,1838.0,1.0,7.0,1.0
1712.0,2528.0,1442.0,2416.0,1816.0,3219.0,3462.0,1507.0,1840.0,1.0,7.0,1.0
1710.0,2525.0,1441.0,2413.0,1815.0,3216.0,3461.0,1506.0,1837.0,1.0,7.0,1.0
1704.0,2519.0,1437.0,2407.0,1810.0,3213.0,3454.0,1502.0,1833.0,1.0,7.0,1.0
1704.0,2520.0,1436.0,2408.0,1811.0,3215.0,3455.0,1501.0,1833.0,1.0,7.0,1.0
1703.0,2519.0,1434.0,2407.0,1810.0,3214.0,3450.0,1500.0,1832.0,1.0,7.0,1.0
1696.0,2512.0,1430.0,2399.0,1804.0,3208.0,3446.0,1496.0,1827.0,1.0,7.0,1.0
1697.0,2514.0,1429.0,2399.0,1803.0,3207.0,3446.0,1494.0,1825.0,1.0,7.0,1.0
1702.0,2519.0,1431.0,2402.0,1805.0,3207.0,3450.0,1496.0,1827.0,1.0,7.0,1.0
1700.0,2516.0,1429.0,2396.0,1802.0,3202.0,3448.0,1495.0,1824.0,1.0,7.0,1.0
1699.0,2515.0,1429.0,2395.0,1801.0,3200.0,3446.0,1493.0,1824.0,1.0,7.0,1.0
1703.0,2519.0,1431.0,2400.0,1804.0,3204.0,3450.0,1494.0,1826.0,1.0,7.0,1.0
1699.0,2516.0,1429.0,2397.0,1801.0,3202.0,3446.0,1494.0,1825.0,1.0,7.0,1.0
1694.0,2512.0,1427.0,2393.0,1797.0,3201.0,3443.0,1492.0,1821.0,1.0,7.0,1.0
1696.0,2515.0,1429.0,2399.0,1801.0,3204.0,3444.0,1493.0,1823.0,1.0,7.0,1.0
1697.0,2517.0,1429.0,2399.0,1801.0,3205.0,3446.0,1493.0,1823.0,1.0,7.0,1.0
1692.0,2513.0,1428.0,2393.0,1797.0,3201.0,3444.0,1493.0,1821.0,1.0,7.0,1.0
1696.0,2515.0,1428.0,2397.0,1800.0,3202.0,3447.0,1493.0,1822.0,1.0,7.0,1.0
1699.0,2518.0,1430.0,2400.0,1802.0,3204.0,3449.0,1494.0,1823.0,1.0,7.0,1.0
1697.0,2515.0,1430.0,2396.0,1791.0,3202.0,3448.0,1495.0,1849.0,1.0,7.0,1.0
1697.0,2516.0,1432.0,2399.0,1794.0,3204.0,3451.0,1498.0,1850.0,1.0,7.0,1.0
1702.0,2520.0,1434.0,2404.0,1800.0,3210.0,3453.0,1500.0,1854.0,1.0,7.0,1.0
1699.0,2520.0,1436.0,2403.0,1799.0,3211.0,3453.0,1502.0,1855.0,1.0,7.0,1.0
1698.0,2519.0,1436.0,2404.0,1801.0,3212.0,3451.0,1504.0,1857.0,1.0,7.0,1.0
1701.0,2523.0,1438.0,2409.0,1813.0,3217.0,3454.0,1504.0,1832.0,1.0,7.0,1.0
1701.0,2523.0,1438.0,2408.0,1813.0,3216.0,3451.0,1504.0,1833.0,1.0,7.0,1.0
1698.0,2520.0,1438.0,2404.0,1809.0,3213.0,3451.0,1504.0,1831.0,1.0,7.0,1.0
1701.0,2522.0,1438.0,2407.0,1811.0,3215.0,3453.0,1504.0,1832.0,1.0,7.0,1.0
1703.0,2524.0,1440.0,2409.0,1811.0,3216.0,3456.0,1504.0,1832.0,1.0,7.0,1.0
1699.0,2520.0,1438.0,2405.0,1808.0,3214.0,3453.0,1504.0,1831.0,1.0,7.0,1.0
1699.0,2521.0,1438.0,2406.0,1810.0,3216.0,3455.0,1504.0,1833.0,1.0,7.0,1.0
1702.0,2524.0,1439.0,2412.0,1813.0,3220.0,3458.0,1505.0,1835.0,1.0,7.0,1.0
1699.0,2522.0,1438.0,2409.0,1812.0,3219.0,3456.0,1505.0,1835.0,1.0,7.0,1.0
1699.0,2523.0,1439.0,2408.0,1813.0,3219.0,3457.0,1506.0,1836.0,1.0,7.0,1.0
1704.0,2527.0,1441.0,2413.0,1817.0,3222.0,3461.0,1508.0,1839.0,1.0,7.0,1.0
1704.0,2528.0,1443.0,2413.0,1816.0,3220.0,3462.0,1509.0,1838.0,1.0,7.0,1.0
1701.0,2524.0,1440.0,2407.0,1814.0,3215.0,3454.0,1507.0,1836.0,1.0,7.0,1.0
1704.0,2526.0,1440.0,2410.0,1815.0,3216.0,3457.0,1506.0,1836.0,1.0,7.0,1.0
1703.0,2526.0,1439.0,2409.0,1814.0,3216.0,3457.0,1504.0,1834.0,1.0,7.0,1.0
1698.0,2520.0,1436.0,2403.0,1810.0,3212.0,3453.0,1503.0,1831.0,1.0,7.0,1.0
1698.0,2518.0,1433.0,2402.0,1809.0,3212.0,3453.0,1501.0,1828.0,1.0,7.0,1.0
1703.0,2521.0,1434.0,2407.0,1811.0,3214.0,3459.0,1501.0,1829.0,1.0,7.0,1.0
1701.0,2519.0,1433.0,2402.0,1808.0,3211.0,3457.0,1501.0,1827.0,1.0,7.0,1.0
1703.0,2519.0,1433.0,2401.0,1808.0,3209.0,3458.0,1501.0,1828.0,1.0,7.0,1.0
1710.0,2525.0,1436.0,2406.0,1812.0,3210.0,3463.0,1501.0,1829.0,1.0,7.0,1.0
1711.0,2526.0,1437.0,2404.0,1812.0,3208.0,3461.0,1501.0,1830.0,1.0,7.0,1.0
1710.0,2525.0,1437.0,2401.0,1811.0,3206.0,3459.0,1502.0,1830.0,1.0,7.0,1.0
1769.0,2709.0,1445.0,2436.0,2028.0,3187.0,3524.0,1289.0,1877.0,2.0,7.0,1.0
1774.0,2716.0,1451.0,2440.0,2019.0,3188.0,3527.0,1296.0,1875.0,2.0,7.0,1.0
1770.0,2712.0,1447.0,2435.0,2013.0,3185.0,3524.0,1296.0,1869.0,2.0,7.0,1.0
1766.0,2706.0,1437.0,2434.0,2008.0,3184.0,3524.0,1290.0,1889.0,2.0,7.0,1.0
1765.0,2706.0,1423.0,2440.0,2026.0,3188.0,3526.0,1279.0,1881.0,2.0,7.0,1.0
1753.0,2696.0,1403.0,2440.0,2039.0,3188.0,3528.0,1267.0,1865.0,2.0,7.0,1.0
1733.0,2676.0,1381.0,2436.0,2046.0,3183.0,3524.0,1256.0,1844.0,2.0,7.0,1.0
1724.0,2665.0,1368.0,2442.0,2057.0,3187.0,3527.0,1254.0,1828.0,2.0,7.0,1.0
1713.0,2654.0,1357.0,2443.0,2070.0,3187.0,3528.0,1255.0,1788.0,2.0,7.0,1.0
1703.0,2643.0,1352.0,2436.0,2063.0,3183.0,3524.0,1253.0,1777.0,2.0,7.0,1.0
1710.0,2651.0,1354.0,2439.0,2065.0,3183.0,3525.0,1252.0,1780.0,2.0,7.0,1.0
1726.0,2669.0,1361.0,2442.0,2069.0,3186.0,3526.0,1252.0,1792.0,2.0,7.0,1.0
1735.0,2679.0,1367.0,2438.0,2063.0,3183.0,3525.0,1250.0,1802.0,2.0,7.0,1.0
1747.0,2692.0,1379.0,2437.0,2060.0,3184.0,3525.0,1251.0,1813.0,2.0,7.0,1.0
1760.0,2702.0,1389.0,2441.0,2062.0,3187.0,3527.0,1255.0,1826.0,2.0,7.0,1.0
1762.0,2702.0,1395.0,2439.0,2058.0,3186.0,3526.0,1256.0,1830.0,2.0,7.0,1.0
1759.0,2698.0,1396.0,2437.0,2055.0,3185.0,3527.0,1256.0,1831.0,2.0,7.0,1.0
1759.0,2698.0,1390.0,2440.0,2060.0,3188.0,3530.0,1256.0,1828.0,2.0,7.0,1.0
1754.0,2694.0,1380.0,2441.0,2064.0,3187.0,3530.0,1253.0,1821.0,2.0,7.0,1.0
1741.0,2683.0,1370.0,2437.0,2063.0,3186.0,3529.0,1250.0,1810.0,2.0,7.0,1.0
1730.0,2670.0,1359.0,2436.0,2065.0,3185.0,3527.0,1248.0,1797.0,2.0,7.0,1.0
1722.0,2661.0,1351.0,2436.0,2067.0,3185.0,3524.0,1246.0,1785.0,2.0,7.0,1.0
1711.0,2650.0,1345.0,2430.0,2061.0,3180.0,3519.0,1246.0,1776.0,2.0,7.0,1.0
1709.0,2646.0,1342.0,2424.0,2056.0,3176.0,3513.0,1242.0,1771.0,2.0,7.0,1.0
1716.0,2654.0,1344.0,2425.0,2055.0,3174.0,3513.0,1240.0,1774.0,2.0,7.0,1.0
1722.0,2661.0,1349.0,2421.0,2049.0,3171.0,3512.0,1239.0,1782.0,2.0,7.0,1.0
1727.0,2665.0,1355.0,2416.0,2042.0,3166.0,3506.0,1238.0,1789.0,2.0,7.0,1.0
1737.0,2676.0,1364.0,2418.0,2043.0,3166.0,3507.0,1237.0,1798.0,2.0,7.0,1.0
1740.0,2681.0,1369.0,2418.0,2041.0,3165.0,3507.0,1237.0,1804.0,2.0,7.0,1.0
1735.0,2676.0,1365.0,2412.0,2037.0,3161.0,3502.0,1235.0,1801.0,2.0,7.0,1.0
1734.0,2676.0,1362.0,2415.0,2041.0,3162.0,3504.0,1234.0,1796.0,2.0,7.0,1.0
1611.0,2739.0,1274.0,2415.0,2049.0,3007.0,3597.0,1217.0,1648.0,3.0,7.0,1.0
1607.0,2735.0,1260.0,2412.0,2046.0,2996.0,3605.0,1215.0,1642.0,3.0,7.0,1.0
1610.0,2737.0,1244.0,2417.0,2049.0,2985.0,3617.0,1213.0,1637.0,3.0,7.0,1.0
1616.0,2738.0,1232.0,2420.0,2049.0,2979.0,3628.0,1212.0,1634.0,3.0,7.0,1.0
1620.0,2733.0,1224.0,2418.0,2043.0,2973.0,3629.0,1210.0,1629.0,3.0,7.0,1.0
1630.0,2733.0,1224.0,2420.0,2042.0,2974.0,3628.0,1209.0,1628.0,3.0,7.0,1.0
1643.0,2736.0,1229.0,2426.0,2045.0,2983.0,3625.0,1209.0,1628.0,3.0,7.0,1.0
1647.0,2733.0,1231.0,2426.0,2041.0,2985.0,3620.0,1208.0,1626.0,3.0,7.0,1.0
1645.0,2732.0,1225.0,2424.0,2039.0,2978.0,3621.0,1206.0,1623.0,3.0,7.0,1.0
1644.0,2736.0,1217.0,2428.0,2044.0,2974.0,3630.0,1205.0,1622.0,3.0,7.0,1.0
1633.0,2735.0,1211.0,2425.0,2043.0,2970.0,3634.0,1204.0,1619.0,3.0,7.0,1.0
1619.0,2730.0,1210.0,2417.0,2039.0,2968.0,3630.0,1201.0,1614.0,3.0,7.0,1.0
1613.0,2734.0,1219.0,2416.0,2035.0,2978.0,3633.0,1203.0,1643.0,3.0,7.0,1.0
1608.0,2736.0,1231.0,2416.0,2038.0,2989.0,3633.0,1205.0,1645.0,3.0,7.0,1.0
1602.0,2733.0,1239.0,2412.0,2036.0,2994.0,3630.0,1206.0,1645.0,3.0,7.0,1.0
1603.0,2736.0,1239.0,2414.0,2039.0,2994.0,3634.0,1208.0,1648.0,3.0,7.0,1.0
1611.0,2742.0,1234.0,2421.0,2044.0,2992.0,3643.0,1211.0,1651.0,3.0,7.0,1.0
1615.0,2742.0,1226.0,2422.0,2051.0,2985.0,3645.0,1211.0,1622.0,3.0,7.0,1.0
1625.0,2741.0,1219.0,2423.0,2049.0,2981.0,3643.0,1210.0,1621.0,3.0,7.0,1.0
1641.0,2747.0,1217.0,2433.0,2053.0,2983.0,3646.0,1211.0,1623.0,3.0,7.0,1.0
1650.0,2747.0,1217.0,2436.0,2052.0,2982.0,3640.0,1212.0,1623.0,3.0,7.0,1.0
1652.0,2743.0,1216.0,2436.0,2050.0,2980.0,3636.0,1211.0,1622.0,3.0,7.0,1.0
1655.0,2749.0,1216.0,2442.0,2056.0,2984.0,3646.0,1212.0,1624.0,3.0,7.0,1.0
1647.0,2752.0,1216.0,2441.0,2058.0,2985.0,3655.0,1213.0,1624.0,3.0,7.0,1.0
1631.0,2746.0,1216.0,2431.0,2055.0,2985.0,3653.0,1212.0,1622.0,3.0,7.0,1.0
1621.0,2747.0,1221.0,2429.0,2058.0,2991.0,3657.0,1212.0,1622.0,3.0,7.0,1.0
1613.0,2750.0,1227.0,2427.0,2060.0,2997.0,3660.0,1213.0,1622.0,3.0,7.0,1.0
1603.0,2744.0,1229.0,2418.0,2054.0,2994.0,3652.0,1211.0,1620.0,3.0,7.0,1.0
1601.0,2741.0,1230.0,2417.0,2053.0,2993.0,3647.0,1211.0,1619.0,3.0,7.0,1.0
1606.0,2744.0,1226.0,2421.0,2054.0,2990.0,3647.0,1209.0,1617.0,3.0,7.0,1.0
1610.0,2740.0,1219.0,2420.0,2049.0,2984.0,3641.0,1205.0,1613.0,3.0,7.0,1.0
1616.0,2735.0,1211.0,2419.0,2043.0,2975.0,3633.0,1203.0,1610.0,3.0,7.0,1.0
1628.0,2736.0,1207.0,2424.0,2045.0,2974.0,3629.0,1202.0,1610.0,3.0,7.0,1.0
1635.0,2735.0,1204.0,2425.0,2044.0,2971.0,3623.0,1201.0,1609.0,3.0,7.0,1.0
1633.0,2729.0,1203.0,2420.0,2038.0,2967.0,3617.0,1201.0,1608.0,3.0,7.0,1.0
1631.0,2731.0,1206.0,2420.0,2042.0,2970.0,3619.0,1204.0,1611.0,3.0,7.0,1.0
1624.0,2735.0,1211.0,2418.0,2045.0,2974.0,3624.0,1205.0,1613.0,3.0,7.0,1.0
1610.0,2731.0,1215.0,2410.0,2042.0,2975.0,3623.0,1205.0,1611.0,3.0,7.0,1.0
1600.0,2731.0,1221.0,2406.0,2042.0,2979.0,3624.0,1206.0,1611.0,3.0,7.0,1.0
1597.0,2736.0,1227.0,2409.0,2049.0,2985.0,3631.0,1208.0,1613.0,3.0,7.0,1.0
1591.0,2731.0,1227.0,2403.0,2043.0,2981.0,3627.0,1207.0,1609.0,3.0,7.0,1.0
1591.0,2729.0,1225.0,2402.0,2041.0,2979.0,3629.0,1208.0,1609.0,3.0,7.0,1.0
1599.0,2733.0,1221.0,2408.0,2046.0,2980.0,3632.0,1209.0,1611.0,3.0,7.0,1.0
1581.0,2755.0,995.0,2432.0,2161.0,2822.0,3722.0,1212.0,1595.0,4.0,7.0,1.0
1579.0,2755.0,993.0,2437.0,2170.0,2821.0,3722.0,1211.0,1585.0,4.0,7.0,1.0
1578.0,2756.0,992.0,2439.0,2182.0,2820.0,3724.0,1210.0,1568.0,4.0,7.0,1.0
1574.0,2751.0,991.0,2433.0,2185.0,2815.0,3717.0,1209.0,1551.0,4.0,7.0,1.0
1576.0,2751.0,991.0,2433.0,2191.0,2815.0,3717.0,1210.0,1544.0,4.0,7.0,1.0
1581.0,2755.0,992.0,2435.0,2182.0,2816.0,3718.0,1213.0,1573.0,4.0,7.0,1.0
1580.0,2752.0,993.0,2428.0,2174.0,2815.0,3717.0,1214.0,1577.0,4.0,7.0,1.0
1581.0,2750.0,993.0,2425.0,2167.0,2815.0,3715.0,1215.0,1585.0,4.0,7.0,1.0
1586.0,2756.0,994.0,2428.0,2173.0,2819.0,3718.0,1216.0,1586.0,4.0,7.0,1.0
1585.0,2754.0,995.0,2426.0,2178.0,2818.0,3716.0,1216.0,1577.0,4.0,7.0,1.0
1581.0,2751.0,993.0,2422.0,2192.0,2815.0,3713.0,1213.0,1534.0,4.0,7.0,1.0
1583.0,2753.0,993.0,2426.0,2200.0,2816.0,3713.0,1213.0,1530.0,4.0,7.0,1.0
1585.0,2756.0,993.0,2430.0,2204.0,2818.0,3715.0,1214.0,1532.0,4.0,7.0,1.0
1582.0,2753.0,993.0,2431.0,2196.0,2817.0,3713.0,1214.0,1538.0,4.0,7.0,1.0
1585.0,2756.0,994.0,2437.0,2195.0,2820.0,3718.0,1216.0,1551.0,4.0,7.0,1.0
1591.0,2764.0,996.0,2447.0,2199.0,2827.0,3729.0,1220.0,1562.0,4.0,7.0,1.0
1597.0,2772.0,1003.0,2458.0,2209.0,2841.0,3743.0,1230.0,1568.0,4.0,7.0,1.0
1600.0,2776.0,1007.0,2461.0,2218.0,2845.0,3748.0,1233.0,1564.0,4.0,7.0,1.0
1602.0,2780.0,1007.0,2463.0,2227.0,2847.0,3754.0,1233.0,1558.0,4.0,7.0,1.0
1600.0,2779.0,1007.0,2457.0,2225.0,2845.0,3751.0,1232.0,1550.0,4.0,7.0,1.0
1595.0,2773.0,1006.0,2448.0,2220.0,2841.0,3743.0,1229.0,1544.0,4.0,7.0,1.0
1590.0,2765.0,999.0,2436.0,2215.0,2830.0,3730.0,1221.0,1534.0,4.0,7.0,1.0
1584.0,2760.0,994.0,2428.0,2210.0,2824.0,3721.0,1215.0,1524.0,4.0,7.0,1.0
1579.0,2752.0,992.0,2420.0,2204.0,2819.0,3713.0,1213.0,1516.0,4.0,7.0,1.0
1580.0,2753.0,990.0,2422.0,2207.0,2819.0,3714.0,1213.0,1515.0,4.0,7.0,1.0
1579.0,2753.0,988.0,2425.0,2205.0,2817.0,3714.0,1212.0,1517.0,4.0,7.0,1.0
1575.0,2749.0,986.0,2424.0,2195.0,2813.0,3713.0,1208.0,1520.0,4.0,7.0,1.0
1575.0,2747.0,986.0,2428.0,2193.0,2812.0,3714.0,1209.0,1528.0,4.0,7.0,1.0
1579.0,2753.0,987.0,2437.0,2198.0,2816.0,3718.0,1209.0,1535.0,4.0,7.0,1.0
1576.0,2749.0,986.0,2434.0,2193.0,2813.0,3714.0,1208.0,1534.0,4.0,7.0,1.0
1574.0,2746.0,987.0,2429.0,2192.0,2812.0,3711.0,1208.0,1530.0,4.0,7.0,1.0
1578.0,2750.0,988.0,2429.0,2200.0,2815.0,3712.0,1211.0,1528.0,4.0,7.0,1.0
1577.0,2752.0,988.0,2424.0,2201.0,2815.0,3714.0,1212.0,1523.0,4.0,7.0,1.0
1573.0,2746.0,986.0,2416.0,2195.0,2812.0,3712.0,1211.0,1517.0,4.0,7.0,1.0
1575.0,2748.0,986.0,2416.0,2198.0,2814.0,3713.0,1211.0,1515.0,4.0,7.0,1.0
1581.0,2756.0,989.0,2424.0,2206.0,2822.0,3722.0,1215.0,1519.0,4.0,7.0,1.0
1576.0,2752.0,989.0,2422.0,2199.0,2819.0,3720.0,1213.0,1520.0,4.0,7.0,1.0
1577.0,2753.0,989.0,2427.0,2201.0,2821.0,3722.0,1213.0,1525.0,4.0,7.0,1.0
1582.0,2758.0,991.0,2436.0,2206.0,2824.0,3724.0,1214.0,1531.0,4.0,7.0,1.0
1581.0,2758.0,992.0,2440.0,2205.0,2824.0,3726.0,1215.0,1536.0,4.0,7.0,1.0
1577.0,2752.0,990.0,2435.0,2201.0,2818.0,3721.0,1214.0,1534.0,4.0,7.0,1.0
1582.0,2759.0,991.0,2440.0,2208.0,2823.0,3727.0,1216.0,1534.0,4.0,7.0,1.0
1581.0,2758.0,991.0,2436.0,2208.0,2822.0,3725.0,1215.0,1530.0,4.0,7.0,1.0
1504.0,2789.0,1023.0,2451.0,2461.0,2854.0,3753.0,1240.0,1297.0,5.0,7.0,1.0
1473.0,2768.0,1004.0,2425.0,2441.0,2825.0,3727.0,1222.0,1273.0,5.0,7.0,1.0
1443.0,2762.0,998.0,2415.0,2423.0,2819.0,3723.0,1217.0,1295.0,5.0,7.0,1.0
1416.0,2760.0,997.0,2413.0,2421.0,2818.0,3727.0,1217.0,1292.0,5.0,7.0,1.0
1406.0,2766.0,998.0,2419.0,2432.0,2822.0,3734.0,1218.0,1291.0,5.0,7.0,1.0
1407.0,2771.0,997.0,2424.0,2438.0,2826.0,3743.0,1220.0,1291.0,5.0,7.0,1.0
1415.0,2769.0,997.0,2425.0,2436.0,2825.0,3744.0,1220.0,1290.0,5.0,7.0,1.0
1428.0,2773.0,997.0,2433.0,2453.0,2828.0,3748.0,1220.0,1260.0,5.0,7.0,1.0
1433.0,2774.0,996.0,2436.0,2459.0,2830.0,3748.0,1220.0,1260.0,5.0,7.0,1.0
1425.0,2767.0,994.0,2431.0,2454.0,2826.0,3744.0,1218.0,1257.0,5.0,7.0,1.0
1414.0,2763.0,994.0,2428.0,2455.0,2823.0,3738.0,1216.0,1256.0,5.0,7.0,1.0
1404.0,2767.0,994.0,2430.0,2462.0,2825.0,3740.0,1217.0,1256.0,5.0,7.0,1.0
1395.0,2763.0,992.0,2426.0,2456.0,2822.0,3738.0,1215.0,1254.0,5.0,7.0,1.0
1396.0,2759.0,991.0,2421.0,2448.0,2819.0,3732.0,1214.0,1253.0,5.0,7.0,1.0
1404.0,2764.0,991.0,2424.0,2450.0,2822.0,3734.0,1216.0,1254.0,5.0,7.0,1.0
1409.0,2766.0,989.0,2424.0,2445.0,2822.0,3737.0,1215.0,1253.0,5.0,7.0,1.0
1406.0,2761.0,988.0,2419.0,2437.0,2818.0,3733.0,1213.0,1251.0,5.0,7.0,1.0
1402.0,2763.0,989.0,2419.0,2442.0,2819.0,3734.0,1214.0,1252.0,5.0,7.0,1.0
1397.0,2766.0,990.0,2421.0,2448.0,2821.0,3737.0,1214.0,1252.0,5.0,7.0,1.0
1391.0,2760.0,988.0,2416.0,2445.0,2817.0,3730.0,1212.0,1249.0,5.0,7.0,1.0
1392.0,2757.0,987.0,2414.0,2447.0,2816.0,3724.0,1210.0,1248.0,5.0,7.0,1.0
1398.0,2756.0,986.0,2417.0,2453.0,2817.0,3723.0,1208.0,1247.0,5.0,7.0,1.0
1398.0,2748.0,983.0,2415.0,2449.0,2814.0,3716.0,1205.0,1243.0,5.0,7.0,1.0
1395.0,2741.0,980.0,2410.0,2444.0,2809.0,3709.0,1202.0,1240.0,5.0,7.0,1.0
1393.0,2745.0,981.0,2412.0,2449.0,2812.0,3714.0,1204.0,1240.0,5.0,7.0,1.0
1388.0,2747.0,981.0,2412.0,2447.0,2812.0,3719.0,1205.0,1241.0,5.0,7.0,1.0
1383.0,2745.0,980.0,2408.0,2438.0,2810.0,3718.0,1205.0,1240.0,5.0,7.0,1.0
1386.0,2751.0,981.0,2408.0,2436.0,2811.0,3723.0,1205.0,1240.0,5.0,7.0,1.0
1390.0,2756.0,983.0,2411.0,2435.0,2813.0,3729.0,1207.0,1241.0,5.0,7.0,1.0
1389.0,2754.0,982.0,2407.0,2426.0,2811.0,3726.0,1206.0,1240.0,5.0,7.0,1.0
1389.0,2753.0,982.0,2408.0,2428.0,2811.0,3724.0,1207.0,1241.0,5.0,7.0,1.0
1389.0,2759.0,984.0,2414.0,2438.0,2815.0,3729.0,1210.0,1244.0,5.0,7.0,1.0
1259.0,2591.0,994.0,2087.0,2473.0,2815.0,3602.0,1211.0,1261.0,6.0,7.0,1.0
1261.0,2594.0,991.0,2121.0,2473.0,2813.0,3607.0,1210.0,1255.0,6.0,7.0,1.0
1262.0,2595.0,989.0,2127.0,2474.0,2814.0,3611.0,1210.0,1252.0,6.0,7.0,1.0
1258.0,2590.0,985.0,2122.0,2467.0,2810.0,3608.0,1208.0,1249.0,6.0,7.0,1.0
1256.0,2588.0,983.0,2101.0,2468.0,2809.0,3606.0,1207.0,1247.0,6.0,7.0,1.0
1254.0,2590.0,982.0,2071.0,2472.0,2811.0,3607.0,1207.0,1245.0,6.0,7.0,1.0
1249.0,2585.0,980.0,2061.0,2469.0,2809.0,3602.0,1205.0,1244.0,6.0,7.0,1.0
1246.0,2582.0,978.0,2057.0,2466.0,2806.0,3598.0,1203.0,1242.0,6.0,7.0,1.0
1248.0,2584.0,979.0,2060.0,2469.0,2807.0,3600.0,1202.0,1240.0,6.0,7.0,1.0
1248.0,2585.0,979.0,2080.0,2467.0,2806.0,3603.0,1203.0,1241.0,6.0,7.0,1.0
1248.0,2582.0,978.0,2109.0,2462.0,2803.0,3602.0,1201.0,1240.0,6.0,7.0,1.0
1251.0,2586.0,980.0,2116.0,2468.0,2806.0,3607.0,1203.0,1241.0,6.0,7.0,1.0
1250.0,2584.0,979.0,2106.0,2468.0,2806.0,3605.0,1202.0,1239.0,6.0,7.0,1.0
1249.0,2579.0,979.0,2081.0,2454.0,2805.0,3600.0,1202.0,1269.0,6.0,7.0,1.0
1251.0,2581.0,981.0,2077.0,2459.0,2807.0,3599.0,1204.0,1271.0,6.0,7.0,1.0
1253.0,2583.0,982.0,2077.0,2464.0,2810.0,3599.0,1207.0,1273.0,6.0,7.0,1.0
1250.0,2578.0,981.0,2075.0,2458.0,2806.0,3593.0,1206.0,1272.0,6.0,7.0,1.0
1252.0,2578.0,983.0,2084.0,2456.0,2805.0,3592.0,1208.0,1273.0,6.0,7.0,1.0
1255.0,2584.0,985.0,2106.0,2473.0,2809.0,3597.0,1210.0,1245.0,6.0,7.0,1.0
1253.0,2582.0,984.0,2101.0,2469.0,2807.0,3597.0,1208.0,1243.0,6.0,7.0,1.0
1251.0,2580.0,984.0,2092.0,2465.0,2807.0,3595.0,1208.0,1243.0,6.0,7.0,1.0
1253.0,2584.0,985.0,2091.0,2470.0,2809.0,3598.0,1208.0,1242.0,6.0,7.0,1.0
1254.0,2583.0,985.0,2091.0,2469.0,2808.0,3596.0,1208.0,1242.0,6.0,7.0,1.0
1251.0,2578.0,984.0,2091.0,2461.0,2803.0,3590.0,1206.0,1241.0,6.0,7.0,1.0
1254.0,2581.0,985.0,2101.0,2466.0,2806.0,3591.0,1208.0,1243.0,6.0,7.0,1.0
1255.0,2583.0,985.0,2105.0,2468.0,2806.0,3593.0,1208.0,1243.0,6.0,7.0,1.0
1253.0,2578.0,984.0,2097.0,2462.0,2803.0,3587.0,1208.0,1242.0,6.0,7.0,1.0
1253.0,2580.0,985.0,2094.0,2465.0,2805.0,3588.0,1209.0,1243.0,6.0,7.0,1.0
1255.0,2583.0,986.0,2094.0,2470.0,2809.0,3591.0,1211.0,1245.0,6.0,7.0,1.0
1253.0,2580.0,986.0,2092.0,2465.0,2806.0,3589.0,1210.0,1243.0,6.0,7.0,1.0
1250.0,2576.0,984.0,2092.0,2459.0,2802.0,3583.0,1206.0,1240.0,6.0,7.0,1.0
1250.0,2578.0,984.0,2098.0,2462.0,2803.0,3587.0,1207.0,1240.0,6.0,7.0,1.0
1247.0,2576.0,981.0,2093.0,2458.0,2800.0,3585.0,1204.0,1238.0,6.0,7.0,1.0
1244.0,2571.0,979.0,2086.0,2452.0,2797.0,3583.0,1202.0,1236.0,6.0,7.0,1.0
1243.0,2569.0,977.0,2083.0,2451.0,2795.0,3580.0,1200.0,1234.0,6.0,7.0,1.0
1246.0,2572.0,978.0,2085.0,2453.0,2798.0,3583.0,1202.0,1235.0,6.0,7.0,1.0
1245.0,2569.0,978.0,2084.0,2447.0,2795.0,3580.0,1201.0,1234.0,6.0,7.0,1.0
1246.0,2571.0,979.0,2088.0,2450.0,2798.0,3582.0,1203.0,1235.0,6.0,7.0,1.0
1248.0,2574.0,981.0,2088.0,2455.0,2800.0,3585.0,1204.0,1236.0,6.0,7.0,1.0
1247.0,2574.0,981.0,2083.0,2455.0,2802.0,3587.0,1204.0,1236.0,6.0,7.0,1.0
1246.0,2573.0,981.0,2079.0,2455.0,2802.0,3589.0,1204.0,1235.0,6.0,7.0,1.0
1248.0,2577.0,982.0,2082.0,2462.0,2806.0,3593.0,1207.0,1237.0,6.0,7.0,1.0
1247.0,2575.0,982.0,2083.0,2459.0,2805.0,3592.0,1206.0,1237.0,6.0,7.0,1.0
1265.0,2580.0,995.0,1882.0,2538.0,2823.0,3522.0,1216.0,1260.0,7.0,7.0,1.0
1264.0,2574.0,993.0,1881.0,2527.0,2823.0,3522.0,1217.0,1288.0,7.0,7.0,1.0
1266.0,2572.0,994.0,1883.0,2533.0,2824.0,3523.0,1217.0,1286.0,7.0,7.0,1.0
1265.0,2566.0,994.0,1883.0,2532.0,2824.0,3522.0,1216.0,1284.0,7.0,7.0,1.0
1264.0,2560.0,994.0,1882.0,2528.0,2822.0,3522.0,1216.0,1283.0,7.0,7.0,1.0
1266.0,2563.0,994.0,1884.0,2533.0,2824.0,3523.0,1218.0,1283.0,7.0,7.0,1.0
1264.0,2565.0,992.0,1882.0,2544.0,2823.0,3520.0,1215.0,1251.0,7.0,7.0,1.0
1262.0,2568.0,990.0,1879.0,2539.0,2820.0,3517.0,1213.0,1249.0,7.0,7.0,1.0
1263.0,2574.0,989.0,1879.0,2541.0,2821.0,3517.0,1214.0,1249.0,7.0,7.0,1.0
1263.0,2581.0,989.0,1879.0,2543.0,2822.0,3519.0,1214.0,1249.0,7.0,7.0,1.0
1261.0,2579.0,987.0,1878.0,2536.0,2818.0,3515.0,1213.0,1248.0,7.0,7.0,1.0
1262.0,2577.0,987.0,1877.0,2535.0,2818.0,3515.0,1214.0,1248.0,7.0,7.0,1.0
1263.0,2574.0,987.0,1877.0,2539.0,2818.0,3516.0,1214.0,1246.0,7.0,7.0,1.0
1261.0,2568.0,987.0,1875.0,2537.0,2817.0,3514.0,1213.0,1246.0,7.0,7.0,1.0
1260.0,2559.0,986.0,1874.0,2535.0,2816.0,3513.0,1213.0,1244.0,7.0,7.0,1.0
1261.0,2558.0,987.0,1874.0,2540.0,2818.0,3515.0,1213.0,1244.0,7.0,7.0,1.0
1261.0,2555.0,987.0,1873.0,2539.0,2817.0,3514.0,1212.0,1244.0,7.0,7.0,1.0
1260.0,2552.0,987.0,1872.0,2535.0,2815.0,3511.0,1212.0,1243.0,7.0,7.0,1.0
1260.0,2555.0,986.0,1872.0,2537.0,2816.0,3511.0,1212.0,1242.0,7.0,7.0,1.0
1258.0,2558.0,984.0,1870.0,2537.0,2814.0,3508.0,1210.0,1240.0,7.0,7.0,1.0
1255.0,2558.0,982.0,1866.0,2530.0,2809.0,3503.0,1208.0,1238.0,7.0,7.0,1.0
1255.0,2561.0,982.0,1867.0,2531.0,2811.0,3504.0,1208.0,1238.0,7.0,7.0,1.0
1256.0,2567.0,980.0,1867.0,2533.0,2812.0,3505.0,1208.0,1237.0,7.0,7.0,1.0
1254.0,2566.0,980.0,1865.0,2528.0,2810.0,3504.0,1206.0,1236.0,7.0,7.0,1.0
1255.0,2566.0,980.0,1866.0,2528.0,2811.0,3502.0,1207.0,1237.0,7.0,7.0,1.0
1258.0,2567.0,982.0,1869.0,2535.0,2815.0,3506.0,1208.0,1239.0,7.0,7.0,1.0
1256.0,2563.0,981.0,1868.0,2534.0,2814.0,3505.0,1207.0,1238.0,7.0,7.0,1.0
1255.0,2557.0,981.0,1867.0,2531.0,2811.0,3505.0,1207.0,1238.0,7.0,7.0,1.0
1256.0,2558.0,982.0,1869.0,2535.0,2813.0,3506.0,1209.0,1239.0,7.0,7.0,1.0
1256.0,2555.0,982.0,1867.0,2534.0,2812.0,3505.0,1208.0,1238.0,7.0,7.0,1.0
1253.0,2551.0,981.0,1865.0,2529.0,2809.0,3502.0,1208.0,1238.0,7.0,7.0,1.0
1254.0,2552.0,982.0,1865.0,2531.0,2810.0,3501.0,1209.0,1239.0,7.0,7.0,1.0
1255.0,2556.0,983.0,1865.0,2533.0,2811.0,3500.0,1210.0,1239.0,7.0,7.0,1.0
1255.0,2555.0,981.0,1863.0,2528.0,2809.0,3499.0,1208.0,1238.0,7.0,7.0,1.0
1255.0,2559.0,981.0,1863.0,2527.0,2809.0,3500.0,1209.0,1239.0,7.0,7.0,1.0
1259.0,2565.0,983.0,1866.0,2533.0,2813.0,3503.0,1211.0,1241.0,7.0,7.0,1.0
1259.0,2567.0,984.0,1866.0,2531.0,2812.0,3503.0,1211.0,1240.0,7.0,7.0,1.0
1260.0,2565.0,986.0,1868.0,2532.0,2813.0,3502.0,1213.0,1242.0,7.0,7.0,1.0
1265.0,2570.0,990.0,1874.0,2541.0,2820.0,3508.0,1218.0,1247.0,7.0,7.0,1.0
1267.0,2571.0,993.0,1877.0,2546.0,2824.0,3512.0,1220.0,1249.0,7.0,7.0,1.0
1266.0,2565.0,993.0,1876.0,2542.0,2821.0,3510.0,1220.0,1248.0,7.0,7.0,1.0
1277.0,2244.0,1009.0,1887.0,2257.0,2831.0,3436.0,1231.0,1310.0,8.0,7.0,1.0
1276.0,2241.0,1007.0,1888.0,2251.0,2831.0,3440.0,1231.0,1304.0,8.0,7.0,1.0
1272.0,2238.0,1002.0,1884.0,2259.0,2827.0,3445.0,1227.0,1267.0,8.0,7.0,1.0
1271.0,2238.0,999.0,1883.0,2273.0,2826.0,3454.0,1225.0,1264.0,8.0,7.0,1.0
1272.0,2240.0,999.0,1884.0,2291.0,2829.0,3466.0,1225.0,1262.0,8.0,7.0,1.0
1269.0,2237.0,995.0,1882.0,2294.0,2826.0,3466.0,1222.0,1257.0,8.0,7.0,1.0
1267.0,2234.0,993.0,1879.0,2284.0,2824.0,3460.0,1220.0,1255.0,8.0,7.0,1.0
1268.0,2235.0,993.0,1881.0,2275.0,2827.0,3454.0,1221.0,1255.0,8.0,7.0,1.0
1267.0,2232.0,993.0,1880.0,2260.0,2826.0,3445.0,1220.0,1252.0,8.0,7.0,1.0
1264.0,2229.0,992.0,1878.0,2249.0,2823.0,3436.0,1218.0,1250.0,8.0,7.0,1.0
1265.0,2231.0,992.0,1879.0,2251.0,2826.0,3434.0,1219.0,1251.0,8.0,7.0,1.0
1266.0,2232.0,992.0,1880.0,2256.0,2828.0,3437.0,1219.0,1250.0,8.0,7.0,1.0
1263.0,2230.0,991.0,1879.0,2257.0,2827.0,3437.0,1217.0,1248.0,8.0,7.0,1.0
1263.0,2231.0,990.0,1880.0,2257.0,2828.0,3440.0,1218.0,1248.0,8.0,7.0,1.0
1263.0,2231.0,988.0,1879.0,2253.0,2829.0,3438.0,1216.0,1246.0,8.0,7.0,1.0
1260.0,2228.0,986.0,1875.0,2246.0,2826.0,3436.0,1213.0,1244.0,8.0,7.0,1.0
1257.0,2224.0,983.0,1872.0,2244.0,2823.0,3435.0,1210.0,1241.0,8.0,7.0,1.0
1258.0,2224.0,982.0,1871.0,2250.0,2823.0,3440.0,1211.0,1240.0,8.0,7.0,1.0
1255.0,2222.0,979.0,1868.0,2254.0,2819.0,3442.0,1208.0,1238.0,8.0,7.0,1.0
1252.0,2218.0,978.0,1866.0,2255.0,2816.0,3443.0,1207.0,1237.0,8.0,7.0,1.0
1255.0,2219.0,978.0,1868.0,2256.0,2817.0,3444.0,1207.0,1237.0,8.0,7.0,1.0
1254.0,2218.0,978.0,1867.0,2251.0,2816.0,3440.0,1207.0,1236.0,8.0,7.0,1.0
1252.0,2215.0,976.0,1864.0,2241.0,2811.0,3429.0,1204.0,1234.0,8.0,7.0,1.0
1253.0,2216.0,977.0,1865.0,2239.0,2813.0,3425.0,1206.0,1236.0,8.0,7.0,1.0
1254.0,2218.0,977.0,1865.0,2239.0,2814.0,3422.0,1206.0,1234.0,8.0,7.0,1.0
1252.0,2216.0,977.0,1864.0,2236.0,2811.0,3416.0,1205.0,1233.0,8.0,7.0,1.0
1252.0,2217.0,977.0,1864.0,2235.0,2812.0,3415.0,1205.0,1233.0,8.0,7.0,1.0
1254.0,2219.0,978.0,1866.0,2239.0,2815.0,3420.0,1207.0,1235.0,8.0,7.0,1.0
1253.0,2218.0,977.0,1864.0,2238.0,2813.0,3420.0,1206.0,1234.0,8.0,7.0,1.0
1252.0,2216.0,976.0,1863.0,2238.0,2812.0,3422.0,1205.0,1233.0,8.0,7.0,1.0
1253.0,2217.0,976.0,1865.0,2245.0,2815.0,3429.0,1207.0,1235.0,8.0,7.0,1.0
1255.0,2219.0,978.0,1866.0,2250.0,2817.0,3435.0,1210.0,1236.0,8.0,7.0,1.0
1253.0,2218.0,979.0,1866.0,2252.0,2815.0,3434.0,1210.0,1236.0,8.0,7.0,1.0
1257.0,2222.0,982.0,1869.0,2253.0,2819.0,3435.0,1211.0,1238.0,8.0,7.0,1.0
1259.0,2224.0,984.0,1871.0,2252.0,2821.0,3434.0,1213.0,1241.0,8.0,7.0,1.0
1259.0,2224.0,983.0,1870.0,2245.0,2819.0,3429.0,1213.0,1241.0,8.0,7.0,1.0
1573.0,2551.0,1457.0,2392.0,1779.0,3153.0,3484.0,1560.0,1800.0,1.0,8.0,1.0
1574.0,2552.0,1459.0,2394.0,1780.0,3154.0,3486.0,1562.0,1802.0,1.0,8.0,1.0
1569.0,2547.0,1456.0,2389.0,1777.0,3151.0,3483.0,1559.0,1798.0,1.0,8.0,1.0
1570.0,2551.0,1457.0,2390.0,1778.0,3153.0,3485.0,1560.0,1799.0,1.0,8.0,1.0
1574.0,2556.0,1459.0,2394.0,1782.0,3157.0,3487.0,1560.0,1799.0,1.0,8.0,1.0
1569.0,2553.0,1457.0,2388.0,1779.0,3155.0,3484.0,1559.0,1794.0,1.0,8.0,1.0
1567.0,2550.0,1456.0,2386.0,1778.0,3154.0,3480.0,1556.0,1792.0,1.0,8.0,1.0
1573.0,2558.0,1460.0,2394.0,1783.0,3160.0,3487.0,1561.0,1798.0,1.0,8.0,1.0
1573.0,2558.0,1461.0,2395.0,1783.0,3160.0,3489.0,1562.0,1800.0,1.0,8.0,1.0
1571.0,2555.0,1460.0,2394.0,1781.0,3157.0,3489.0,1561.0,1801.0,1.0,8.0,1.0
1576.0,2559.0,1464.0,2401.0,1786.0,3161.0,3492.0,1564.0,1807.0,1.0,8.0,1.0
1580.0,2563.0,1466.0,2407.0,1789.0,3162.0,3496.0,1566.0,1812.0,1.0,8.0,1.0
1576.0,2557.0,1464.0,2402.0,1785.0,3158.0,3490.0,1564.0,1809.0,1.0,8.0,1.0
1577.0,2558.0,1465.0,2403.0,1786.0,3158.0,3487.0,1562.0,1808.0,1.0,8.0,1.0
1580.0,2561.0,1467.0,2407.0,1790.0,3160.0,3490.0,1565.0,1809.0,1.0,8.0,1.0
1578.0,2558.0,1465.0,2401.0,1787.0,3157.0,3489.0,1564.0,1806.0,1.0,8.0,1.0
1576.0,2556.0,1465.0,2398.0,1785.0,3156.0,3487.0,1564.0,1804.0,1.0,8.0,1.0
1580.0,2560.0,1467.0,2403.0,1789.0,3160.0,3491.0,1565.0,1806.0,1.0,8.0,1.0
1578.0,2560.0,1468.0,2402.0,1787.0,3159.0,3491.0,1567.0,1807.0,1.0,8.0,1.0
1576.0,2557.0,1466.0,2398.0,1784.0,3158.0,3490.0,1565.0,1806.0,1.0,8.0,1.0
1579.0,2561.0,1468.0,2404.0,1787.0,3161.0,3493.0,1567.0,1810.0,1.0,8.0,1.0
1580.0,2562.0,1469.0,2406.0,1787.0,3161.0,3494.0,1567.0,1812.0,1.0,8.0,1.0
1577.0,2560.0,1467.0,2403.0,1784.0,3159.0,3493.0,1565.0,1810.0,1.0,8.0,1.0
1579.0,2561.0,1466.0,2405.0,1775.0,3182.0,3494.0,1563.0,1809.0,1.0,8.0,1.0
1580.0,2563.0,1465.0,2406.0,1775.0,3182.0,3492.0,1561.0,1808.0,1.0,8.0,1.0
1575.0,2558.0,1462.0,2400.0,1770.0,3178.0,3488.0,1558.0,1803.0,1.0,8.0,1.0
1574.0,2556.0,1459.0,2400.0,1770.0,3177.0,3488.0,1557.0,1803.0,1.0,8.0,1.0
1575.0,2557.0,1459.0,2403.0,1771.0,3178.0,3489.0,1555.0,1804.0,1.0,8.0,1.0
1572.0,2555.0,1458.0,2401.0,1780.0,3153.0,3487.0,1552.0,1802.0,1.0,8.0,1.0
1569.0,2551.0,1457.0,2400.0,1780.0,3151.0,3485.0,1552.0,1801.0,1.0,8.0,1.0
1572.0,2555.0,1459.0,2405.0,1783.0,3154.0,3489.0,1552.0,1804.0,1.0,8.0,1.0
1570.0,2555.0,1459.0,2405.0,1782.0,3153.0,3487.0,1551.0,1803.0,1.0,8.0,1.0
1566.0,2551.0,1458.0,2399.0,1779.0,3150.0,3484.0,1550.0,1801.0,1.0,8.0,1.0
1568.0,2553.0,1459.0,2402.0,1782.0,3153.0,3486.0,1551.0,1803.0,1.0,8.0,1.0
1570.0,2555.0,1459.0,2405.0,1783.0,3155.0,3489.0,1550.0,1803.0,1.0,8.0,1.0
1569.0,2552.0,1457.0,2401.0,1781.0,3153.0,3486.0,1548.0,1800.0,1.0,8.0,1.0
1571.0,2553.0,1458.0,2402.0,1783.0,3154.0,3486.0,1551.0,1802.0,1.0,8.0,1.0
1575.0,2557.0,1459.0,2407.0,1786.0,3157.0,3490.0,1553.0,1805.0,1.0,8.0,1.0
1573.0,2555.0,1458.0,2403.0,1783.0,3155.0,3488.0,1553.0,1803.0,1.0,8.0,1.0
1572.0,2552.0,1458.0,2401.0,1782.0,3154.0,3485.0,1554.0,1804.0,1.0,8.0,1.0
1576.0,2558.0,1462.0,2407.0,1787.0,3160.0,3491.0,1558.0,1809.0,1.0,8.0,1.0
1576.0,2559.0,1463.0,2407.0,1786.0,3161.0,3494.0,1559.0,1809.0,1.0,8.0,1.0
1573.0,2556.0,1463.0,2404.0,1785.0,3159.0,3491.0,1559.0,1808.0,1.0,8.0,1.0
1577.0,2561.0,1467.0,2411.0,1790.0,3163.0,3496.0,1563.0,1812.0,1.0,8.0,1.0
1579.0,2566.0,1469.0,2415.0,1792.0,3166.0,3503.0,1565.0,1813.0,1.0,8.0,1.0
1574.0,2561.0,1467.0,2410.0,1789.0,3163.0,3497.0,1562.0,1810.0,1.0,8.0,1.0
1573.0,2575.0,1479.0,2570.0,1987.0,3043.0,3577.0,1230.0,1861.0,2.0,8.0,1.0
1573.0,2575.0,1474.0,2584.0,1988.0,3045.0,3577.0,1227.0,1855.0,2.0,8.0,1.0
1570.0,2573.0,1467.0,2597.0,1986.0,3046.0,3575.0,1227.0,1849.0,2.0,8.0,1.0
1565.0,2567.0,1461.0,2604.0,1981.0,3045.0,3570.0,1225.0,1842.0,2.0,8.0,1.0
1567.0,2568.0,1460.0,2617.0,1982.0,3050.0,3570.0,1226.0,1840.0,2.0,8.0,1.0
1571.0,2570.0,1459.0,2629.0,1985.0,3055.0,3575.0,1230.0,1841.0,2.0,8.0,1.0
1568.0,2568.0,1457.0,2626.0,1983.0,3052.0,3575.0,1230.0,1838.0,2.0,8.0,1.0
1569.0,2568.0,1458.0,2622.0,1985.0,3052.0,3577.0,1230.0,1838.0,2.0,8.0,1.0
1573.0,2573.0,1459.0,2618.0,1989.0,3052.0,3582.0,1229.0,1839.0,2.0,8.0,1.0
1571.0,2573.0,1459.0,2604.0,1989.0,3048.0,3586.0,1229.0,1836.0,2.0,8.0,1.0
1569.0,2571.0,1457.0,2589.0,1987.0,3044.0,3585.0,1227.0,1833.0,2.0,8.0,1.0
1571.0,2573.0,1457.0,2587.0,1990.0,3045.0,3586.0,1227.0,1833.0,2.0,8.0,1.0
1570.0,2573.0,1456.0,2588.0,1989.0,3045.0,3587.0,1226.0,1831.0,2.0,8.0,1.0
1567.0,2568.0,1453.0,2591.0,1986.0,3043.0,3584.0,1226.0,1829.0,2.0,8.0,1.0
1569.0,2568.0,1453.0,2603.0,1987.0,3046.0,3585.0,1226.0,1830.0,2.0,8.0,1.0
1571.0,2571.0,1454.0,2617.0,1989.0,3049.0,3587.0,1226.0,1831.0,2.0,8.0,1.0
1568.0,2568.0,1452.0,2619.0,1985.0,3048.0,3585.0,1227.0,1829.0,2.0,8.0,1.0
1569.0,2568.0,1451.0,2620.0,1986.0,3049.0,3583.0,1226.0,1828.0,2.0,8.0,1.0
1573.0,2574.0,1454.0,2624.0,1990.0,3051.0,3587.0,1227.0,1829.0,2.0,8.0,1.0
1572.0,2573.0,1452.0,2614.0,1988.0,3047.0,3587.0,1226.0,1827.0,2.0,8.0,1.0
1570.0,2570.0,1451.0,2601.0,1987.0,3044.0,3582.0,1223.0,1824.0,2.0,8.0,1.0
1575.0,2575.0,1454.0,2598.0,1994.0,3046.0,3587.0,1223.0,1826.0,2.0,8.0,1.0
1573.0,2574.0,1453.0,2587.0,1992.0,3043.0,3586.0,1221.0,1825.0,2.0,8.0,1.0
1567.0,2568.0,1449.0,2573.0,1988.0,3038.0,3581.0,1218.0,1821.0,2.0,8.0,1.0
1568.0,2569.0,1449.0,2573.0,1989.0,3038.0,3578.0,1217.0,1820.0,2.0,8.0,1.0
1567.0,2569.0,1448.0,2577.0,1988.0,3038.0,3580.0,1217.0,1819.0,2.0,8.0,1.0
1560.0,2562.0,1443.0,2574.0,1979.0,3032.0,3574.0,1214.0,1813.0,2.0,8.0,1.0
1560.0,2563.0,1444.0,2583.0,1979.0,3034.0,3574.0,1216.0,1814.0,2.0,8.0,1.0
1562.0,2566.0,1445.0,2595.0,1981.0,3037.0,3576.0,1217.0,1816.0,2.0,8.0,1.0
1560.0,2564.0,1445.0,2597.0,1978.0,3036.0,3574.0,1218.0,1816.0,2.0,8.0,1.0
1559.0,2563.0,1444.0,2597.0,1977.0,3035.0,3571.0,1218.0,1816.0,2.0,8.0,1.0
1564.0,2567.0,1446.0,2602.0,1983.0,3038.0,3573.0,1218.0,1819.0,2.0,8.0,1.0
1564.0,2566.0,1446.0,2598.0,1982.0,3036.0,3573.0,1218.0,1819.0,2.0,8.0,1.0
1562.0,2563.0,1445.0,2586.0,1980.0,3033.0,3570.0,1217.0,1817.0,2.0,8.0,1.0
1564.0,2565.0,1446.0,2581.0,1983.0,3035.0,3574.0,1217.0,1818.0,2.0,8.0,1.0
1566.0,2568.0,1447.0,2578.0,1985.0,3036.0,3578.0,1218.0,1819.0,2.0,8.0,1.0
1562.0,2564.0,1446.0,2569.0,1981.0,3032.0,3574.0,1217.0,1816.0,2.0,8.0,1.0
1563.0,2564.0,1446.0,2570.0,1982.0,3034.0,3575.0,1218.0,1816.0,2.0,8.0,1.0
1569.0,2570.0,1449.0,2582.0,1979.0,3039.0,3581.0,1222.0,1848.0,2.0,8.0,1.0
1568.0,2569.0,1450.0,2587.0,1977.0,3038.0,3580.0,1223.0,1848.0,2.0,8.0,1.0
1576.0,2738.0,1194.0,2635.0,2278.0,2951.0,3594.0,1217.0,1765.0,3.0,8.0,1.0
1572.0,2734.0,1191.0,2629.0,2263.0,2957.0,3591.0,1213.0,1769.0,3.0,8.0,1.0
1570.0,2733.0,1191.0,2627.0,2249.0,2965.0,3591.0,1211.0,1784.0,3.0,8.0,1.0
1564.0,2723.0,1188.0,2617.0,2233.0,2965.0,3585.0,1208.0,1787.0,3.0,8.0,1.0
1561.0,2719.0,1184.0,2614.0,2231.0,2960.0,3581.0,1205.0,1781.0,3.0,8.0,1.0
1563.0,2726.0,1181.0,2620.0,2241.0,2955.0,3585.0,1205.0,1767.0,3.0,8.0,1.0
1559.0,2726.0,1175.0,2621.0,2251.0,2944.0,3583.0,1205.0,1746.0,3.0,8.0,1.0
1557.0,2722.0,1169.0,2623.0,2261.0,2937.0,3581.0,1205.0,1731.0,3.0,8.0,1.0
1560.0,2722.0,1167.0,2634.0,2272.0,2939.0,3581.0,1206.0,1731.0,3.0,8.0,1.0
1562.0,2717.0,1168.0,2641.0,2273.0,2944.0,3582.0,1207.0,1738.0,3.0,8.0,1.0
1561.0,2704.0,1168.0,2641.0,2265.0,2947.0,3578.0,1207.0,1752.0,3.0,8.0,1.0
1565.0,2702.0,1170.0,2647.0,2267.0,2954.0,3582.0,1209.0,1771.0,3.0,8.0,1.0
1568.0,2706.0,1171.0,2652.0,2271.0,2957.0,3586.0,1210.0,1778.0,3.0,8.0,1.0
1566.0,2709.0,1170.0,2647.0,2270.0,2951.0,3586.0,1210.0,1765.0,3.0,8.0,1.0
1565.0,2717.0,1169.0,2644.0,2276.0,2947.0,3589.0,1210.0,1748.0,3.0,8.0,1.0
1569.0,2731.0,1169.0,2645.0,2286.0,2945.0,3592.0,1210.0,1736.0,3.0,8.0,1.0
1566.0,2735.0,1168.0,2637.0,2281.0,2941.0,3591.0,1210.0,1726.0,3.0,8.0,1.0
1564.0,2737.0,1168.0,2629.0,2274.0,2942.0,3591.0,1209.0,1724.0,3.0,8.0,1.0
1567.0,2742.0,1169.0,2631.0,2274.0,2948.0,3596.0,1210.0,1733.0,3.0,8.0,1.0
1567.0,2744.0,1169.0,2631.0,2271.0,2949.0,3596.0,1209.0,1739.0,3.0,8.0,1.0
1563.0,2740.0,1167.0,2627.0,2266.0,2946.0,3595.0,1208.0,1735.0,3.0,8.0,1.0
1567.0,2744.0,1167.0,2633.0,2276.0,2947.0,3598.0,1208.0,1729.0,3.0,8.0,1.0
1568.0,2744.0,1166.0,2639.0,2283.0,2945.0,3599.0,1208.0,1725.0,3.0,8.0,1.0
1565.0,2737.0,1165.0,2639.0,2283.0,2942.0,3597.0,1208.0,1723.0,3.0,8.0,1.0
1566.0,2731.0,1164.0,2641.0,2284.0,2943.0,3594.0,1208.0,1727.0,3.0,8.0,1.0
1570.0,2730.0,1166.0,2650.0,2289.0,2948.0,3596.0,1209.0,1737.0,3.0,8.0,1.0
1566.0,2722.0,1164.0,2647.0,2282.0,2945.0,3592.0,1207.0,1741.0,3.0,8.0,1.0
1563.0,2718.0,1161.0,2642.0,2279.0,2942.0,3587.0,1205.0,1736.0,3.0,8.0,1.0
1563.0,2723.0,1161.0,2643.0,2283.0,2940.0,3588.0,1205.0,1729.0,3.0,8.0,1.0
1561.0,2726.0,1159.0,2636.0,2279.0,2937.0,3588.0,1204.0,1720.0,3.0,8.0,1.0
1556.0,2725.0,1156.0,2623.0,2270.0,2932.0,3584.0,1201.0,1711.0,3.0,8.0,1.0
1559.0,2732.0,1157.0,2618.0,2268.0,2935.0,3589.0,1202.0,1709.0,3.0,8.0,1.0
1560.0,2738.0,1158.0,2613.0,2266.0,2936.0,3590.0,1201.0,1709.0,3.0,8.0,1.0
1558.0,2737.0,1156.0,2604.0,2260.0,2933.0,3586.0,1200.0,1707.0,3.0,8.0,1.0
1557.0,2738.0,1156.0,2605.0,2262.0,2933.0,3585.0,1201.0,1704.0,3.0,8.0,1.0
1487.0,2766.0,991.0,2563.0,2311.0,2819.0,3585.0,1202.0,1468.0,4.0,8.0,1.0
1477.0,2762.0,986.0,2554.0,2309.0,2812.0,3583.0,1200.0,1462.0,4.0,8.0,1.0
1474.0,2764.0,984.0,2551.0,2313.0,2814.0,3584.0,1200.0,1459.0,4.0,8.0,1.0
1471.0,2765.0,983.0,2545.0,2312.0,2817.0,3586.0,1199.0,1456.0,4.0,8.0,1.0
1469.0,2759.0,982.0,2538.0,2307.0,2817.0,3583.0,1198.0,1454.0,4.0,8.0,1.0
1472.0,2763.0,982.0,2540.0,2313.0,2822.0,3587.0,1199.0,1454.0,4.0,8.0,1.0
1472.0,2766.0,982.0,2542.0,2316.0,2822.0,3589.0,1199.0,1452.0,4.0,8.0,1.0
1470.0,2763.0,982.0,2544.0,2312.0,2817.0,3590.0,1200.0,1450.0,4.0,8.0,1.0
1474.0,2763.0,982.0,2554.0,2313.0,2815.0,3591.0,1200.0,1449.0,4.0,8.0,1.0
1482.0,2767.0,983.0,2567.0,2318.0,2816.0,3594.0,1202.0,1450.0,4.0,8.0,1.0
1487.0,2765.0,982.0,2572.0,2312.0,2815.0,3593.0,1202.0,1449.0,4.0,8.0,1.0
1492.0,2763.0,982.0,2579.0,2309.0,2814.0,3592.0,1202.0,1450.0,4.0,8.0,1.0
1495.0,2767.0,981.0,2584.0,2314.0,2816.0,3593.0,1203.0,1449.0,4.0,8.0,1.0
1491.0,2766.0,980.0,2577.0,2312.0,2814.0,3592.0,1201.0,1445.0,4.0,8.0,1.0
1481.0,2762.0,979.0,2562.0,2308.0,2810.0,3588.0,1200.0,1442.0,4.0,8.0,1.0
1476.0,2765.0,979.0,2552.0,2314.0,2812.0,3590.0,1201.0,1442.0,4.0,8.0,1.0
1470.0,2767.0,980.0,2539.0,2315.0,2813.0,3589.0,1200.0,1441.0,4.0,8.0,1.0
1463.0,2763.0,979.0,2522.0,2311.0,2811.0,3585.0,1199.0,1440.0,4.0,8.0,1.0
1462.0,2765.0,979.0,2516.0,2314.0,2814.0,3587.0,1200.0,1441.0,4.0,8.0,1.0
1464.0,2768.0,980.0,2519.0,2318.0,2816.0,3588.0,1201.0,1443.0,4.0,8.0,1.0
1461.0,2762.0,978.0,2521.0,2310.0,2811.0,3582.0,1198.0,1440.0,4.0,8.0,1.0
1465.0,2758.0,976.0,2530.0,2307.0,2808.0,3579.0,1196.0,1438.0,4.0,8.0,1.0
1473.0,2762.0,975.0,2548.0,2310.0,2809.0,3580.0,1195.0,1439.0,4.0,8.0,1.0
1479.0,2760.0,974.0,2560.0,2306.0,2806.0,3575.0,1193.0,1438.0,4.0,8.0,1.0
1481.0,2755.0,972.0,2563.0,2299.0,2803.0,3572.0,1191.0,1434.0,4.0,8.0,1.0
1486.0,2757.0,972.0,2568.0,2304.0,2806.0,3576.0,1193.0,1436.0,4.0,8.0,1.0
1483.0,2757.0,971.0,2563.0,2304.0,2807.0,3575.0,1194.0,1438.0,4.0,8.0,1.0
1474.0,2751.0,970.0,2547.0,2297.0,2804.0,3573.0,1193.0,1435.0,4.0,8.0,1.0
1468.0,2750.0,970.0,2534.0,2299.0,2806.0,3572.0,1193.0,1435.0,4.0,8.0,1.0
1465.0,2753.0,971.0,2527.0,2304.0,2808.0,3572.0,1195.0,1437.0,4.0,8.0,1.0
1459.0,2751.0,971.0,2518.0,2298.0,2805.0,3569.0,1192.0,1434.0,4.0,8.0,1.0
1459.0,2749.0,972.0,2518.0,2296.0,2804.0,3568.0,1192.0,1433.0,4.0,8.0,1.0
1465.0,2753.0,972.0,2530.0,2302.0,2807.0,3572.0,1194.0,1435.0,4.0,8.0,1.0
1469.0,2752.0,971.0,2539.0,2299.0,2804.0,3573.0,1194.0,1435.0,4.0,8.0,1.0
1471.0,2746.0,970.0,2546.0,2293.0,2801.0,3572.0,1192.0,1433.0,4.0,8.0,1.0
1478.0,2748.0,970.0,2558.0,2299.0,2803.0,3575.0,1193.0,1435.0,4.0,8.0,1.0
1482.0,2752.0,973.0,2563.0,2292.0,2806.0,3578.0,1196.0,1466.0,4.0,8.0,1.0
1481.0,2752.0,976.0,2560.0,2291.0,2806.0,3578.0,1196.0,1467.0,4.0,8.0,1.0
1481.0,2756.0,979.0,2557.0,2297.0,2811.0,3582.0,1199.0,1470.0,4.0,8.0,1.0
1480.0,2763.0,981.0,2553.0,2305.0,2816.0,3589.0,1203.0,1473.0,4.0,8.0,1.0
1474.0,2761.0,981.0,2542.0,2302.0,2816.0,3587.0,1203.0,1474.0,4.0,8.0,1.0
1436.0,2751.0,988.0,2381.0,2324.0,2803.0,3586.0,1204.0,1249.0,5.0,8.0,1.0
1434.0,2755.0,985.0,2390.0,2322.0,2801.0,3585.0,1203.0,1244.0,5.0,8.0,1.0
1428.0,2745.0,981.0,2372.0,2315.0,2796.0,3579.0,1199.0,1239.0,5.0,8.0,1.0
1425.0,2727.0,978.0,2346.0,2314.0,2794.0,3576.0,1198.0,1235.0,5.0,8.0,1.0
1424.0,2710.0,977.0,2322.0,2318.0,2796.0,3577.0,1197.0,1233.0,5.0,8.0,1.0
1420.0,2693.0,976.0,2297.0,2314.0,2793.0,3574.0,1195.0,1229.0,5.0,8.0,1.0
1419.0,2685.0,975.0,2284.0,2312.0,2793.0,3572.0,1194.0,1227.0,5.0,8.0,1.0
1422.0,2690.0,975.0,2290.0,2316.0,2795.0,3574.0,1196.0,1227.0,5.0,8.0,1.0
1423.0,2703.0,976.0,2304.0,2316.0,2797.0,3576.0,1196.0,1227.0,5.0,8.0,1.0
1423.0,2718.0,976.0,2314.0,2311.0,2795.0,3576.0,1197.0,1226.0,5.0,8.0,1.0
1427.0,2732.0,977.0,2323.0,2317.0,2797.0,3580.0,1198.0,1228.0,5.0,8.0,1.0
1429.0,2736.0,978.0,2324.0,2320.0,2799.0,3583.0,1200.0,1229.0,5.0,8.0,1.0
1426.0,2724.0,979.0,2313.0,2316.0,2797.0,3584.0,1200.0,1228.0,5.0,8.0,1.0
1425.0,2713.0,978.0,2301.0,2318.0,2797.0,3582.0,1200.0,1228.0,5.0,8.0,1.0
1425.0,2711.0,977.0,2294.0,2324.0,2799.0,3582.0,1200.0,1228.0,5.0,8.0,1.0
1422.0,2706.0,976.0,2290.0,2320.0,2797.0,3582.0,1199.0,1227.0,5.0,8.0,1.0
1421.0,2708.0,976.0,2293.0,2319.0,2797.0,3580.0,1198.0,1227.0,5.0,8.0,1.0
1426.0,2722.0,977.0,2303.0,2325.0,2800.0,3582.0,1199.0,1228.0,5.0,8.0,1.0
1427.0,2730.0,978.0,2305.0,2324.0,2799.0,3585.0,1199.0,1227.0,5.0,8.0,1.0
1425.0,2724.0,977.0,2301.0,2318.0,2797.0,3583.0,1198.0,1227.0,5.0,8.0,1.0
1425.0,2718.0,978.0,2297.0,2322.0,2799.0,3585.0,1200.0,1227.0,5.0,8.0,1.0
1426.0,2713.0,979.0,2291.0,2324.0,2799.0,3587.0,1200.0,1227.0,5.0,8.0,1.0
1423.0,2708.0,978.0,2286.0,2319.0,2797.0,3584.0,1199.0,1226.0,5.0,8.0,1.0
1423.0,2710.0,979.0,2290.0,2321.0,2798.0,3581.0,1199.0,1227.0,5.0,8.0,1.0
1427.0,2721.0,980.0,2299.0,2326.0,2801.0,3584.0,1201.0,1228.0,5.0,8.0,1.0
1424.0,2726.0,978.0,2299.0,2320.0,2797.0,3579.0,1197.0,1226.0,5.0,8.0,1.0
1422.0,2725.0,975.0,2297.0,2316.0,2795.0,3575.0,1195.0,1222.0,5.0,8.0,1.0
1422.0,2723.0,974.0,2295.0,2320.0,2796.0,3576.0,1194.0,1221.0,5.0,8.0,1.0
1420.0,2715.0,970.0,2286.0,2317.0,2794.0,3577.0,1192.0,1219.0,5.0,8.0,1.0
1416.0,2705.0,968.0,2277.0,2310.0,2790.0,3576.0,1190.0,1216.0,5.0,8.0,1.0
1419.0,2705.0,969.0,2277.0,2314.0,2793.0,3580.0,1191.0,1216.0,5.0,8.0,1.0
1420.0,2705.0,969.0,2279.0,2317.0,2794.0,3581.0,1192.0,1217.0,5.0,8.0,1.0
1418.0,2701.0,968.0,2276.0,2311.0,2791.0,3577.0,1190.0,1217.0,5.0,8.0,1.0
1419.0,2698.0,969.0,2277.0,2313.0,2791.0,3577.0,1191.0,1218.0,5.0,8.0,1.0
1421.0,2699.0,970.0,2277.0,2318.0,2793.0,3580.0,1192.0,1219.0,5.0,8.0,1.0
1418.0,2695.0,968.0,2274.0,2315.0,2791.0,3577.0,1191.0,1219.0,5.0,8.0,1.0
1416.0,2697.0,968.0,2275.0,2311.0,2790.0,3576.0,1191.0,1218.0,5.0,8.0,1.0
1418.0,2707.0,969.0,2283.0,2316.0,2793.0,3582.0,1193.0,1219.0,5.0,8.0,1.0
1241.0,2557.0,980.0,2057.0,2326.0,2826.0,3594.0,1200.0,1233.0,6.0,8.0,1.0
1237.0,2554.0,977.0,2029.0,2320.0,2822.0,3591.0,1197.0,1229.0,6.0,8.0,1.0
1236.0,2553.0,975.0,2022.0,2328.0,2799.0,3587.0,1194.0,1225.0,6.0,8.0,1.0
1238.0,2562.0,974.0,2034.0,2332.0,2802.0,3588.0,1195.0,1226.0,6.0,8.0,1.0
1237.0,2568.0,973.0,2063.0,2333.0,2802.0,3588.0,1194.0,1225.0,6.0,8.0,1.0
1233.0,2570.0,972.0,2086.0,2326.0,2799.0,3586.0,1194.0,1224.0,6.0,8.0,1.0
1234.0,2571.0,972.0,2087.0,2327.0,2800.0,3586.0,1194.0,1224.0,6.0,8.0,1.0
1235.0,2571.0,971.0,2064.0,2329.0,2800.0,3587.0,1195.0,1224.0,6.0,8.0,1.0
1231.0,2563.0,969.0,2035.0,2322.0,2795.0,3582.0,1193.0,1221.0,6.0,8.0,1.0
1231.0,2559.0,967.0,2015.0,2321.0,2794.0,3579.0,1192.0,1220.0,6.0,8.0,1.0
1235.0,2559.0,967.0,2017.0,2326.0,2796.0,3580.0,1193.0,1221.0,6.0,8.0,1.0
1234.0,2556.0,967.0,2033.0,2324.0,2795.0,3579.0,1192.0,1219.0,6.0,8.0,1.0
1232.0,2550.0,967.0,2041.0,2320.0,2792.0,3575.0,1190.0,1217.0,6.0,8.0,1.0
1234.0,2550.0,968.0,2047.0,2325.0,2794.0,3577.0,1192.0,1218.0,6.0,8.0,1.0
1236.0,2551.0,971.0,2041.0,2328.0,2796.0,3579.0,1194.0,1220.0,6.0,8.0,1.0
1234.0,2548.0,973.0,2022.0,2326.0,2796.0,3577.0,1194.0,1220.0,6.0,8.0,1.0
1236.0,2552.0,975.0,2010.0,2329.0,2799.0,3579.0,1196.0,1223.0,6.0,8.0,1.0
1238.0,2558.0,977.0,2014.0,2334.0,2802.0,3583.0,1197.0,1225.0,6.0,8.0,1.0
1237.0,2562.0,977.0,2017.0,2332.0,2801.0,3585.0,1199.0,1226.0,6.0,8.0,1.0
1236.0,2565.0,976.0,2022.0,2330.0,2800.0,3585.0,1200.0,1225.0,6.0,8.0,1.0
1237.0,2569.0,976.0,2023.0,2333.0,2802.0,3589.0,1201.0,1226.0,6.0,8.0,1.0
1235.0,2567.0,974.0,2016.0,2330.0,2799.0,3585.0,1199.0,1225.0,6.0,8.0,1.0
1233.0,2562.0,974.0,2011.0,2327.0,2797.0,3582.0,1199.0,1224.0,6.0,8.0,1.0
1235.0,2561.0,975.0,2013.0,2331.0,2800.0,3583.0,1199.0,1225.0,6.0,8.0,1.0
1235.0,2556.0,975.0,2016.0,2333.0,2801.0,3582.0,1199.0,1224.0,6.0,8.0,1.0
1233.0,2547.0,974.0,2016.0,2329.0,2799.0,3578.0,1197.0,1222.0,6.0,8.0,1.0
1233.0,2543.0,975.0,2018.0,2332.0,2800.0,3580.0,1198.0,1223.0,6.0,8.0,1.0
1235.0,2547.0,977.0,2021.0,2337.0,2804.0,3584.0,1199.0,1223.0,6.0,8.0,1.0
1234.0,2546.0,975.0,2019.0,2334.0,2802.0,3585.0,1198.0,1223.0,6.0,8.0,1.0
1233.0,2549.0,974.0,2016.0,2331.0,2801.0,3586.0,1198.0,1223.0,6.0,8.0,1.0
1235.0,2559.0,975.0,2018.0,2336.0,2803.0,3589.0,1199.0,1223.0,6.0,8.0,1.0
1233.0,2561.0,973.0,2016.0,2331.0,2800.0,3586.0,1197.0,1222.0,6.0,8.0,1.0
1232.0,2558.0,970.0,2010.0,2325.0,2796.0,3581.0,1196.0,1221.0,6.0,8.0,1.0
1232.0,2561.0,969.0,2008.0,2326.0,2797.0,3579.0,1196.0,1220.0,6.0,8.0,1.0
1232.0,2559.0,968.0,2008.0,2327.0,2797.0,3578.0,1194.0,1218.0,6.0,8.0,1.0
1230.0,2552.0,967.0,2006.0,2320.0,2794.0,3573.0,1192.0,1216.0,6.0,8.0,1.0
1232.0,2551.0,969.0,2009.0,2323.0,2798.0,3576.0,1193.0,1216.0,6.0,8.0,1.0
1232.0,2550.0,970.0,2014.0,2327.0,2800.0,3579.0,1194.0,1217.0,6.0,8.0,1.0
1229.0,2543.0,969.0,2015.0,2323.0,2796.0,3576.0,1192.0,1216.0,6.0,8.0,1.0
1228.0,2541.0,968.0,2016.0,2320.0,2795.0,3576.0,1193.0,1216.0,6.0,8.0,1.0
1230.0,2545.0,969.0,2019.0,2325.0,2797.0,3579.0,1194.0,1217.0,6.0,8.0,1.0
1229.0,2547.0,968.0,2017.0,2323.0,2794.0,3578.0,1194.0,1217.0,6.0,8.0,1.0
1227.0,2547.0,967.0,2011.0,2319.0,2792.0,3575.0,1192.0,1214.0,6.0,8.0,1.0
1231.0,2555.0,969.0,2011.0,2324.0,2796.0,3581.0,1194.0,1217.0,6.0,8.0,1.0
1233.0,2560.0,970.0,2012.0,2327.0,2798.0,3583.0,1194.0,1217.0,6.0,8.0,1.0
1230.0,2558.0,969.0,2010.0,2322.0,2795.0,3584.0,1194.0,1216.0,6.0,8.0,1.0
1230.0,2558.0,969.0,2011.0,2323.0,2796.0,3584.0,1194.0,1216.0,6.0,8.0,1.0
1233.0,2558.0,971.0,2013.0,2319.0,2799.0,3589.0,1198.0,1250.0,6.0,8.0,1.0
1232.0,2552.0,971.0,2011.0,2317.0,2798.0,3588.0,1199.0,1249.0,6.0,8.0,1.0
1235.0,2435.0,978.0,1864.0,2344.0,2805.0,3482.0,1199.0,1232.0,7.0,8.0,1.0
1234.0,2433.0,976.0,1862.0,2342.0,2803.0,3482.0,1199.0,1229.0,7.0,8.0,1.0
1232.0,2429.0,973.0,1861.0,2337.0,2800.0,3483.0,1197.0,1226.0,7.0,8.0,1.0
1233.0,2431.0,973.0,1861.0,2339.0,2801.0,3487.0,1197.0,1225.0,7.0,8.0,1.0
1233.0,2432.0,973.0,1861.0,2340.0,2801.0,3491.0,1198.0,1224.0,7.0,8.0,1.0
1231.0,2428.0,971.0,1859.0,2335.0,2798.0,3489.0,1196.0,1223.0,7.0,8.0,1.0
1230.0,2428.0,971.0,1859.0,2335.0,2798.0,3488.0,1196.0,1222.0,7.0,8.0,1.0
1232.0,2431.0,972.0,1860.0,2340.0,2801.0,3488.0,1196.0,1223.0,7.0,8.0,1.0
1231.0,2430.0,972.0,1860.0,2338.0,2800.0,3484.0,1195.0,1223.0,7.0,8.0,1.0
1231.0,2428.0,972.0,1860.0,2337.0,2800.0,3482.0,1196.0,1224.0,7.0,8.0,1.0
1235.0,2431.0,973.0,1862.0,2343.0,2805.0,3484.0,1197.0,1224.0,7.0,8.0,1.0
1235.0,2433.0,974.0,1863.0,2344.0,2805.0,3485.0,1198.0,1225.0,7.0,8.0,1.0
1235.0,2430.0,973.0,1863.0,2341.0,2803.0,3482.0,1198.0,1225.0,7.0,8.0,1.0
1236.0,2433.0,974.0,1864.0,2344.0,2805.0,3487.0,1199.0,1226.0,7.0,8.0,1.0
1237.0,2435.0,974.0,1864.0,2346.0,2806.0,3489.0,1198.0,1224.0,7.0,8.0,1.0
1235.0,2433.0,974.0,1862.0,2341.0,2802.0,3485.0,1198.0,1223.0,7.0,8.0,1.0
1235.0,2433.0,974.0,1862.0,2341.0,2803.0,3486.0,1198.0,1223.0,7.0,8.0,1.0
1235.0,2435.0,974.0,1862.0,2343.0,2805.0,3488.0,1198.0,1223.0,7.0,8.0,1.0
1234.0,2431.0,973.0,1860.0,2340.0,2802.0,3485.0,1197.0,1221.0,7.0,8.0,1.0
1233.0,2429.0,972.0,1859.0,2338.0,2801.0,3483.0,1197.0,1222.0,7.0,8.0,1.0
1234.0,2432.0,973.0,1861.0,2342.0,2804.0,3487.0,1199.0,1223.0,7.0,8.0,1.0
1234.0,2432.0,973.0,1861.0,2342.0,2803.0,3487.0,1197.0,1222.0,7.0,8.0,1.0
1233.0,2428.0,972.0,1860.0,2338.0,2801.0,3483.0,1197.0,1222.0,7.0,8.0,1.0
1235.0,2430.0,974.0,1861.0,2341.0,2803.0,3482.0,1199.0,1223.0,7.0,8.0,1.0
1234.0,2430.0,973.0,1861.0,2341.0,2802.0,3481.0,1197.0,1221.0,7.0,8.0,1.0
1232.0,2426.0,971.0,1858.0,2336.0,2797.0,3476.0,1194.0,1219.0,7.0,8.0,1.0
1232.0,2424.0,970.0,1857.0,2335.0,2796.0,3474.0,1195.0,1218.0,7.0,8.0,1.0
1231.0,2426.0,968.0,1856.0,2337.0,2797.0,3479.0,1195.0,1217.0,7.0,8.0,1.0
1228.0,2423.0,965.0,1852.0,2332.0,2793.0,3478.0,1191.0,1214.0,7.0,8.0,1.0
1228.0,2423.0,965.0,1852.0,2330.0,2792.0,3479.0,1192.0,1214.0,7.0,8.0,1.0
1229.0,2425.0,965.0,1853.0,2334.0,2795.0,3483.0,1194.0,1216.0,7.0,8.0,1.0
1227.0,2425.0,964.0,1852.0,2333.0,2795.0,3481.0,1192.0,1214.0,7.0,8.0,1.0
1226.0,2423.0,964.0,1851.0,2329.0,2792.0,3477.0,1191.0,1213.0,7.0,8.0,1.0
1229.0,2425.0,965.0,1853.0,2332.0,2794.0,3476.0,1192.0,1215.0,7.0,8.0,1.0
1229.0,2425.0,965.0,1853.0,2334.0,2795.0,3475.0,1191.0,1214.0,7.0,8.0,1.0
1225.0,2421.0,964.0,1851.0,2330.0,2793.0,3470.0,1190.0,1213.0,7.0,8.0,1.0
1227.0,2422.0,965.0,1852.0,2330.0,2793.0,3472.0,1191.0,1214.0,7.0,8.0,1.0
1229.0,2426.0,967.0,1855.0,2336.0,2798.0,3474.0,1193.0,1215.0,7.0,8.0,1.0
1227.0,2425.0,966.0,1854.0,2334.0,2796.0,3473.0,1192.0,1215.0,7.0,8.0,1.0
1226.0,2423.0,966.0,1854.0,2332.0,2795.0,3473.0,1193.0,1215.0,7.0,8.0,1.0
1231.0,2427.0,969.0,1858.0,2328.0,2799.0,3480.0,1196.0,1248.0,7.0,8.0,1.0
1232.0,2429.0,971.0,1860.0,2330.0,2801.0,3482.0,1197.0,1249.0,7.0,8.0,1.0
1232.0,2427.0,971.0,1859.0,2328.0,2800.0,3482.0,1197.0,1250.0,7.0,8.0,1.0
1235.0,2430.0,972.0,1861.0,2332.0,2804.0,3486.0,1200.0,1253.0,7.0,8.0,1.0
1237.0,2434.0,974.0,1863.0,2336.0,2807.0,3490.0,1201.0,1254.0,7.0,8.0,1.0
1234.0,2432.0,973.0,1861.0,2342.0,2805.0,3486.0,1199.0,1224.0,7.0,8.0,1.0
1234.0,2431.0,972.0,1862.0,2342.0,2805.0,3484.0,1200.0,1225.0,7.0,8.0,1.0
1235.0,2433.0,973.0,1864.0,2347.0,2807.0,3486.0,1200.0,1225.0,7.0,8.0,1.0
1234.0,2432.0,973.0,1863.0,2346.0,2805.0,3483.0,1199.0,1224.0,7.0,8.0,1.0
1235.0,2430.0,973.0,1863.0,2344.0,2803.0,3481.0,1199.0,1224.0,7.0,8.0,1.0
1237.0,2432.0,974.0,1865.0,2348.0,2806.0,3485.0,1201.0,1225.0,7.0,8.0,1.0
1240.0,2229.0,980.0,1869.0,2339.0,2813.0,3404.0,1204.0,1239.0,8.0,8.0,1.0
1237.0,2232.0,977.0,1867.0,2340.0,2810.0,3408.0,1202.0,1235.0,8.0,8.0,1.0
1234.0,2231.0,974.0,1865.0,2337.0,2807.0,3405.0,1201.0,1233.0,8.0,8.0,1.0
1236.0,2233.0,976.0,1867.0,2341.0,2811.0,3408.0,1201.0,1232.0,8.0,8.0,1.0
1237.0,2232.0,976.0,1868.0,2340.0,2811.0,3410.0,1202.0,1232.0,8.0,8.0,1.0
1235.0,2224.0,977.0,1867.0,2333.0,2810.0,3404.0,1203.0,1232.0,8.0,8.0,1.0
1237.0,2218.0,977.0,1868.0,2333.0,2811.0,3402.0,1204.0,1231.0,8.0,8.0,1.0
1239.0,2219.0,979.0,1869.0,2336.0,2814.0,3405.0,1205.0,1232.0,8.0,8.0,1.0
1237.0,2217.0,977.0,1866.0,2333.0,2811.0,3400.0,1204.0,1231.0,8.0,8.0,1.0
1236.0,2216.0,977.0,1866.0,2333.0,2810.0,3399.0,1203.0,1229.0,8.0,8.0,1.0
1239.0,2221.0,978.0,1869.0,2340.0,2813.0,3406.0,1203.0,1230.0,8.0,8.0,1.0
1239.0,2222.0,977.0,1868.0,2341.0,2812.0,3408.0,1203.0,1230.0,8.0,8.0,1.0
1237.0,2218.0,976.0,1867.0,2337.0,2809.0,3407.0,1201.0,1227.0,8.0,8.0,1.0
1239.0,2219.0,977.0,1868.0,2338.0,2812.0,3408.0,1202.0,1227.0,8.0,8.0,1.0
1240.0,2219.0,977.0,1869.0,2337.0,2813.0,3409.0,1204.0,1228.0,8.0,8.0,1.0
1237.0,2214.0,975.0,1865.0,2331.0,2809.0,3403.0,1203.0,1225.0,8.0,8.0,1.0
1237.0,2213.0,975.0,1865.0,2332.0,2810.0,3403.0,1203.0,1226.0,8.0,8.0,1.0
1239.0,2216.0,976.0,1867.0,2337.0,2813.0,3406.0,1206.0,1228.0,8.0,8.0,1.0
1237.0,2214.0,975.0,1866.0,2334.0,2810.0,3406.0,1204.0,1226.0,8.0,8.0,1.0
1236.0,2213.0,974.0,1864.0,2335.0,2809.0,3403.0,1203.0,1226.0,8.0,8.0,1.0
1237.0,2214.0,974.0,1866.0,2336.0,2810.0,3403.0,1203.0,1227.0,8.0,8.0,1.0
1235.0,2212.0,971.0,1862.0,2331.0,2807.0,3397.0,1199.0,1224.0,8.0,8.0,1.0
1232.0,2209.0,969.0,1859.0,2325.0,2803.0,3391.0,1197.0,1221.0,8.0,8.0,1.0
1232.0,2209.0,968.0,1858.0,2327.0,2804.0,3391.0,1196.0,1221.0,8.0,8.0,1.0
1230.0,2209.0,965.0,1856.0,2325.0,2803.0,3390.0,1194.0,1219.0,8.0,8.0,1.0
1228.0,2207.0,964.0,1853.0,2323.0,2800.0,3389.0,1194.0,1218.0,8.0,8.0,1.0
1228.0,2207.0,965.0,1854.0,2325.0,2801.0,3391.0,1195.0,1219.0,8.0,8.0,1.0
1230.0,2207.0,965.0,1855.0,2327.0,2802.0,3393.0,1195.0,1218.0,8.0,8.0,1.0
1228.0,2205.0,965.0,1854.0,2322.0,2799.0,3389.0,1193.0,1218.0,8.0,8.0,1.0
1228.0,2203.0,965.0,1854.0,2321.0,2798.0,3389.0,1194.0,1219.0,8.0,8.0,1.0
1230.0,2205.0,966.0,1855.0,2324.0,2801.0,3391.0,1194.0,1218.0,8.0,8.0,1.0
1230.0,2205.0,966.0,1855.0,2322.0,2800.0,3391.0,1194.0,1217.0,8.0,8.0,1.0
1229.0,2203.0,965.0,1853.0,2319.0,2798.0,3389.0,1194.0,1217.0,8.0,8.0,1.0
1229.0,2203.0,965.0,1854.0,2322.0,2800.0,3389.0,1195.0,1217.0,8.0,8.0,1.0
1230.0,2205.0,966.0,1856.0,2323.0,2800.0,3387.0,1195.0,1217.0,8.0,8.0,1.0
1229.0,2204.0,965.0,1854.0,2319.0,2797.0,3384.0,1195.0,1218.0,8.0,8.0,1.0
1231.0,2204.0,966.0,1856.0,2311.0,2798.0,3387.0,1196.0,1249.0,8.0,8.0,1.0
1235.0,2209.0,970.0,1860.0,2318.0,2803.0,3392.0,1199.0,1251.0,8.0,8.0,1.0
1235.0,2210.0,972.0,1861.0,2318.0,2803.0,3396.0,1201.0,1252.0,8.0,8.0,1.0
1236.0,2211.0,973.0,1860.0,2320.0,2804.0,3401.0,1202.0,1253.0,8.0,8.0,1.0
1240.0,2215.0,976.0,1864.0,2326.0,2809.0,3406.0,1205.0,1256.0,8.0,8.0,1.0
1239.0,2216.0,976.0,1864.0,2335.0,2809.0,3406.0,1204.0,1225.0,8.0,8.0,1.0
1237.0,2212.0,974.0,1862.0,2329.0,2806.0,3400.0,1202.0,1224.0,8.0,8.0,1.0
1239.0,2214.0,975.0,1863.0,2329.0,2808.0,3398.0,1203.0,1225.0,8.0,8.0,1.0
1240.0,2216.0,975.0,1865.0,2326.0,2809.0,3396.0,1203.0,1225.0,8.0,8.0,1.0
1237.0,2214.0,974.0,1862.0,2318.0,2807.0,3390.0,1201.0,1224.0,8.0,8.0,1.0
1708.0,2576.0,1134.0,2063.0,1978.0,3602.0,3613.0,1479.0,1563.0,1.0,1.0,2.0
1711.0,2579.0,1136.0,2067.0,1981.0,3604.0,3616.0,1481.0,1566.0,1.0,1.0,2.0
1713.0,2581.0,1135.0,2068.0,1982.0,3607.0,3618.0,1481.0,1566.0,1.0,1.0,2.0
1708.0,2576.0,1133.0,2062.0,1976.0,3603.0,3615.0,1478.0,1562.0,1.0,1.0,2.0
1710.0,2577.0,1134.0,2063.0,1978.0,3604.0,3616.0,1478.0,1563.0,1.0,1.0,2.0
1714.0,2582.0,1136.0,2067.0,1981.0,3608.0,3620.0,1480.0,1565.0,1.0,1.0,2.0
1710.0,2577.0,1133.0,2063.0,1978.0,3604.0,3617.0,1478.0,1562.0,1.0,1.0,2.0
1708.0,2575.0,1134.0,2062.0,1976.0,3602.0,3617.0,1478.0,1561.0,1.0,1.0,2.0
1712.0,2579.0,1135.0,2067.0,1981.0,3607.0,3620.0,1480.0,1564.0,1.0,1.0,2.0
1710.0,2578.0,1135.0,2065.0,1978.0,3606.0,3620.0,1480.0,1562.0,1.0,1.0,2.0
1705.0,2572.0,1131.0,2059.0,1959.0,3622.0,3614.0,1477.0,1559.0,1.0,1.0,2.0
1708.0,2573.0,1131.0,2061.0,1962.0,3624.0,3612.0,1476.0,1560.0,1.0,1.0,2.0
1708.0,2573.0,1130.0,2061.0,1962.0,3624.0,3610.0,1476.0,1561.0,1.0,1.0,2.0
1702.0,2566.0,1126.0,2054.0,1956.0,3616.0,3604.0,1472.0,1556.0,1.0,1.0,2.0
1701.0,2563.0,1124.0,2054.0,1957.0,3614.0,3601.0,1471.0,1555.0,1.0,1.0,2.0
1704.0,2568.0,1126.0,2058.0,1973.0,3596.0,3606.0,1473.0,1557.0,1.0,1.0,2.0
1701.0,2565.0,1125.0,2054.0,1969.0,3593.0,3605.0,1472.0,1555.0,1.0,1.0,2.0
1699.0,2562.0,1125.0,2053.0,1968.0,3592.0,3604.0,1470.0,1553.0,1.0,1.0,2.0
1704.0,2567.0,1128.0,2058.0,1973.0,3597.0,3607.0,1472.0,1556.0,1.0,1.0,2.0
1703.0,2567.0,1127.0,2056.0,1972.0,3597.0,3607.0,1471.0,1555.0,1.0,1.0,2.0
1699.0,2563.0,1126.0,2053.0,1968.0,3594.0,3604.0,1471.0,1554.0,1.0,1.0,2.0
1704.0,2567.0,1127.0,2057.0,1973.0,3596.0,3604.0,1471.0,1556.0,1.0,1.0,2.0
1705.0,2570.0,1128.0,2059.0,1974.0,3598.0,3607.0,1472.0,1558.0,1.0,1.0,2.0
1701.0,2566.0,1127.0,2055.0,1970.0,3593.0,3605.0,1472.0,1556.0,1.0,1.0,2.0
1702.0,2568.0,1128.0,2056.0,1972.0,3594.0,3606.0,1472.0,1557.0,1.0,1.0,2.0
1706.0,2572.0,1129.0,2059.0,1975.0,3597.0,3608.0,1473.0,1558.0,1.0,1.0,2.0
1702.0,2568.0,1127.0,2053.0,1970.0,3595.0,3607.0,1472.0,1556.0,1.0,1.0,2.0
1703.0,2569.0,1128.0,2055.0,1972.0,3597.0,3607.0,1473.0,1557.0,1.0,1.0,2.0
1708.0,2573.0,1131.0,2061.0,1978.0,3602.0,3612.0,1475.0,1560.0,1.0,1.0,2.0
1707.0,2573.0,1132.0,2061.0,1978.0,3603.0,3613.0,1476.0,1560.0,1.0,1.0,2.0
1707.0,2571.0,1132.0,2060.0,1977.0,3601.0,3613.0,1477.0,1561.0,1.0,1.0,2.0
1712.0,2576.0,1134.0,2067.0,1983.0,3605.0,3619.0,1478.0,1564.0,1.0,1.0,2.0
1713.0,2577.0,1135.0,2067.0,1983.0,3606.0,3621.0,1477.0,1563.0,1.0,1.0,2.0
1709.0,2575.0,1133.0,2063.0,1978.0,3603.0,3618.0,1476.0,1562.0,1.0,1.0,2.0
1712.0,2576.0,1133.0,2066.0,1981.0,3605.0,3619.0,1478.0,1564.0,1.0,1.0,2.0
1716.0,2580.0,1135.0,2068.0,1982.0,3608.0,3621.0,1479.0,1565.0,1.0,1.0,2.0
1712.0,2577.0,1134.0,2063.0,1978.0,3605.0,3618.0,1478.0,1563.0,1.0,1.0,2.0
1711.0,2576.0,1134.0,2063.0,1978.0,3605.0,3616.0,1479.0,1564.0,1.0,1.0,2.0
1713.0,2580.0,1135.0,2066.0,1981.0,3608.0,3617.0,1480.0,1566.0,1.0,1.0,2.0
1710.0,2577.0,1134.0,2063.0,1978.0,3606.0,3616.0,1478.0,1564.0,1.0,1.0,2.0
1707.0,2573.0,1134.0,2061.0,1976.0,3604.0,3615.0,1477.0,1563.0,1.0,1.0,2.0
1711.0,2577.0,1134.0,2065.0,1981.0,3608.0,3617.0,1480.0,1565.0,1.0,1.0,2.0
1711.0,2578.0,1135.0,2065.0,1981.0,3609.0,3620.0,1479.0,1564.0,1.0,1.0,2.0
1708.0,2573.0,1135.0,2062.0,1978.0,3605.0,3617.0,1478.0,1563.0,1.0,1.0,2.0
1710.0,2576.0,1135.0,2063.0,1980.0,3606.0,3617.0,1478.0,1563.0,1.0,1.0,2.0
1711.0,2576.0,1135.0,2065.0,1982.0,3606.0,3616.0,1477.0,1562.0,1.0,1.0,2.0
1706.0,2571.0,1133.0,2060.0,1977.0,3600.0,3610.0,1475.0,1559.0,1.0,1.0,2.0
1706.0,2569.0,1132.0,2060.0,1976.0,3600.0,3609.0,1475.0,1560.0,1.0,1.0,2.0
1710.0,2573.0,1132.0,2062.0,1979.0,3603.0,3611.0,1476.0,1560.0,1.0,1.0,2.0
1709.0,2572.0,1132.0,2061.0,1977.0,3603.0,3611.0,1477.0,1560.0,1.0,1.0,2.0
1709.0,2572.0,1132.0,2060.0,1976.0,3605.0,3611.0,1480.0,1561.0,1.0,1.0,2.0
1716.0,2577.0,1134.0,2065.0,1980.0,3610.0,3617.0,1482.0,1564.0,1.0,1.0,2.0
1718.0,2579.0,1135.0,2065.0,1980.0,3611.0,3616.0,1483.0,1564.0,1.0,1.0,2.0
1718.0,2576.0,1135.0,2062.0,1978.0,3610.0,3614.0,1482.0,1564.0,1.0,1.0,2.0
1724.0,2581.0,1137.0,2066.0,1982.0,3614.0,3617.0,1484.0,1567.0,1.0,1.0,2.0
1730.0,2584.0,1139.0,2070.0,1985.0,3617.0,3618.0,1485.0,1568.0,1.0,1.0,2.0
1740.0,2599.0,1149.0,2092.0,1997.0,3635.0,3629.0,1499.0,1581.0,1.0,1.0,2.0
1753.0,2613.0,1159.0,2115.0,2009.0,3649.0,3642.0,1512.0,1594.0,1.0,1.0,2.0
1919.0,2633.0,1175.0,2165.0,2016.0,3475.0,3879.0,1413.0,1641.0,2.0,1.0,2.0
1925.0,2641.0,1180.0,2174.0,2023.0,3483.0,3885.0,1418.0,1646.0,2.0,1.0,2.0
1924.0,2639.0,1180.0,2172.0,2022.0,3484.0,3884.0,1420.0,1646.0,2.0,1.0,2.0
1925.0,2640.0,1181.0,2175.0,2024.0,3488.0,3889.0,1423.0,1647.0,2.0,1.0,2.0
1927.0,2642.0,1181.0,2175.0,2024.0,3486.0,3888.0,1421.0,1644.0,2.0,1.0,2.0
1921.0,2634.0,1175.0,2167.0,2033.0,3461.0,3881.0,1416.0,1639.0,2.0,1.0,2.0
1915.0,2628.0,1171.0,2161.0,2028.0,3456.0,3875.0,1413.0,1634.0,2.0,1.0,2.0
1918.0,2631.0,1170.0,2163.0,2030.0,3457.0,3877.0,1411.0,1633.0,2.0,1.0,2.0
1917.0,2631.0,1169.0,2162.0,2029.0,3456.0,3877.0,1411.0,1631.0,2.0,1.0,2.0
1913.0,2628.0,1167.0,2157.0,2024.0,3453.0,3871.0,1410.0,1629.0,2.0,1.0,2.0
1915.0,2630.0,1168.0,2159.0,2026.0,3454.0,3871.0,1410.0,1629.0,2.0,1.0,2.0
1917.0,2633.0,1169.0,2161.0,2028.0,3455.0,3873.0,1409.0,1628.0,2.0,1.0,2.0
1912.0,2628.0,1166.0,2156.0,2023.0,3452.0,3868.0,1408.0,1626.0,2.0,1.0,2.0
1911.0,2626.0,1166.0,2156.0,2024.0,3450.0,3864.0,1408.0,1625.0,2.0,1.0,2.0
1915.0,2627.0,1166.0,2158.0,2026.0,3452.0,3867.0,1407.0,1624.0,2.0,1.0,2.0
1911.0,2623.0,1165.0,2156.0,2023.0,3450.0,3866.0,1405.0,1622.0,2.0,1.0,2.0
1909.0,2619.0,1163.0,2153.0,2022.0,3449.0,3862.0,1404.0,1621.0,2.0,1.0,2.0
1913.0,2623.0,1166.0,2157.0,2026.0,3452.0,3867.0,1406.0,1622.0,2.0,1.0,2.0
1913.0,2623.0,1166.0,2157.0,2026.0,3453.0,3869.0,1405.0,1621.0,2.0,1.0,2.0
1908.0,2618.0,1164.0,2148.0,2022.0,3449.0,3864.0,1404.0,1619.0,2.0,1.0,2.0
1911.0,2621.0,1166.0,2144.0,2025.0,3450.0,3866.0,1406.0,1620.0,2.0,1.0,2.0
1914.0,2625.0,1166.0,2146.0,2026.0,3451.0,3870.0,1407.0,1620.0,2.0,1.0,2.0
1909.0,2620.0,1164.0,2139.0,2022.0,3448.0,3865.0,1406.0,1619.0,2.0,1.0,2.0
1908.0,2621.0,1164.0,2134.0,2023.0,3448.0,3863.0,1406.0,1619.0,2.0,1.0,2.0
1912.0,2625.0,1166.0,2142.0,2027.0,3452.0,3867.0,1409.0,1622.0,2.0,1.0,2.0
1910.0,2624.0,1165.0,2143.0,2024.0,3451.0,3865.0,1408.0,1620.0,2.0,1.0,2.0
1907.0,2620.0,1164.0,2131.0,2023.0,3448.0,3859.0,1407.0,1620.0,2.0,1.0,2.0
1912.0,2624.0,1165.0,2137.0,2027.0,3451.0,3864.0,1408.0,1622.0,2.0,1.0,2.0
1913.0,2623.0,1164.0,2141.0,2026.0,3450.0,3864.0,1408.0,1620.0,2.0,1.0,2.0
1910.0,2618.0,1163.0,2134.0,2022.0,3448.0,3861.0,1406.0,1618.0,2.0,1.0,2.0
1913.0,2621.0,1164.0,2132.0,2024.0,3449.0,3863.0,1407.0,1618.0,2.0,1.0,2.0
1917.0,2624.0,1165.0,2144.0,2025.0,3451.0,3866.0,1407.0,1618.0,2.0,1.0,2.0
1912.0,2620.0,1163.0,2136.0,2021.0,3448.0,3863.0,1405.0,1615.0,2.0,1.0,2.0
1913.0,2620.0,1163.0,2131.0,2023.0,3449.0,3863.0,1406.0,1616.0,2.0,1.0,2.0
1915.0,2622.0,1162.0,2137.0,2025.0,3449.0,3864.0,1406.0,1617.0,2.0,1.0,2.0
1910.0,2616.0,1159.0,2136.0,2020.0,3446.0,3860.0,1403.0,1613.0,2.0,1.0,2.0
1904.0,2610.0,1155.0,2122.0,2016.0,3440.0,3856.0,1401.0,1610.0,2.0,1.0,2.0
1906.0,2611.0,1154.0,2125.0,2017.0,3440.0,3854.0,1401.0,1610.0,2.0,1.0,2.0
1901.0,2608.0,1151.0,2126.0,2012.0,3436.0,3853.0,1398.0,1606.0,2.0,1.0,2.0
1895.0,2602.0,1147.0,2111.0,2005.0,3431.0,3846.0,1395.0,1602.0,2.0,1.0,2.0
1895.0,2602.0,1147.0,2105.0,2007.0,3430.0,3845.0,1393.0,1602.0,2.0,1.0,2.0
1897.0,2604.0,1147.0,2117.0,2008.0,3432.0,3846.0,1392.0,1602.0,2.0,1.0,2.0
1891.0,2597.0,1145.0,2108.0,2002.0,3428.0,3843.0,1389.0,1598.0,2.0,1.0,2.0
1892.0,2599.0,1146.0,2101.0,2005.0,3428.0,3840.0,1389.0,1599.0,2.0,1.0,2.0
1897.0,2605.0,1149.0,2115.0,2009.0,3432.0,3846.0,1390.0,1601.0,2.0,1.0,2.0
1895.0,2603.0,1149.0,2116.0,2006.0,3430.0,3846.0,1391.0,1600.0,2.0,1.0,2.0
1894.0,2602.0,1149.0,2106.0,2006.0,3428.0,3842.0,1391.0,1599.0,2.0,1.0,2.0
1899.0,2608.0,1152.0,2115.0,2012.0,3431.0,3846.0,1394.0,1603.0,2.0,1.0,2.0
1898.0,2607.0,1151.0,2121.0,2010.0,3431.0,3846.0,1394.0,1603.0,2.0,1.0,2.0
1895.0,2602.0,1149.0,2109.0,2007.0,3428.0,3841.0,1393.0,1601.0,2.0,1.0,2.0
1901.0,2607.0,1151.0,2110.0,1999.0,3431.0,3844.0,1395.0,1631.0,2.0,1.0,2.0
1905.0,2611.0,1154.0,2123.0,2002.0,3435.0,3852.0,1399.0,1634.0,2.0,1.0,2.0
1903.0,2608.0,1153.0,2114.0,2000.0,3434.0,3849.0,1398.0,1633.0,2.0,1.0,2.0
1905.0,2609.0,1155.0,2108.0,2003.0,3435.0,3852.0,1400.0,1635.0,2.0,1.0,2.0
1911.0,2616.0,1158.0,2122.0,2009.0,3440.0,3859.0,1404.0,1640.0,2.0,1.0,2.0
1906.0,2613.0,1157.0,2117.0,2019.0,3439.0,3857.0,1402.0,1611.0,2.0,1.0,2.0
1903.0,2610.0,1155.0,2105.0,2017.0,3436.0,3854.0,1402.0,1610.0,2.0,1.0,2.0
1907.0,2615.0,1158.0,2114.0,2019.0,3438.0,3860.0,1403.0,1611.0,2.0,1.0,2.0
1906.0,2615.0,1156.0,2119.0,2017.0,3437.0,3858.0,1402.0,1609.0,2.0,1.0,2.0
1902.0,2610.0,1154.0,2106.0,2012.0,3433.0,3854.0,1400.0,1606.0,2.0,1.0,2.0
1906.0,2613.0,1155.0,2110.0,2016.0,3435.0,3857.0,1400.0,1606.0,2.0,1.0,2.0
1908.0,2614.0,1154.0,2117.0,2016.0,3436.0,3857.0,1398.0,1605.0,2.0,1.0,2.0
1903.0,2609.0,1153.0,2108.0,2012.0,3434.0,3853.0,1396.0,1603.0,2.0,1.0,2.0
1974.0,2678.0,1140.0,2203.0,2084.0,3170.0,3925.0,1318.0,1687.0,3.0,1.0,2.0
1957.0,2662.0,1128.0,2189.0,2070.0,3155.0,3911.0,1308.0,1673.0,3.0,1.0,2.0
1953.0,2659.0,1123.0,2186.0,2054.0,3147.0,3909.0,1304.0,1692.0,3.0,1.0,2.0
1944.0,2651.0,1117.0,2178.0,2044.0,3137.0,3904.0,1297.0,1681.0,3.0,1.0,2.0
1941.0,2648.0,1116.0,2176.0,2044.0,3137.0,3904.0,1297.0,1679.0,3.0,1.0,2.0
1948.0,2653.0,1119.0,2182.0,2050.0,3139.0,3910.0,1300.0,1680.0,3.0,1.0,2.0
1954.0,2659.0,1122.0,2186.0,2055.0,3144.0,3915.0,1302.0,1682.0,3.0,1.0,2.0
1955.0,2661.0,1123.0,2185.0,2068.0,3147.0,3915.0,1302.0,1655.0,3.0,1.0,2.0
1956.0,2661.0,1122.0,2185.0,2069.0,3147.0,3913.0,1301.0,1655.0,3.0,1.0,2.0
1960.0,2667.0,1124.0,2190.0,2073.0,3151.0,3919.0,1304.0,1657.0,3.0,1.0,2.0
1956.0,2665.0,1123.0,2186.0,2069.0,3152.0,3918.0,1304.0,1655.0,3.0,1.0,2.0
1955.0,2665.0,1124.0,2187.0,2069.0,3154.0,3919.0,1306.0,1656.0,3.0,1.0,2.0
1955.0,2664.0,1121.0,2185.0,2067.0,3150.0,3917.0,1304.0,1654.0,3.0,1.0,2.0
1956.0,2665.0,1122.0,2187.0,2069.0,3153.0,3920.0,1306.0,1655.0,3.0,1.0,2.0
1952.0,2660.0,1120.0,2182.0,2065.0,3151.0,3916.0,1302.0,1653.0,3.0,1.0,2.0
1954.0,2661.0,1119.0,2184.0,2068.0,3150.0,3916.0,1302.0,1652.0,3.0,1.0,2.0
1953.0,2659.0,1116.0,2181.0,2066.0,3147.0,3913.0,1299.0,1650.0,3.0,1.0,2.0
1945.0,2653.0,1114.0,2176.0,2060.0,3143.0,3908.0,1296.0,1646.0,3.0,1.0,2.0
1942.0,2650.0,1112.0,2173.0,2058.0,3138.0,3903.0,1294.0,1643.0,3.0,1.0,2.0
1940.0,2650.0,1111.0,2172.0,2057.0,3135.0,3900.0,1292.0,1639.0,3.0,1.0,2.0
1934.0,2644.0,1107.0,2165.0,2051.0,3130.0,3895.0,1288.0,1635.0,3.0,1.0,2.0
1932.0,2639.0,1105.0,2163.0,2049.0,3127.0,3893.0,1287.0,1632.0,3.0,1.0,2.0
1935.0,2640.0,1104.0,2164.0,2051.0,3126.0,3894.0,1287.0,1631.0,3.0,1.0,2.0
1931.0,2636.0,1099.0,2158.0,2045.0,3121.0,3891.0,1283.0,1626.0,3.0,1.0,2.0
1927.0,2631.0,1097.0,2155.0,2040.0,3118.0,3888.0,1281.0,1625.0,3.0,1.0,2.0
1929.0,2633.0,1096.0,2157.0,2042.0,3118.0,3889.0,1281.0,1624.0,3.0,1.0,2.0
1927.0,2633.0,1095.0,2155.0,2040.0,3118.0,3889.0,1280.0,1624.0,3.0,1.0,2.0
1921.0,2628.0,1095.0,2149.0,2035.0,3115.0,3885.0,1278.0,1621.0,3.0,1.0,2.0
1923.0,2631.0,1096.0,2151.0,2038.0,3116.0,3885.0,1278.0,1622.0,3.0,1.0,2.0
1928.0,2635.0,1096.0,2154.0,2042.0,3116.0,3886.0,1279.0,1623.0,3.0,1.0,2.0
1924.0,2632.0,1095.0,2150.0,2040.0,3113.0,3881.0,1279.0,1622.0,3.0,1.0,2.0
1924.0,2632.0,1094.0,2150.0,2040.0,3111.0,3880.0,1279.0,1621.0,3.0,1.0,2.0
1927.0,2635.0,1093.0,2154.0,2043.0,3110.0,3883.0,1279.0,1622.0,3.0,1.0,2.0
1923.0,2632.0,1091.0,2151.0,2039.0,3106.0,3881.0,1278.0,1619.0,3.0,1.0,2.0
1917.0,2627.0,1089.0,2147.0,2036.0,3103.0,3879.0,1277.0,1617.0,3.0,1.0,2.0
1920.0,2630.0,1091.0,2151.0,2039.0,3103.0,3882.0,1278.0,1619.0,3.0,1.0,2.0
1921.0,2631.0,1093.0,2152.0,2040.0,3103.0,3883.0,1280.0,1619.0,3.0,1.0,2.0
1917.0,2628.0,1093.0,2141.0,2037.0,3101.0,3880.0,1280.0,1617.0,3.0,1.0,2.0
1921.0,2630.0,1094.0,2135.0,2040.0,3101.0,3883.0,1282.0,1618.0,3.0,1.0,2.0
1924.0,2633.0,1095.0,2138.0,2041.0,3103.0,3887.0,1283.0,1619.0,3.0,1.0,2.0
1920.0,2629.0,1093.0,2131.0,2037.0,3102.0,3884.0,1282.0,1617.0,3.0,1.0,2.0
1918.0,2625.0,1091.0,2120.0,2034.0,3100.0,3881.0,1279.0,1613.0,3.0,1.0,2.0
1918.0,2623.0,1089.0,2117.0,2033.0,3096.0,3878.0,1276.0,1611.0,3.0,1.0,2.0
1911.0,2616.0,1083.0,2107.0,2026.0,3087.0,3869.0,1271.0,1606.0,3.0,1.0,2.0
1905.0,2607.0,1079.0,2090.0,2020.0,3078.0,3860.0,1266.0,1601.0,3.0,1.0,2.0
1908.0,2608.0,1078.0,2086.0,2022.0,3076.0,3859.0,1264.0,1600.0,3.0,1.0,2.0
1908.0,2607.0,1077.0,2088.0,2022.0,3075.0,3856.0,1263.0,1600.0,3.0,1.0,2.0
1907.0,2607.0,1078.0,2087.0,2021.0,3076.0,3855.0,1264.0,1601.0,3.0,1.0,2.0
1781.0,2608.0,1037.0,2111.0,2085.0,2922.0,3855.0,1262.0,1504.0,4.0,1.0,2.0
1769.0,2601.0,1027.0,2096.0,2083.0,2916.0,3853.0,1255.0,1488.0,4.0,1.0,2.0
1755.0,2591.0,1018.0,2078.0,2077.0,2908.0,3844.0,1249.0,1475.0,4.0,1.0,2.0
1751.0,2589.0,1013.0,2067.0,2075.0,2905.0,3840.0,1246.0,1469.0,4.0,1.0,2.0
1754.0,2591.0,1012.0,2069.0,2074.0,2904.0,3842.0,1245.0,1464.0,4.0,1.0,2.0
1751.0,2587.0,1008.0,2063.0,2066.0,2901.0,3838.0,1242.0,1460.0,4.0,1.0,2.0
1751.0,2586.0,1006.0,2062.0,2060.0,2899.0,3834.0,1240.0,1457.0,4.0,1.0,2.0
1753.0,2589.0,1006.0,2064.0,2061.0,2900.0,3835.0,1239.0,1455.0,4.0,1.0,2.0
1750.0,2587.0,1004.0,2061.0,2057.0,2898.0,3834.0,1237.0,1451.0,4.0,1.0,2.0
1745.0,2583.0,1002.0,2057.0,2056.0,2895.0,3830.0,1235.0,1447.0,4.0,1.0,2.0
1746.0,2585.0,1004.0,2060.0,2063.0,2895.0,3828.0,1235.0,1447.0,4.0,1.0,2.0
1743.0,2583.0,1002.0,2058.0,2066.0,2893.0,3827.0,1234.0,1445.0,4.0,1.0,2.0
1734.0,2577.0,998.0,2052.0,2061.0,2888.0,3822.0,1231.0,1441.0,4.0,1.0,2.0
1731.0,2574.0,996.0,2051.0,2061.0,2885.0,3818.0,1230.0,1439.0,4.0,1.0,2.0
1731.0,2575.0,995.0,2051.0,2060.0,2884.0,3818.0,1229.0,1439.0,4.0,1.0,2.0
1727.0,2570.0,991.0,2045.0,2051.0,2880.0,3813.0,1226.0,1434.0,4.0,1.0,2.0
1726.0,2569.0,990.0,2045.0,2048.0,2881.0,3814.0,1227.0,1433.0,4.0,1.0,2.0
1730.0,2573.0,991.0,2048.0,2051.0,2883.0,3818.0,1228.0,1435.0,4.0,1.0,2.0
1730.0,2572.0,990.0,2047.0,2049.0,2883.0,3816.0,1227.0,1433.0,4.0,1.0,2.0
1727.0,2568.0,988.0,2044.0,2049.0,2882.0,3813.0,1226.0,1431.0,4.0,1.0,2.0
1730.0,2572.0,990.0,2047.0,2054.0,2885.0,3817.0,1227.0,1432.0,4.0,1.0,2.0
1732.0,2574.0,991.0,2047.0,2055.0,2885.0,3817.0,1227.0,1431.0,4.0,1.0,2.0
1728.0,2570.0,990.0,2044.0,2052.0,2883.0,3815.0,1227.0,1430.0,4.0,1.0,2.0
1729.0,2572.0,991.0,2046.0,2053.0,2884.0,3817.0,1228.0,1431.0,4.0,1.0,2.0
1732.0,2576.0,992.0,2049.0,2053.0,2884.0,3820.0,1228.0,1431.0,4.0,1.0,2.0
1730.0,2572.0,991.0,2045.0,2049.0,2881.0,3817.0,1226.0,1430.0,4.0,1.0,2.0
1729.0,2571.0,991.0,2044.0,2049.0,2880.0,3815.0,1226.0,1429.0,4.0,1.0,2.0
1732.0,2574.0,992.0,2048.0,2053.0,2882.0,3818.0,1226.0,1429.0,4.0,1.0,2.0
1731.0,2574.0,993.0,2048.0,2055.0,2882.0,3818.0,1228.0,1430.0,4.0,1.0,2.0
1730.0,2572.0,994.0,2048.0,2055.0,2883.0,3818.0,1230.0,1431.0,4.0,1.0,2.0
1615.0,2617.0,1032.0,1985.0,2061.0,2914.0,3866.0,1257.0,1322.0,5.0,1.0,2.0
1606.0,2618.0,1026.0,1986.0,2064.0,2915.0,3869.0,1254.0,1313.0,5.0,1.0,2.0
1593.0,2611.0,1020.0,1979.0,2058.0,2907.0,3865.0,1247.0,1302.0,5.0,1.0,2.0
1586.0,2606.0,1016.0,1974.0,2054.0,2904.0,3861.0,1244.0,1296.0,5.0,1.0,2.0
1587.0,2606.0,1013.0,1974.0,2053.0,2901.0,3859.0,1244.0,1293.0,5.0,1.0,2.0
1590.0,2603.0,1009.0,1972.0,2045.0,2898.0,3858.0,1243.0,1289.0,5.0,1.0,2.0
1590.0,2599.0,1006.0,1968.0,2036.0,2894.0,3854.0,1241.0,1286.0,5.0,1.0,2.0
1593.0,2598.0,1005.0,1968.0,2034.0,2894.0,3852.0,1241.0,1285.0,5.0,1.0,2.0
1594.0,2599.0,1004.0,1969.0,2022.0,2895.0,3854.0,1242.0,1313.0,5.0,1.0,2.0
1592.0,2597.0,1004.0,1967.0,2022.0,2895.0,3855.0,1241.0,1311.0,5.0,1.0,2.0
1591.0,2598.0,1005.0,1969.0,2027.0,2896.0,3859.0,1242.0,1312.0,5.0,1.0,2.0
1592.0,2603.0,1007.0,1972.0,2037.0,2899.0,3865.0,1243.0,1312.0,5.0,1.0,2.0
1587.0,2601.0,1006.0,1970.0,2038.0,2898.0,3865.0,1242.0,1311.0,5.0,1.0,2.0
1583.0,2600.0,1005.0,1968.0,2048.0,2896.0,3864.0,1242.0,1281.0,5.0,1.0,2.0
1588.0,2603.0,1006.0,1970.0,2049.0,2897.0,3865.0,1243.0,1282.0,5.0,1.0,2.0
1591.0,2603.0,1004.0,1968.0,2044.0,2896.0,3860.0,1242.0,1280.0,5.0,1.0,2.0
1591.0,2599.0,1004.0,1965.0,2038.0,2894.0,3853.0,1241.0,1279.0,5.0,1.0,2.0
1595.0,2602.0,1006.0,1969.0,2039.0,2896.0,3855.0,1243.0,1280.0,5.0,1.0,2.0
1597.0,2605.0,1007.0,1971.0,2041.0,2897.0,3857.0,1243.0,1280.0,5.0,1.0,2.0
1594.0,2602.0,1006.0,1969.0,2041.0,2897.0,3854.0,1242.0,1279.0,5.0,1.0,2.0
1594.0,2603.0,1007.0,1971.0,2046.0,2898.0,3856.0,1242.0,1279.0,5.0,1.0,2.0
1595.0,2605.0,1007.0,1973.0,2050.0,2900.0,3862.0,1243.0,1279.0,5.0,1.0,2.0
1593.0,2604.0,1006.0,1970.0,2047.0,2898.0,3860.0,1242.0,1279.0,5.0,1.0,2.0
1592.0,2602.0,1006.0,1969.0,2045.0,2898.0,3857.0,1242.0,1279.0,5.0,1.0,2.0
1595.0,2603.0,1005.0,1970.0,2044.0,2897.0,3857.0,1242.0,1278.0,5.0,1.0,2.0
1594.0,2598.0,1003.0,1965.0,2037.0,2893.0,3852.0,1239.0,1274.0,5.0,1.0,2.0
1591.0,2593.0,1000.0,1961.0,2032.0,2890.0,3846.0,1237.0,1272.0,5.0,1.0,2.0
1593.0,2592.0,1000.0,1962.0,2034.0,2889.0,3847.0,1235.0,1270.0,5.0,1.0,2.0
1590.0,2589.0,997.0,1960.0,2033.0,2886.0,3846.0,1232.0,1267.0,5.0,1.0,2.0
1285.0,2596.0,1012.0,1894.0,1988.0,2882.0,3862.0,1240.0,1296.0,6.0,1.0,2.0
1280.0,2593.0,1005.0,1891.0,1986.0,2878.0,3857.0,1236.0,1286.0,6.0,1.0,2.0
1276.0,2592.0,1001.0,1889.0,1983.0,2876.0,3854.0,1232.0,1280.0,6.0,1.0,2.0
1271.0,2587.0,997.0,1885.0,1978.0,2872.0,3848.0,1230.0,1275.0,6.0,1.0,2.0
1269.0,2585.0,996.0,1886.0,1977.0,2870.0,3846.0,1229.0,1272.0,6.0,1.0,2.0
1268.0,2587.0,994.0,1886.0,1977.0,2870.0,3848.0,1227.0,1269.0,6.0,1.0,2.0
1266.0,2585.0,993.0,1883.0,1975.0,2867.0,3845.0,1225.0,1265.0,6.0,1.0,2.0
1265.0,2583.0,992.0,1882.0,1973.0,2866.0,3844.0,1224.0,1263.0,6.0,1.0,2.0
1266.0,2585.0,991.0,1883.0,1976.0,2866.0,3845.0,1224.0,1262.0,6.0,1.0,2.0
1267.0,2584.0,992.0,1883.0,1964.0,2866.0,3845.0,1224.0,1289.0,6.0,1.0,2.0
1269.0,2586.0,994.0,1885.0,1966.0,2870.0,3845.0,1228.0,1293.0,6.0,1.0,2.0
1274.0,2594.0,998.0,1892.0,1974.0,2878.0,3856.0,1234.0,1297.0,6.0,1.0,2.0
1277.0,2600.0,1002.0,1898.0,1979.0,2883.0,3862.0,1237.0,1300.0,6.0,1.0,2.0
1279.0,2602.0,1006.0,1901.0,1981.0,2888.0,3867.0,1241.0,1303.0,6.0,1.0,2.0
1282.0,2607.0,1008.0,1904.0,1997.0,2893.0,3872.0,1243.0,1277.0,6.0,1.0,2.0
1283.0,2609.0,1008.0,1906.0,1998.0,2892.0,3876.0,1244.0,1276.0,6.0,1.0,2.0
1281.0,2604.0,1006.0,1903.0,1995.0,2889.0,3871.0,1241.0,1274.0,6.0,1.0,2.0
1281.0,2603.0,1005.0,1902.0,1994.0,2889.0,3871.0,1240.0,1273.0,6.0,1.0,2.0
1281.0,2607.0,1006.0,1904.0,1996.0,2891.0,3874.0,1242.0,1274.0,6.0,1.0,2.0
1281.0,2606.0,1005.0,1901.0,1994.0,2889.0,3871.0,1240.0,1272.0,6.0,1.0,2.0
1281.0,2605.0,1005.0,1899.0,1993.0,2890.0,3868.0,1240.0,1271.0,6.0,1.0,2.0
1283.0,2609.0,1007.0,1902.0,1997.0,2893.0,3871.0,1242.0,1273.0,6.0,1.0,2.0
1282.0,2609.0,1007.0,1901.0,1997.0,2892.0,3870.0,1242.0,1273.0,6.0,1.0,2.0
1281.0,2605.0,1004.0,1897.0,1995.0,2890.0,3865.0,1240.0,1273.0,6.0,1.0,2.0
1282.0,2606.0,1006.0,1901.0,1996.0,2892.0,3868.0,1242.0,1273.0,6.0,1.0,2.0
1282.0,2607.0,1006.0,1902.0,1998.0,2893.0,3869.0,1242.0,1274.0,6.0,1.0,2.0
1277.0,2601.0,1003.0,1897.0,1992.0,2889.0,3864.0,1238.0,1270.0,6.0,1.0,2.0
1276.0,2600.0,1002.0,1896.0,1991.0,2887.0,3860.0,1237.0,1269.0,6.0,1.0,2.0
1294.0,2476.0,1022.0,1913.0,2006.0,2904.0,3788.0,1256.0,1305.0,7.0,1.0,2.0
1287.0,2469.0,1015.0,1906.0,1999.0,2897.0,3782.0,1251.0,1295.0,7.0,1.0,2.0
1283.0,2466.0,1011.0,1904.0,1997.0,2894.0,3780.0,1248.0,1289.0,7.0,1.0,2.0
1283.0,2468.0,1009.0,1906.0,1998.0,2894.0,3781.0,1248.0,1286.0,7.0,1.0,2.0
1279.0,2464.0,1006.0,1900.0,1992.0,2890.0,3777.0,1244.0,1281.0,7.0,1.0,2.0
1277.0,2462.0,1005.0,1898.0,1991.0,2889.0,3775.0,1243.0,1278.0,7.0,1.0,2.0
1279.0,2463.0,1006.0,1901.0,1993.0,2890.0,3779.0,1243.0,1276.0,7.0,1.0,2.0
1278.0,2462.0,1006.0,1900.0,1992.0,2889.0,3777.0,1242.0,1274.0,7.0,1.0,2.0
1275.0,2456.0,1002.0,1894.0,1987.0,2885.0,3771.0,1238.0,1271.0,7.0,1.0,2.0
1276.0,2456.0,1001.0,1894.0,1987.0,2884.0,3770.0,1237.0,1269.0,7.0,1.0,2.0
1273.0,2453.0,998.0,1892.0,1985.0,2881.0,3766.0,1234.0,1266.0,7.0,1.0,2.0
1269.0,2448.0,995.0,1886.0,1979.0,2875.0,3761.0,1231.0,1262.0,7.0,1.0,2.0
1267.0,2447.0,992.0,1884.0,1978.0,2873.0,3759.0,1229.0,1260.0,7.0,1.0,2.0
1267.0,2449.0,993.0,1885.0,1979.0,2874.0,3762.0,1229.0,1259.0,7.0,1.0,2.0
1265.0,2445.0,991.0,1882.0,1976.0,2871.0,3759.0,1228.0,1258.0,7.0,1.0,2.0
1266.0,2444.0,991.0,1881.0,1976.0,2871.0,3757.0,1230.0,1259.0,7.0,1.0,2.0
1267.0,2445.0,990.0,1882.0,1978.0,2873.0,3757.0,1231.0,1259.0,7.0,1.0,2.0
1265.0,2443.0,989.0,1880.0,1975.0,2871.0,3756.0,1230.0,1257.0,7.0,1.0,2.0
1263.0,2439.0,987.0,1877.0,1971.0,2868.0,3750.0,1228.0,1255.0,7.0,1.0,2.0
1264.0,2440.0,987.0,1879.0,1973.0,2868.0,3751.0,1228.0,1255.0,7.0,1.0,2.0
1263.0,2441.0,987.0,1879.0,1972.0,2868.0,3753.0,1227.0,1253.0,7.0,1.0,2.0
1262.0,2439.0,986.0,1877.0,1969.0,2867.0,3749.0,1226.0,1253.0,7.0,1.0,2.0
1263.0,2440.0,987.0,1879.0,1972.0,2868.0,3752.0,1227.0,1254.0,7.0,1.0,2.0
1263.0,2443.0,989.0,1882.0,1975.0,2871.0,3755.0,1229.0,1256.0,7.0,1.0,2.0
1264.0,2442.0,989.0,1880.0,1963.0,2871.0,3755.0,1230.0,1285.0,7.0,1.0,2.0
1265.0,2442.0,990.0,1881.0,1964.0,2872.0,3755.0,1231.0,1287.0,7.0,1.0,2.0
1268.0,2448.0,993.0,1886.0,1969.0,2876.0,3761.0,1233.0,1289.0,7.0,1.0,2.0
1269.0,2447.0,994.0,1886.0,1969.0,2876.0,3762.0,1234.0,1290.0,7.0,1.0,2.0
1269.0,2446.0,995.0,1886.0,1968.0,2877.0,3763.0,1235.0,1290.0,7.0,1.0,2.0
1271.0,2450.0,998.0,1890.0,1982.0,2880.0,3767.0,1236.0,1262.0,7.0,1.0,2.0
1272.0,2451.0,998.0,1889.0,1983.0,2881.0,3768.0,1236.0,1262.0,7.0,1.0,2.0
1269.0,2446.0,996.0,1886.0,1980.0,2879.0,3764.0,1235.0,1261.0,7.0,1.0,2.0
1270.0,2448.0,997.0,1888.0,1982.0,2881.0,3763.0,1235.0,1262.0,7.0,1.0,2.0
1271.0,2450.0,997.0,1889.0,1983.0,2881.0,3765.0,1235.0,1263.0,7.0,1.0,2.0
1287.0,2277.0,1021.0,1900.0,1971.0,2890.0,3621.0,1250.0,1302.0,8.0,1.0,2.0
1282.0,2273.0,1014.0,1898.0,1968.0,2888.0,3624.0,1246.0,1292.0,8.0,1.0,2.0
1278.0,2270.0,1009.0,1897.0,1965.0,2885.0,3626.0,1243.0,1284.0,8.0,1.0,2.0
1273.0,2264.0,1004.0,1891.0,1959.0,2879.0,3623.0,1238.0,1278.0,8.0,1.0,2.0
1270.0,2261.0,1000.0,1887.0,1958.0,2876.0,3619.0,1234.0,1273.0,8.0,1.0,2.0
1271.0,2262.0,1000.0,1889.0,1962.0,2877.0,3617.0,1233.0,1272.0,8.0,1.0,2.0
1270.0,2261.0,999.0,1888.0,1962.0,2875.0,3612.0,1232.0,1270.0,8.0,1.0,2.0
1268.0,2259.0,997.0,1884.0,1960.0,2872.0,3603.0,1229.0,1266.0,8.0,1.0,2.0
1269.0,2260.0,998.0,1887.0,1962.0,2873.0,3600.0,1230.0,1266.0,8.0,1.0,2.0
1267.0,2260.0,998.0,1888.0,1961.0,2872.0,3598.0,1229.0,1263.0,8.0,1.0,2.0
1264.0,2256.0,996.0,1883.0,1956.0,2869.0,3598.0,1227.0,1261.0,8.0,1.0,2.0
1265.0,2257.0,997.0,1882.0,1955.0,2869.0,3601.0,1227.0,1260.0,8.0,1.0,2.0
1265.0,2259.0,997.0,1885.0,1956.0,2871.0,3605.0,1230.0,1262.0,8.0,1.0,2.0
1264.0,2258.0,996.0,1883.0,1954.0,2870.0,3606.0,1229.0,1261.0,8.0,1.0,2.0
1264.0,2257.0,995.0,1881.0,1953.0,2868.0,3606.0,1230.0,1261.0,8.0,1.0,2.0
1266.0,2259.0,997.0,1886.0,1957.0,2870.0,3610.0,1232.0,1262.0,8.0,1.0,2.0
1266.0,2258.0,996.0,1886.0,1959.0,2870.0,3608.0,1232.0,1262.0,8.0,1.0,2.0
1266.0,2256.0,995.0,1883.0,1958.0,2868.0,3604.0,1230.0,1259.0,8.0,1.0,2.0
1268.0,2258.0,996.0,1886.0,1961.0,2871.0,3605.0,1231.0,1260.0,8.0,1.0,2.0
1268.0,2259.0,996.0,1887.0,1963.0,2872.0,3608.0,1231.0,1260.0,8.0,1.0,2.0
1267.0,2257.0,995.0,1883.0,1960.0,2870.0,3607.0,1230.0,1259.0,8.0,1.0,2.0
1265.0,2255.0,994.0,1882.0,1959.0,2870.0,3609.0,1229.0,1257.0,8.0,1.0,2.0
1264.0,2255.0,992.0,1883.0,1959.0,2870.0,3609.0,1229.0,1257.0,8.0,1.0,2.0
1260.0,2251.0,989.0,1878.0,1954.0,2864.0,3604.0,1227.0,1253.0,8.0,1.0,2.0
1258.0,2248.0,986.0,1875.0,1951.0,2861.0,3600.0,1225.0,1251.0,8.0,1.0,2.0
1258.0,2247.0,984.0,1877.0,1952.0,2859.0,3598.0,1224.0,1250.0,8.0,1.0,2.0
1257.0,2246.0,983.0,1875.0,1952.0,2858.0,3598.0,1223.0,1249.0,8.0,1.0,2.0
1256.0,2244.0,983.0,1874.0,1949.0,2856.0,3596.0,1222.0,1247.0,8.0,1.0,2.0
1257.0,2246.0,984.0,1875.0,1950.0,2857.0,3596.0,1220.0,1247.0,8.0,1.0,2.0
1257.0,2246.0,985.0,1876.0,1951.0,2857.0,3594.0,1219.0,1246.0,8.0,1.0,2.0
1929.0,2608.0,1234.0,2117.0,2002.0,3619.0,3653.0,1519.0,1742.0,1.0,2.0,2.0
1934.0,2612.0,1236.0,2123.0,2006.0,3622.0,3658.0,1521.0,1745.0,1.0,2.0,2.0
1937.0,2615.0,1237.0,2134.0,2008.0,3624.0,3660.0,1521.0,1747.0,1.0,2.0,2.0
1932.0,2611.0,1236.0,2127.0,2003.0,3619.0,3657.0,1519.0,1745.0,1.0,2.0,2.0
1934.0,2612.0,1237.0,2122.0,2006.0,3617.0,3659.0,1520.0,1746.0,1.0,2.0,2.0
1940.0,2619.0,1239.0,2135.0,2011.0,3620.0,3665.0,1523.0,1751.0,1.0,2.0,2.0
1936.0,2616.0,1237.0,2132.0,2008.0,3619.0,3661.0,1521.0,1749.0,1.0,2.0,2.0
1934.0,2614.0,1237.0,2125.0,2007.0,3619.0,3661.0,1522.0,1748.0,1.0,2.0,2.0
1939.0,2619.0,1237.0,2137.0,1997.0,3643.0,3664.0,1525.0,1750.0,1.0,2.0,2.0
1935.0,2615.0,1234.0,2140.0,1994.0,3642.0,3659.0,1523.0,1749.0,1.0,2.0,2.0
1927.0,2608.0,1230.0,2128.0,1988.0,3636.0,3651.0,1520.0,1745.0,1.0,2.0,2.0
1930.0,2609.0,1230.0,2130.0,1989.0,3634.0,3652.0,1520.0,1745.0,1.0,2.0,2.0
1930.0,2609.0,1230.0,2135.0,1988.0,3633.0,3652.0,1519.0,1745.0,1.0,2.0,2.0
1922.0,2603.0,1227.0,2122.0,1996.0,3608.0,3647.0,1516.0,1741.0,1.0,2.0,2.0
1924.0,2603.0,1228.0,2115.0,1997.0,3609.0,3648.0,1516.0,1741.0,1.0,2.0,2.0
1929.0,2607.0,1229.0,2124.0,2000.0,3612.0,3650.0,1517.0,1742.0,1.0,2.0,2.0
1925.0,2603.0,1227.0,2118.0,1997.0,3610.0,3646.0,1516.0,1738.0,1.0,2.0,2.0
1922.0,2599.0,1225.0,2109.0,1995.0,3609.0,3642.0,1514.0,1736.0,1.0,2.0,2.0
1929.0,2604.0,1228.0,2119.0,2000.0,3611.0,3645.0,1517.0,1739.0,1.0,2.0,2.0
1928.0,2603.0,1228.0,2127.0,1999.0,3610.0,3643.0,1517.0,1739.0,1.0,2.0,2.0
1925.0,2600.0,1228.0,2120.0,1996.0,3607.0,3643.0,1516.0,1738.0,1.0,2.0,2.0
1929.0,2602.0,1230.0,2120.0,1999.0,3608.0,3647.0,1516.0,1740.0,1.0,2.0,2.0
1930.0,2605.0,1231.0,2129.0,2000.0,3609.0,3649.0,1517.0,1741.0,1.0,2.0,2.0
1925.0,2600.0,1227.0,2117.0,1995.0,3606.0,3644.0,1514.0,1738.0,1.0,2.0,2.0
1925.0,2600.0,1227.0,2109.0,1997.0,3606.0,3644.0,1514.0,1738.0,1.0,2.0,2.0
1931.0,2606.0,1229.0,2119.0,2002.0,3611.0,3646.0,1516.0,1742.0,1.0,2.0,2.0
1929.0,2606.0,1230.0,2120.0,2001.0,3613.0,3648.0,1517.0,1743.0,1.0,2.0,2.0
1929.0,2606.0,1232.0,2112.0,2001.0,3612.0,3650.0,1517.0,1744.0,1.0,2.0,2.0
1936.0,2615.0,1239.0,2125.0,2008.0,3618.0,3659.0,1521.0,1750.0,1.0,2.0,2.0
1937.0,2617.0,1240.0,2133.0,2007.0,3620.0,3663.0,1521.0,1751.0,1.0,2.0,2.0
1931.0,2613.0,1239.0,2119.0,2003.0,3615.0,3662.0,1520.0,1748.0,1.0,2.0,2.0
1935.0,2617.0,1239.0,2118.0,2005.0,3617.0,3665.0,1522.0,1749.0,1.0,2.0,2.0
1930.0,2560.0,1122.0,2149.0,2020.0,3408.0,3704.0,1358.0,1683.0,2.0,2.0,2.0
1924.0,2555.0,1116.0,2142.0,2015.0,3402.0,3697.0,1352.0,1675.0,2.0,2.0,2.0
1918.0,2551.0,1115.0,2139.0,2013.0,3402.0,3694.0,1348.0,1670.0,2.0,2.0,2.0
1922.0,2556.0,1115.0,2144.0,2018.0,3404.0,3696.0,1348.0,1671.0,2.0,2.0,2.0
1920.0,2557.0,1113.0,2143.0,2018.0,3403.0,3695.0,1347.0,1669.0,2.0,2.0,2.0
1915.0,2553.0,1112.0,2142.0,2017.0,3401.0,3694.0,1346.0,1668.0,2.0,2.0,2.0
1917.0,2557.0,1114.0,2147.0,2021.0,3405.0,3698.0,1348.0,1670.0,2.0,2.0,2.0
1920.0,2561.0,1115.0,2152.0,2024.0,3408.0,3700.0,1351.0,1673.0,2.0,2.0,2.0
1916.0,2557.0,1114.0,2149.0,2021.0,3406.0,3697.0,1350.0,1672.0,2.0,2.0,2.0
1916.0,2556.0,1114.0,2149.0,2021.0,3406.0,3696.0,1349.0,1671.0,2.0,2.0,2.0
1921.0,2559.0,1115.0,2153.0,2024.0,3407.0,3700.0,1350.0,1671.0,2.0,2.0,2.0
1918.0,2557.0,1114.0,2149.0,2021.0,3405.0,3697.0,1349.0,1668.0,2.0,2.0,2.0
1914.0,2552.0,1113.0,2145.0,2017.0,3402.0,3696.0,1349.0,1665.0,2.0,2.0,2.0
1921.0,2557.0,1115.0,2149.0,2011.0,3407.0,3701.0,1352.0,1694.0,2.0,2.0,2.0
1922.0,2559.0,1115.0,2151.0,2013.0,3409.0,3705.0,1355.0,1695.0,2.0,2.0,2.0
1918.0,2555.0,1114.0,2148.0,2011.0,3407.0,3701.0,1355.0,1695.0,2.0,2.0,2.0
1921.0,2558.0,1115.0,2153.0,2015.0,3410.0,3704.0,1356.0,1697.0,2.0,2.0,2.0
1926.0,2561.0,1116.0,2156.0,2020.0,3413.0,3707.0,1356.0,1698.0,2.0,2.0,2.0
1919.0,2556.0,1113.0,2151.0,2026.0,3409.0,3701.0,1352.0,1670.0,2.0,2.0,2.0
1917.0,2554.0,1112.0,2150.0,2024.0,3407.0,3699.0,1349.0,1667.0,2.0,2.0,2.0
1920.0,2557.0,1111.0,2150.0,2026.0,3406.0,3700.0,1348.0,1666.0,2.0,2.0,2.0
1916.0,2554.0,1109.0,2144.0,2022.0,3403.0,3697.0,1348.0,1662.0,2.0,2.0,2.0
1913.0,2550.0,1108.0,2141.0,2018.0,3401.0,3693.0,1347.0,1661.0,2.0,2.0,2.0
1918.0,2556.0,1111.0,2145.0,2023.0,3404.0,3698.0,1351.0,1664.0,2.0,2.0,2.0
1919.0,2559.0,1112.0,2146.0,2025.0,3406.0,3700.0,1352.0,1665.0,2.0,2.0,2.0
1915.0,2556.0,1113.0,2145.0,2023.0,3406.0,3699.0,1352.0,1664.0,2.0,2.0,2.0
1918.0,2559.0,1115.0,2151.0,2028.0,3409.0,3701.0,1352.0,1668.0,2.0,2.0,2.0
1922.0,2563.0,1117.0,2157.0,2033.0,3414.0,3706.0,1355.0,1670.0,2.0,2.0,2.0
1918.0,2560.0,1116.0,2154.0,2029.0,3412.0,3704.0,1354.0,1668.0,2.0,2.0,2.0
1919.0,2558.0,1115.0,2153.0,2030.0,3412.0,3703.0,1354.0,1668.0,2.0,2.0,2.0
1922.0,2561.0,1114.0,2155.0,2032.0,3412.0,3704.0,1354.0,1669.0,2.0,2.0,2.0
1918.0,2557.0,1112.0,2150.0,2028.0,3408.0,3702.0,1352.0,1666.0,2.0,2.0,2.0
1912.0,2553.0,1109.0,2145.0,2023.0,3404.0,3698.0,1349.0,1662.0,2.0,2.0,2.0
1913.0,2553.0,1107.0,2148.0,2026.0,3405.0,3697.0,1347.0,1663.0,2.0,2.0,2.0
1911.0,2553.0,1107.0,2147.0,2024.0,3402.0,3697.0,1344.0,1661.0,2.0,2.0,2.0
1907.0,2549.0,1105.0,2143.0,2020.0,3399.0,3692.0,1342.0,1658.0,2.0,2.0,2.0
1908.0,2550.0,1106.0,2145.0,2023.0,3399.0,3694.0,1343.0,1659.0,2.0,2.0,2.0
1913.0,2553.0,1108.0,2148.0,2026.0,3401.0,3696.0,1345.0,1661.0,2.0,2.0,2.0
1909.0,2550.0,1106.0,2142.0,2022.0,3399.0,3692.0,1345.0,1659.0,2.0,2.0,2.0
1908.0,2549.0,1106.0,2142.0,2021.0,3399.0,3692.0,1345.0,1659.0,2.0,2.0,2.0
1913.0,2555.0,1109.0,2148.0,2027.0,3402.0,3699.0,1348.0,1661.0,2.0,2.0,2.0
1912.0,2553.0,1108.0,2146.0,2026.0,3401.0,3696.0,1346.0,1660.0,2.0,2.0,2.0
1907.0,2549.0,1106.0,2143.0,2022.0,3399.0,3694.0,1344.0,1658.0,2.0,2.0,2.0
1911.0,2553.0,1107.0,2148.0,2027.0,3401.0,3698.0,1345.0,1660.0,2.0,2.0,2.0
1911.0,2553.0,1107.0,2149.0,2028.0,3401.0,3697.0,1345.0,1661.0,2.0,2.0,2.0
1904.0,2546.0,1103.0,2142.0,2022.0,3396.0,3690.0,1342.0,1659.0,2.0,2.0,2.0
1904.0,2545.0,1104.0,2142.0,2022.0,3396.0,3688.0,1342.0,1659.0,2.0,2.0,2.0
1908.0,2550.0,1106.0,2147.0,2027.0,3400.0,3692.0,1343.0,1662.0,2.0,2.0,2.0
1905.0,2547.0,1106.0,2143.0,2024.0,3399.0,3690.0,1342.0,1661.0,2.0,2.0,2.0
1906.0,2546.0,1106.0,2144.0,2025.0,3400.0,3692.0,1343.0,1661.0,2.0,2.0,2.0
1914.0,2553.0,1111.0,2152.0,2032.0,3405.0,3699.0,1346.0,1665.0,2.0,2.0,2.0
1914.0,2555.0,1111.0,2152.0,2032.0,3407.0,3702.0,1348.0,1665.0,2.0,2.0,2.0
1911.0,2553.0,1110.0,2149.0,2029.0,3406.0,3699.0,1349.0,1665.0,2.0,2.0,2.0
1891.0,2641.0,1111.0,2054.0,2086.0,3037.0,3812.0,1233.0,1614.0,3.0,2.0,2.0
1892.0,2636.0,1110.0,2054.0,2085.0,3038.0,3815.0,1233.0,1610.0,3.0,2.0,2.0
1896.0,2640.0,1109.0,2058.0,2089.0,3038.0,3818.0,1234.0,1608.0,3.0,2.0,2.0
1890.0,2640.0,1105.0,2054.0,2097.0,3033.0,3817.0,1232.0,1577.0,3.0,2.0,2.0
1882.0,2637.0,1101.0,2049.0,2092.0,3030.0,3811.0,1228.0,1571.0,3.0,2.0,2.0
1881.0,2642.0,1103.0,2053.0,2096.0,3033.0,3815.0,1228.0,1570.0,3.0,2.0,2.0
1881.0,2644.0,1104.0,2052.0,2096.0,3034.0,3814.0,1227.0,1568.0,3.0,2.0,2.0
1877.0,2637.0,1102.0,2048.0,2091.0,3032.0,3811.0,1225.0,1564.0,3.0,2.0,2.0
1883.0,2634.0,1102.0,2049.0,2092.0,3031.0,3812.0,1226.0,1565.0,3.0,2.0,2.0
1890.0,2633.0,1103.0,2052.0,2095.0,3031.0,3817.0,1227.0,1567.0,3.0,2.0,2.0
1889.0,2627.0,1101.0,2049.0,2091.0,3030.0,3814.0,1227.0,1565.0,3.0,2.0,2.0
1888.0,2625.0,1101.0,2048.0,2090.0,3031.0,3813.0,1226.0,1563.0,3.0,2.0,2.0
1890.0,2631.0,1102.0,2051.0,2094.0,3032.0,3816.0,1226.0,1563.0,3.0,2.0,2.0
1883.0,2633.0,1100.0,2048.0,2092.0,3029.0,3815.0,1225.0,1561.0,3.0,2.0,2.0
1877.0,2634.0,1099.0,2046.0,2090.0,3026.0,3809.0,1225.0,1559.0,3.0,2.0,2.0
1876.0,2637.0,1099.0,2046.0,2091.0,3026.0,3808.0,1224.0,1557.0,3.0,2.0,2.0
1877.0,2637.0,1099.0,2046.0,2091.0,3027.0,3806.0,1223.0,1555.0,3.0,2.0,2.0
1874.0,2628.0,1098.0,2041.0,2085.0,3025.0,3801.0,1220.0,1552.0,3.0,2.0,2.0
1877.0,2625.0,1096.0,2041.0,2085.0,3025.0,3800.0,1220.0,1552.0,3.0,2.0,2.0
1881.0,2623.0,1095.0,2041.0,2085.0,3022.0,3802.0,1218.0,1551.0,3.0,2.0,2.0
1879.0,2619.0,1093.0,2038.0,2081.0,3020.0,3800.0,1216.0,1550.0,3.0,2.0,2.0
1874.0,2617.0,1091.0,2036.0,2079.0,3019.0,3801.0,1215.0,1548.0,3.0,2.0,2.0
1875.0,2623.0,1093.0,2040.0,2084.0,3021.0,3804.0,1217.0,1550.0,3.0,2.0,2.0
1871.0,2625.0,1092.0,2038.0,2081.0,3018.0,3803.0,1216.0,1548.0,3.0,2.0,2.0
1867.0,2624.0,1091.0,2035.0,2079.0,3017.0,3800.0,1217.0,1547.0,3.0,2.0,2.0
1871.0,2628.0,1093.0,2039.0,2083.0,3018.0,3802.0,1219.0,1548.0,3.0,2.0,2.0
1875.0,2631.0,1093.0,2041.0,2085.0,3021.0,3806.0,1220.0,1551.0,3.0,2.0,2.0
1872.0,2626.0,1092.0,2036.0,2081.0,3020.0,3803.0,1220.0,1550.0,3.0,2.0,2.0
1874.0,2625.0,1092.0,2037.0,2082.0,3021.0,3803.0,1219.0,1549.0,3.0,2.0,2.0
1877.0,2627.0,1093.0,2040.0,2084.0,3021.0,3806.0,1218.0,1549.0,3.0,2.0,2.0
1872.0,2624.0,1091.0,2034.0,2079.0,3019.0,3802.0,1215.0,1547.0,3.0,2.0,2.0
1869.0,2622.0,1091.0,2032.0,2078.0,3018.0,3797.0,1214.0,1546.0,3.0,2.0,2.0
1874.0,2630.0,1094.0,2038.0,2084.0,3021.0,3802.0,1217.0,1550.0,3.0,2.0,2.0
1874.0,2633.0,1096.0,2040.0,2086.0,3024.0,3806.0,1219.0,1551.0,3.0,2.0,2.0
1872.0,2632.0,1096.0,2038.0,2085.0,3025.0,3807.0,1220.0,1551.0,3.0,2.0,2.0
1878.0,2636.0,1099.0,2044.0,2090.0,3028.0,3814.0,1224.0,1554.0,3.0,2.0,2.0
1882.0,2638.0,1100.0,2046.0,2092.0,3029.0,3819.0,1224.0,1555.0,3.0,2.0,2.0
1877.0,2632.0,1098.0,2042.0,2087.0,3028.0,3815.0,1223.0,1552.0,3.0,2.0,2.0
1876.0,2632.0,1099.0,2042.0,2087.0,3027.0,3814.0,1223.0,1554.0,3.0,2.0,2.0
1880.0,2637.0,1101.0,2046.0,2091.0,3028.0,3817.0,1225.0,1556.0,3.0,2.0,2.0
1783.0,2663.0,991.0,2047.0,2089.0,2862.0,3904.0,1220.0,1479.0,4.0,2.0,2.0
1777.0,2659.0,987.0,2042.0,2082.0,2859.0,3900.0,1217.0,1473.0,4.0,2.0,2.0
1773.0,2656.0,984.0,2039.0,2080.0,2856.0,3897.0,1215.0,1469.0,4.0,2.0,2.0
1775.0,2659.0,984.0,2042.0,2083.0,2858.0,3901.0,1215.0,1467.0,4.0,2.0,2.0
1772.0,2658.0,982.0,2040.0,2082.0,2858.0,3901.0,1214.0,1464.0,4.0,2.0,2.0
1768.0,2654.0,981.0,2038.0,2078.0,2856.0,3898.0,1213.0,1460.0,4.0,2.0,2.0
1770.0,2657.0,981.0,2040.0,2081.0,2857.0,3899.0,1213.0,1458.0,4.0,2.0,2.0
1771.0,2660.0,981.0,2041.0,2083.0,2857.0,3901.0,1214.0,1457.0,4.0,2.0,2.0
1769.0,2656.0,979.0,2037.0,2079.0,2854.0,3894.0,1211.0,1455.0,4.0,2.0,2.0
1773.0,2659.0,981.0,2040.0,2083.0,2856.0,3897.0,1213.0,1457.0,4.0,2.0,2.0
1777.0,2665.0,983.0,2044.0,2087.0,2859.0,3903.0,1216.0,1459.0,4.0,2.0,2.0
1775.0,2662.0,984.0,2042.0,2085.0,2858.0,3903.0,1216.0,1458.0,4.0,2.0,2.0
1775.0,2661.0,984.0,2041.0,2084.0,2859.0,3902.0,1216.0,1458.0,4.0,2.0,2.0
1778.0,2666.0,986.0,2046.0,2089.0,2861.0,3907.0,1219.0,1460.0,4.0,2.0,2.0
1776.0,2664.0,984.0,2043.0,2087.0,2860.0,3904.0,1218.0,1459.0,4.0,2.0,2.0
1773.0,2661.0,984.0,2041.0,2084.0,2859.0,3901.0,1218.0,1459.0,4.0,2.0,2.0
1775.0,2664.0,983.0,2044.0,2088.0,2861.0,3907.0,1219.0,1460.0,4.0,2.0,2.0
1775.0,2667.0,984.0,2045.0,2090.0,2862.0,3909.0,1219.0,1460.0,4.0,2.0,2.0
1772.0,2664.0,983.0,2042.0,2086.0,2861.0,3909.0,1218.0,1459.0,4.0,2.0,2.0
1773.0,2666.0,984.0,2044.0,2088.0,2862.0,3911.0,1219.0,1460.0,4.0,2.0,2.0
1777.0,2670.0,985.0,2048.0,2093.0,2865.0,3914.0,1219.0,1461.0,4.0,2.0,2.0
1775.0,2667.0,985.0,2045.0,2090.0,2864.0,3910.0,1219.0,1460.0,4.0,2.0,2.0
1775.0,2664.0,984.0,2044.0,2089.0,2865.0,3907.0,1219.0,1460.0,4.0,2.0,2.0
1780.0,2668.0,985.0,2048.0,2094.0,2866.0,3908.0,1220.0,1462.0,4.0,2.0,2.0
1779.0,2666.0,984.0,2046.0,2093.0,2865.0,3907.0,1219.0,1461.0,4.0,2.0,2.0
1775.0,2661.0,982.0,2042.0,2073.0,2880.0,3903.0,1218.0,1459.0,4.0,2.0,2.0
1776.0,2662.0,982.0,2044.0,2075.0,2879.0,3902.0,1217.0,1458.0,4.0,2.0,2.0
1776.0,2662.0,981.0,2043.0,2074.0,2878.0,3902.0,1217.0,1457.0,4.0,2.0,2.0
1771.0,2657.0,977.0,2036.0,2067.0,2874.0,3898.0,1214.0,1453.0,4.0,2.0,2.0
1770.0,2656.0,976.0,2035.0,2065.0,2873.0,3896.0,1212.0,1451.0,4.0,2.0,2.0
1772.0,2659.0,977.0,2037.0,2081.0,2856.0,3899.0,1212.0,1452.0,4.0,2.0,2.0
1769.0,2657.0,976.0,2034.0,2079.0,2856.0,3898.0,1212.0,1451.0,4.0,2.0,2.0
1768.0,2655.0,975.0,2034.0,2077.0,2855.0,3899.0,1212.0,1451.0,4.0,2.0,2.0
1771.0,2660.0,977.0,2038.0,2082.0,2858.0,3902.0,1215.0,1454.0,4.0,2.0,2.0
1771.0,2660.0,977.0,2037.0,2082.0,2858.0,3902.0,1214.0,1454.0,4.0,2.0,2.0
1768.0,2657.0,976.0,2034.0,2079.0,2857.0,3898.0,1213.0,1453.0,4.0,2.0,2.0
1770.0,2658.0,977.0,2037.0,2082.0,2858.0,3899.0,1214.0,1455.0,4.0,2.0,2.0
1773.0,2661.0,977.0,2039.0,2085.0,2859.0,3900.0,1214.0,1456.0,4.0,2.0,2.0
1769.0,2657.0,976.0,2035.0,2083.0,2858.0,3897.0,1213.0,1455.0,4.0,2.0,2.0
1769.0,2656.0,976.0,2035.0,2083.0,2858.0,3897.0,1213.0,1455.0,4.0,2.0,2.0
1772.0,2660.0,978.0,2038.0,2087.0,2859.0,3902.0,1215.0,1455.0,4.0,2.0,2.0
1770.0,2659.0,977.0,2035.0,2084.0,2858.0,3900.0,1214.0,1454.0,4.0,2.0,2.0
1499.0,2594.0,991.0,2026.0,2098.0,2863.0,3955.0,1222.0,1266.0,5.0,2.0,2.0
1496.0,2590.0,988.0,2023.0,2094.0,2860.0,3951.0,1220.0,1260.0,5.0,2.0,2.0
1494.0,2589.0,985.0,2023.0,2095.0,2858.0,3950.0,1218.0,1257.0,5.0,2.0,2.0
1490.0,2590.0,983.0,2021.0,2094.0,2857.0,3951.0,1216.0,1254.0,5.0,2.0,2.0
1484.0,2586.0,981.0,2017.0,2089.0,2854.0,3947.0,1213.0,1250.0,5.0,2.0,2.0
1484.0,2588.0,982.0,2019.0,2091.0,2855.0,3947.0,1212.0,1249.0,5.0,2.0,2.0
1486.0,2591.0,982.0,2022.0,2094.0,2855.0,3950.0,1213.0,1248.0,5.0,2.0,2.0
1485.0,2586.0,980.0,2018.0,2091.0,2853.0,3946.0,1212.0,1247.0,5.0,2.0,2.0
1483.0,2583.0,980.0,2016.0,2089.0,2853.0,3947.0,1211.0,1245.0,5.0,2.0,2.0
1485.0,2585.0,980.0,2019.0,2093.0,2854.0,3949.0,1213.0,1245.0,5.0,2.0,2.0
1483.0,2582.0,979.0,2017.0,2090.0,2852.0,3947.0,1211.0,1244.0,5.0,2.0,2.0
1483.0,2581.0,979.0,2018.0,2089.0,2851.0,3945.0,1211.0,1244.0,5.0,2.0,2.0
1483.0,2586.0,981.0,2022.0,2093.0,2853.0,3949.0,1212.0,1244.0,5.0,2.0,2.0
1483.0,2589.0,981.0,2023.0,2094.0,2852.0,3951.0,1213.0,1244.0,5.0,2.0,2.0
1480.0,2586.0,980.0,2020.0,2091.0,2851.0,3950.0,1212.0,1243.0,5.0,2.0,2.0
1481.0,2589.0,981.0,2022.0,2092.0,2852.0,3954.0,1215.0,1246.0,5.0,2.0,2.0
1482.0,2590.0,982.0,2025.0,2094.0,2853.0,3956.0,1215.0,1245.0,5.0,2.0,2.0
1481.0,2586.0,980.0,2022.0,2090.0,2851.0,3954.0,1214.0,1244.0,5.0,2.0,2.0
1481.0,2583.0,979.0,2020.0,2089.0,2850.0,3951.0,1214.0,1243.0,5.0,2.0,2.0
1482.0,2585.0,981.0,2022.0,2092.0,2851.0,3954.0,1215.0,1244.0,5.0,2.0,2.0
1481.0,2585.0,980.0,2021.0,2091.0,2850.0,3952.0,1214.0,1243.0,5.0,2.0,2.0
1480.0,2581.0,978.0,2019.0,2087.0,2849.0,3949.0,1213.0,1242.0,5.0,2.0,2.0
1482.0,2585.0,979.0,2022.0,2091.0,2850.0,3951.0,1215.0,1244.0,5.0,2.0,2.0
1483.0,2586.0,980.0,2023.0,2093.0,2851.0,3951.0,1214.0,1245.0,5.0,2.0,2.0
1482.0,2583.0,978.0,2017.0,2089.0,2850.0,3945.0,1212.0,1243.0,5.0,2.0,2.0
1482.0,2581.0,978.0,2017.0,2089.0,2849.0,3947.0,1212.0,1243.0,5.0,2.0,2.0
1484.0,2583.0,979.0,2020.0,2091.0,2850.0,3949.0,1213.0,1243.0,5.0,2.0,2.0
1481.0,2578.0,977.0,2015.0,2073.0,2864.0,3946.0,1211.0,1240.0,5.0,2.0,2.0
1478.0,2573.0,974.0,2013.0,2068.0,2861.0,3943.0,1209.0,1237.0,5.0,2.0,2.0
1479.0,2574.0,974.0,2016.0,2071.0,2862.0,3947.0,1210.0,1237.0,5.0,2.0,2.0
1477.0,2574.0,974.0,2015.0,2070.0,2860.0,3943.0,1208.0,1236.0,5.0,2.0,2.0
1474.0,2570.0,971.0,2011.0,2066.0,2858.0,3939.0,1206.0,1233.0,5.0,2.0,2.0
1476.0,2572.0,972.0,2013.0,2082.0,2842.0,3939.0,1205.0,1233.0,5.0,2.0,2.0
1477.0,2575.0,974.0,2014.0,2084.0,2842.0,3942.0,1206.0,1233.0,5.0,2.0,2.0
1474.0,2571.0,973.0,2010.0,2080.0,2841.0,3939.0,1206.0,1233.0,5.0,2.0,2.0
1475.0,2570.0,972.0,2011.0,2082.0,2841.0,3941.0,1207.0,1233.0,5.0,2.0,2.0
1475.0,2573.0,972.0,2013.0,2085.0,2843.0,3944.0,1207.0,1234.0,5.0,2.0,2.0
1473.0,2572.0,971.0,2010.0,2082.0,2841.0,3943.0,1207.0,1235.0,5.0,2.0,2.0
1244.0,2565.0,974.0,1889.0,2076.0,2831.0,3842.0,1203.0,1248.0,6.0,2.0,2.0
1240.0,2560.0,970.0,1886.0,2070.0,2827.0,3841.0,1199.0,1241.0,6.0,2.0,2.0
1240.0,2560.0,968.0,1887.0,2070.0,2826.0,3844.0,1198.0,1237.0,6.0,2.0,2.0
1238.0,2559.0,967.0,1885.0,2069.0,2825.0,3845.0,1197.0,1234.0,6.0,2.0,2.0
1235.0,2555.0,963.0,1881.0,2065.0,2822.0,3841.0,1195.0,1231.0,6.0,2.0,2.0
1236.0,2555.0,963.0,1882.0,2068.0,2823.0,3840.0,1196.0,1231.0,6.0,2.0,2.0
1237.0,2557.0,964.0,1884.0,2072.0,2825.0,3841.0,1198.0,1230.0,6.0,2.0,2.0
1236.0,2557.0,965.0,1883.0,2070.0,2825.0,3842.0,1198.0,1230.0,6.0,2.0,2.0
1238.0,2558.0,966.0,1883.0,2071.0,2825.0,3842.0,1198.0,1229.0,6.0,2.0,2.0
1241.0,2563.0,970.0,1888.0,2077.0,2829.0,3849.0,1200.0,1231.0,6.0,2.0,2.0
1241.0,2564.0,971.0,1888.0,2076.0,2829.0,3852.0,1201.0,1231.0,6.0,2.0,2.0
1240.0,2561.0,970.0,1886.0,2073.0,2827.0,3852.0,1200.0,1230.0,6.0,2.0,2.0
1241.0,2563.0,970.0,1888.0,2076.0,2828.0,3853.0,1200.0,1230.0,6.0,2.0,2.0
1242.0,2563.0,970.0,1888.0,2077.0,2829.0,3855.0,1201.0,1230.0,6.0,2.0,2.0
1239.0,2561.0,968.0,1883.0,2072.0,2827.0,3852.0,1200.0,1229.0,6.0,2.0,2.0
1240.0,2561.0,968.0,1883.0,2072.0,2828.0,3853.0,1201.0,1229.0,6.0,2.0,2.0
1242.0,2566.0,970.0,1886.0,2077.0,2831.0,3856.0,1203.0,1230.0,6.0,2.0,2.0
1242.0,2565.0,969.0,1886.0,2076.0,2831.0,3854.0,1203.0,1230.0,6.0,2.0,2.0
1242.0,2564.0,969.0,1887.0,2076.0,2831.0,3852.0,1203.0,1230.0,6.0,2.0,2.0
1244.0,2568.0,971.0,1891.0,2079.0,2833.0,3854.0,1205.0,1232.0,6.0,2.0,2.0
1245.0,2570.0,972.0,1894.0,2080.0,2834.0,3854.0,1205.0,1232.0,6.0,2.0,2.0
1243.0,2567.0,972.0,1891.0,2076.0,2832.0,3851.0,1204.0,1231.0,6.0,2.0,2.0
1243.0,2568.0,971.0,1891.0,2077.0,2832.0,3852.0,1205.0,1232.0,6.0,2.0,2.0
1241.0,2566.0,969.0,1890.0,2064.0,2849.0,3850.0,1202.0,1229.0,6.0,2.0,2.0
1237.0,2559.0,965.0,1883.0,2058.0,2844.0,3843.0,1198.0,1225.0,6.0,2.0,2.0
1235.0,2556.0,962.0,1879.0,2055.0,2841.0,3840.0,1196.0,1223.0,6.0,2.0,2.0
1236.0,2557.0,962.0,1881.0,2057.0,2842.0,3842.0,1196.0,1222.0,6.0,2.0,2.0
1234.0,2555.0,961.0,1878.0,2054.0,2841.0,3843.0,1196.0,1221.0,6.0,2.0,2.0
1234.0,2555.0,961.0,1877.0,2066.0,2824.0,3843.0,1196.0,1222.0,6.0,2.0,2.0
1237.0,2560.0,963.0,1881.0,2071.0,2827.0,3847.0,1198.0,1224.0,6.0,2.0,2.0
1238.0,2561.0,965.0,1882.0,2071.0,2828.0,3848.0,1199.0,1224.0,6.0,2.0,2.0
1237.0,2557.0,963.0,1878.0,2069.0,2826.0,3842.0,1197.0,1223.0,6.0,2.0,2.0
1238.0,2558.0,963.0,1880.0,2071.0,2826.0,3840.0,1197.0,1224.0,6.0,2.0,2.0
1239.0,2559.0,963.0,1881.0,2073.0,2825.0,3841.0,1197.0,1225.0,6.0,2.0,2.0
1236.0,2555.0,962.0,1877.0,2069.0,2823.0,3838.0,1196.0,1224.0,6.0,2.0,2.0
1235.0,2552.0,960.0,1875.0,2068.0,2821.0,3835.0,1195.0,1224.0,6.0,2.0,2.0
1236.0,2555.0,962.0,1878.0,2070.0,2822.0,3840.0,1195.0,1223.0,6.0,2.0,2.0
1234.0,2552.0,961.0,1876.0,2068.0,2821.0,3839.0,1194.0,1222.0,6.0,2.0,2.0
1243.0,2405.0,977.0,1859.0,1970.0,2826.0,3788.0,1204.0,1244.0,7.0,2.0,2.0
1238.0,2398.0,972.0,1855.0,1964.0,2821.0,3785.0,1199.0,1237.0,7.0,2.0,2.0
1237.0,2401.0,970.0,1854.0,1965.0,2820.0,3780.0,1198.0,1233.0,7.0,2.0,2.0
1236.0,2407.0,968.0,1853.0,1965.0,2820.0,3775.0,1196.0,1230.0,7.0,2.0,2.0
1232.0,2405.0,963.0,1848.0,1959.0,2816.0,3765.0,1194.0,1227.0,7.0,2.0,2.0
1231.0,2404.0,962.0,1847.0,1959.0,2815.0,3759.0,1194.0,1226.0,7.0,2.0,2.0
1232.0,2406.0,962.0,1848.0,1961.0,2816.0,3761.0,1194.0,1224.0,7.0,2.0,2.0
1230.0,2402.0,960.0,1845.0,1957.0,2814.0,3761.0,1192.0,1222.0,7.0,2.0,2.0
1228.0,2398.0,959.0,1843.0,1956.0,2812.0,3764.0,1190.0,1219.0,7.0,2.0,2.0
1230.0,2399.0,961.0,1847.0,1960.0,2814.0,3772.0,1191.0,1219.0,7.0,2.0,2.0
1230.0,2396.0,959.0,1845.0,1958.0,2813.0,3774.0,1190.0,1217.0,7.0,2.0,2.0
1228.0,2392.0,957.0,1842.0,1954.0,2810.0,3766.0,1187.0,1215.0,7.0,2.0,2.0
1229.0,2395.0,958.0,1844.0,1956.0,2812.0,3763.0,1188.0,1216.0,7.0,2.0,2.0
1231.0,2403.0,960.0,1848.0,1958.0,2815.0,3763.0,1191.0,1219.0,7.0,2.0,2.0
1230.0,2404.0,960.0,1847.0,1957.0,2815.0,3762.0,1191.0,1219.0,7.0,2.0,2.0
1232.0,2408.0,963.0,1850.0,1959.0,2818.0,3766.0,1194.0,1221.0,7.0,2.0,2.0
1235.0,2413.0,966.0,1855.0,1965.0,2823.0,3777.0,1199.0,1225.0,7.0,2.0,2.0
1236.0,2413.0,966.0,1855.0,1965.0,2823.0,3785.0,1201.0,1225.0,7.0,2.0,2.0
1235.0,2411.0,965.0,1853.0,1964.0,2823.0,3788.0,1201.0,1225.0,7.0,2.0,2.0
1238.0,2415.0,967.0,1857.0,1969.0,2826.0,3792.0,1203.0,1226.0,7.0,2.0,2.0
1239.0,2416.0,968.0,1857.0,1969.0,2827.0,3791.0,1203.0,1227.0,7.0,2.0,2.0
1239.0,2413.0,967.0,1855.0,1967.0,2826.0,3784.0,1203.0,1226.0,7.0,2.0,2.0
1240.0,2416.0,968.0,1858.0,1970.0,2827.0,3781.0,1204.0,1228.0,7.0,2.0,2.0
1243.0,2419.0,970.0,1860.0,1971.0,2829.0,3783.0,1204.0,1228.0,7.0,2.0,2.0
1241.0,2417.0,969.0,1856.0,1967.0,2827.0,3782.0,1203.0,1227.0,7.0,2.0,2.0
1241.0,2416.0,969.0,1856.0,1966.0,2826.0,3784.0,1203.0,1226.0,7.0,2.0,2.0
1242.0,2419.0,971.0,1858.0,1969.0,2829.0,3788.0,1204.0,1228.0,7.0,2.0,2.0
1241.0,2417.0,970.0,1855.0,1967.0,2828.0,3790.0,1202.0,1227.0,7.0,2.0,2.0
1237.0,2414.0,969.0,1854.0,1964.0,2826.0,3788.0,1201.0,1227.0,7.0,2.0,2.0
1237.0,2416.0,968.0,1854.0,1954.0,2846.0,3787.0,1201.0,1226.0,7.0,2.0,2.0
1235.0,2414.0,965.0,1852.0,1952.0,2844.0,3783.0,1199.0,1224.0,7.0,2.0,2.0
1231.0,2410.0,962.0,1847.0,1946.0,2839.0,3778.0,1195.0,1220.0,7.0,2.0,2.0
1231.0,2408.0,961.0,1848.0,1946.0,2837.0,3777.0,1194.0,1218.0,7.0,2.0,2.0
1231.0,2409.0,960.0,1848.0,1947.0,2837.0,3777.0,1193.0,1217.0,7.0,2.0,2.0
1230.0,2404.0,959.0,1846.0,1956.0,2815.0,3776.0,1190.0,1215.0,7.0,2.0,2.0
1230.0,2403.0,959.0,1846.0,1956.0,2815.0,3777.0,1189.0,1214.0,7.0,2.0,2.0
1283.0,2277.0,1020.0,1904.0,2015.0,2884.0,3593.0,1247.0,1298.0,8.0,2.0,2.0
1270.0,2263.0,1006.0,1892.0,2003.0,2870.0,3580.0,1236.0,1280.0,8.0,2.0,2.0
1265.0,2259.0,1000.0,1889.0,1999.0,2867.0,3576.0,1231.0,1271.0,8.0,2.0,2.0
1261.0,2256.0,995.0,1884.0,1995.0,2862.0,3571.0,1226.0,1264.0,8.0,2.0,2.0
1258.0,2254.0,993.0,1883.0,1994.0,2860.0,3568.0,1225.0,1259.0,8.0,2.0,2.0
1258.0,2255.0,993.0,1884.0,1995.0,2863.0,3571.0,1225.0,1257.0,8.0,2.0,2.0
1257.0,2255.0,992.0,1883.0,1995.0,2862.0,3571.0,1224.0,1255.0,8.0,2.0,2.0
1255.0,2251.0,989.0,1879.0,1991.0,2858.0,3568.0,1221.0,1251.0,8.0,2.0,2.0
1255.0,2250.0,989.0,1880.0,1991.0,2859.0,3567.0,1221.0,1250.0,8.0,2.0,2.0
1255.0,2250.0,988.0,1880.0,1991.0,2861.0,3571.0,1220.0,1250.0,8.0,2.0,2.0
1253.0,2247.0,986.0,1876.0,1988.0,2857.0,3569.0,1218.0,1248.0,8.0,2.0,2.0
1252.0,2245.0,984.0,1875.0,1986.0,2854.0,3568.0,1217.0,1246.0,8.0,2.0,2.0
1254.0,2247.0,985.0,1877.0,1989.0,2855.0,3568.0,1219.0,1246.0,8.0,2.0,2.0
1252.0,2245.0,982.0,1874.0,1985.0,2852.0,3567.0,1218.0,1244.0,8.0,2.0,2.0
1250.0,2242.0,981.0,1872.0,1983.0,2848.0,3560.0,1216.0,1242.0,8.0,2.0,2.0
1253.0,2246.0,984.0,1875.0,1987.0,2853.0,3562.0,1219.0,1245.0,8.0,2.0,2.0
1255.0,2249.0,986.0,1877.0,1989.0,2855.0,3564.0,1219.0,1245.0,8.0,2.0,2.0
1255.0,2248.0,986.0,1877.0,1989.0,2856.0,3564.0,1220.0,1246.0,8.0,2.0,2.0
1258.0,2252.0,990.0,1881.0,1993.0,2859.0,3567.0,1223.0,1249.0,8.0,2.0,2.0
1260.0,2255.0,991.0,1885.0,1997.0,2862.0,3570.0,1225.0,1251.0,8.0,2.0,2.0
1259.0,2252.0,989.0,1882.0,1994.0,2859.0,3568.0,1223.0,1248.0,8.0,2.0,2.0
1257.0,2252.0,989.0,1882.0,1993.0,2859.0,3569.0,1224.0,1248.0,8.0,2.0,2.0
1259.0,2255.0,990.0,1886.0,1996.0,2861.0,3574.0,1225.0,1249.0,8.0,2.0,2.0
1258.0,2253.0,989.0,1883.0,1995.0,2859.0,3572.0,1224.0,1248.0,8.0,2.0,2.0
1258.0,2251.0,988.0,1881.0,1993.0,2857.0,3573.0,1223.0,1246.0,8.0,2.0,2.0
1259.0,2251.0,988.0,1882.0,1994.0,2858.0,3573.0,1224.0,1248.0,8.0,2.0,2.0
1259.0,2251.0,988.0,1882.0,1995.0,2858.0,3573.0,1223.0,1247.0,8.0,2.0,2.0
1257.0,2248.0,986.0,1877.0,1991.0,2855.0,3569.0,1221.0,1244.0,8.0,2.0,2.0
1258.0,2249.0,987.0,1879.0,1992.0,2855.0,3567.0,1221.0,1245.0,8.0,2.0,2.0
1258.0,2250.0,987.0,1879.0,1994.0,2857.0,3566.0,1222.0,1245.0,8.0,2.0,2.0
1256.0,2248.0,986.0,1876.0,1990.0,2855.0,3564.0,1219.0,1243.0,8.0,2.0,2.0
1254.0,2245.0,984.0,1875.0,1975.0,2871.0,3561.0,1218.0,1242.0,8.0,2.0,2.0
1254.0,2246.0,985.0,1876.0,1976.0,2872.0,3559.0,1217.0,1242.0,8.0,2.0,2.0
1776.0,2612.0,1203.0,2203.0,1947.0,3570.0,3539.0,1503.0,1696.0,1.0,3.0,2.0
1778.0,2614.0,1204.0,2206.0,1950.0,3572.0,3540.0,1503.0,1698.0,1.0,3.0,2.0
1778.0,2615.0,1205.0,2207.0,1951.0,3573.0,3540.0,1503.0,1699.0,1.0,3.0,2.0
1773.0,2612.0,1205.0,2202.0,1947.0,3570.0,3536.0,1501.0,1696.0,1.0,3.0,2.0
1775.0,2614.0,1206.0,2204.0,1949.0,3571.0,3538.0,1503.0,1698.0,1.0,3.0,2.0
1779.0,2617.0,1207.0,2208.0,1950.0,3573.0,3542.0,1505.0,1700.0,1.0,3.0,2.0
1775.0,2615.0,1206.0,2204.0,1946.0,3571.0,3541.0,1504.0,1697.0,1.0,3.0,2.0
1774.0,2613.0,1206.0,2203.0,1946.0,3569.0,3538.0,1503.0,1696.0,1.0,3.0,2.0
1779.0,2619.0,1208.0,2208.0,1952.0,3573.0,3542.0,1504.0,1698.0,1.0,3.0,2.0
1779.0,2619.0,1207.0,2206.0,1953.0,3573.0,3539.0,1503.0,1699.0,1.0,3.0,2.0
1775.0,2616.0,1205.0,2202.0,1951.0,3571.0,3535.0,1503.0,1697.0,1.0,3.0,2.0
1780.0,2619.0,1206.0,2205.0,1957.0,3574.0,3535.0,1503.0,1698.0,1.0,3.0,2.0
1784.0,2622.0,1207.0,2207.0,1959.0,3577.0,3537.0,1504.0,1700.0,1.0,3.0,2.0
1780.0,2618.0,1206.0,2203.0,1956.0,3575.0,3536.0,1504.0,1700.0,1.0,3.0,2.0
1782.0,2619.0,1208.0,2206.0,1958.0,3577.0,3539.0,1507.0,1701.0,1.0,3.0,2.0
1787.0,2625.0,1211.0,2212.0,1962.0,3583.0,3544.0,1510.0,1704.0,1.0,3.0,2.0
1784.0,2624.0,1211.0,2210.0,1960.0,3583.0,3544.0,1511.0,1705.0,1.0,3.0,2.0
1782.0,2621.0,1210.0,2209.0,1957.0,3580.0,3545.0,1512.0,1704.0,1.0,3.0,2.0
1786.0,2624.0,1211.0,2213.0,1960.0,3584.0,3549.0,1513.0,1706.0,1.0,3.0,2.0
1786.0,2625.0,1211.0,2212.0,1959.0,3583.0,3549.0,1511.0,1705.0,1.0,3.0,2.0
1783.0,2621.0,1211.0,2210.0,1955.0,3580.0,3547.0,1509.0,1703.0,1.0,3.0,2.0
1787.0,2625.0,1213.0,2215.0,1959.0,3582.0,3552.0,1512.0,1705.0,1.0,3.0,2.0
1789.0,2629.0,1214.0,2217.0,1961.0,3583.0,3554.0,1511.0,1706.0,1.0,3.0,2.0
1784.0,2624.0,1212.0,2212.0,1956.0,3579.0,3552.0,1510.0,1704.0,1.0,3.0,2.0
1784.0,2623.0,1212.0,2213.0,1956.0,3578.0,3551.0,1510.0,1703.0,1.0,3.0,2.0
1787.0,2627.0,1213.0,2216.0,1959.0,3580.0,3553.0,1511.0,1706.0,1.0,3.0,2.0
1784.0,2622.0,1211.0,2212.0,1954.0,3577.0,3550.0,1508.0,1702.0,1.0,3.0,2.0
1782.0,2620.0,1211.0,2210.0,1953.0,3575.0,3545.0,1508.0,1702.0,1.0,3.0,2.0
1786.0,2625.0,1214.0,2214.0,1957.0,3578.0,3547.0,1508.0,1703.0,1.0,3.0,2.0
1785.0,2624.0,1212.0,2211.0,1955.0,3575.0,3544.0,1506.0,1702.0,1.0,3.0,2.0
1778.0,2618.0,1208.0,2204.0,1950.0,3571.0,3539.0,1503.0,1698.0,1.0,3.0,2.0
1779.0,2620.0,1209.0,2205.0,1952.0,3572.0,3538.0,1503.0,1698.0,1.0,3.0,2.0
1780.0,2620.0,1207.0,2206.0,1952.0,3573.0,3539.0,1503.0,1699.0,1.0,3.0,2.0
1775.0,2614.0,1203.0,2200.0,1948.0,3569.0,3534.0,1501.0,1695.0,1.0,3.0,2.0
1774.0,2612.0,1202.0,2199.0,1947.0,3569.0,3533.0,1501.0,1695.0,1.0,3.0,2.0
1778.0,2617.0,1203.0,2202.0,1951.0,3572.0,3537.0,1503.0,1698.0,1.0,3.0,2.0
1776.0,2614.0,1201.0,2200.0,1950.0,3570.0,3534.0,1503.0,1698.0,1.0,3.0,2.0
1774.0,2611.0,1200.0,2197.0,1947.0,3568.0,3533.0,1502.0,1696.0,1.0,3.0,2.0
1778.0,2615.0,1201.0,2202.0,1950.0,3572.0,3537.0,1504.0,1699.0,1.0,3.0,2.0
1779.0,2615.0,1202.0,2203.0,1949.0,3572.0,3539.0,1504.0,1699.0,1.0,3.0,2.0
1774.0,2609.0,1201.0,2200.0,1945.0,3568.0,3535.0,1503.0,1696.0,1.0,3.0,2.0
1776.0,2611.0,1204.0,2203.0,1947.0,3569.0,3538.0,1502.0,1697.0,1.0,3.0,2.0
1779.0,2616.0,1206.0,2206.0,1951.0,3573.0,3539.0,1503.0,1699.0,1.0,3.0,2.0
1775.0,2613.0,1204.0,2201.0,1950.0,3570.0,3538.0,1503.0,1697.0,1.0,3.0,2.0
1774.0,2612.0,1204.0,2200.0,1952.0,3569.0,3537.0,1502.0,1697.0,1.0,3.0,2.0
1902.0,2716.0,1226.0,2221.0,2077.0,3267.0,3775.0,1355.0,1738.0,2.0,3.0,2.0
1899.0,2713.0,1223.0,2218.0,2074.0,3265.0,3774.0,1354.0,1732.0,2.0,3.0,2.0
1901.0,2717.0,1223.0,2222.0,2077.0,3266.0,3776.0,1353.0,1730.0,2.0,3.0,2.0
1893.0,2714.0,1221.0,2219.0,2075.0,3264.0,3770.0,1351.0,1725.0,2.0,3.0,2.0
1883.0,2709.0,1218.0,2214.0,2071.0,3260.0,3762.0,1351.0,1720.0,2.0,3.0,2.0
1882.0,2711.0,1217.0,2215.0,2073.0,3261.0,3761.0,1353.0,1720.0,2.0,3.0,2.0
1881.0,2711.0,1215.0,2215.0,2074.0,3261.0,3761.0,1353.0,1718.0,2.0,3.0,2.0
1876.0,2706.0,1212.0,2209.0,2069.0,3258.0,3756.0,1350.0,1714.0,2.0,3.0,2.0
1880.0,2706.0,1212.0,2210.0,2070.0,3257.0,3756.0,1349.0,1714.0,2.0,3.0,2.0
1884.0,2708.0,1211.0,2211.0,2070.0,3255.0,3756.0,1347.0,1713.0,2.0,3.0,2.0
1879.0,2701.0,1207.0,2205.0,2064.0,3251.0,3752.0,1344.0,1708.0,2.0,3.0,2.0
1874.0,2696.0,1205.0,2201.0,2061.0,3247.0,3744.0,1341.0,1705.0,2.0,3.0,2.0
1875.0,2697.0,1204.0,2203.0,2063.0,3246.0,3744.0,1340.0,1704.0,2.0,3.0,2.0
1870.0,2694.0,1200.0,2198.0,2058.0,3243.0,3742.0,1336.0,1700.0,2.0,3.0,2.0
1865.0,2689.0,1197.0,2193.0,2053.0,3241.0,3740.0,1333.0,1697.0,2.0,3.0,2.0
1871.0,2692.0,1198.0,2198.0,2057.0,3241.0,3743.0,1333.0,1697.0,2.0,3.0,2.0
1876.0,2695.0,1199.0,2199.0,2060.0,3244.0,3749.0,1334.0,1698.0,2.0,3.0,2.0
1875.0,2691.0,1196.0,2194.0,2055.0,3242.0,3751.0,1332.0,1696.0,2.0,3.0,2.0
1879.0,2692.0,1197.0,2196.0,2056.0,3243.0,3754.0,1332.0,1696.0,2.0,3.0,2.0
1886.0,2697.0,1199.0,2201.0,2061.0,3245.0,3759.0,1334.0,1699.0,2.0,3.0,2.0
1884.0,2695.0,1198.0,2198.0,2059.0,3245.0,3758.0,1333.0,1698.0,2.0,3.0,2.0
1880.0,2692.0,1197.0,2196.0,2056.0,3242.0,3757.0,1333.0,1696.0,2.0,3.0,2.0
1884.0,2696.0,1199.0,2200.0,2060.0,3244.0,3757.0,1332.0,1697.0,2.0,3.0,2.0
1882.0,2694.0,1198.0,2198.0,2060.0,3243.0,3755.0,1330.0,1696.0,2.0,3.0,2.0
1877.0,2688.0,1196.0,2193.0,2056.0,3241.0,3750.0,1329.0,1694.0,2.0,3.0,2.0
1881.0,2691.0,1198.0,2197.0,2048.0,3244.0,3755.0,1332.0,1722.0,2.0,3.0,2.0
1886.0,2696.0,1201.0,2201.0,2050.0,3246.0,3758.0,1333.0,1724.0,2.0,3.0,2.0
1883.0,2694.0,1201.0,2199.0,2048.0,3246.0,3759.0,1334.0,1724.0,2.0,3.0,2.0
1884.0,2696.0,1204.0,2202.0,2050.0,3249.0,3763.0,1338.0,1726.0,2.0,3.0,2.0
1888.0,2705.0,1208.0,2209.0,2056.0,3254.0,3768.0,1343.0,1729.0,2.0,3.0,2.0
1884.0,2705.0,1207.0,2207.0,2064.0,3252.0,3763.0,1343.0,1701.0,2.0,3.0,2.0
1880.0,2701.0,1206.0,2205.0,2064.0,3251.0,3759.0,1345.0,1701.0,2.0,3.0,2.0
1884.0,2705.0,1208.0,2209.0,2067.0,3253.0,3760.0,1346.0,1703.0,2.0,3.0,2.0
1884.0,2703.0,1206.0,2207.0,2067.0,3252.0,3758.0,1345.0,1702.0,2.0,3.0,2.0
1880.0,2697.0,1204.0,2202.0,2063.0,3248.0,3755.0,1343.0,1699.0,2.0,3.0,2.0
1884.0,2699.0,1205.0,2205.0,2066.0,3250.0,3758.0,1344.0,1701.0,2.0,3.0,2.0
1887.0,2702.0,1205.0,2206.0,2067.0,3251.0,3764.0,1344.0,1702.0,2.0,3.0,2.0
1883.0,2697.0,1202.0,2202.0,2063.0,3249.0,3762.0,1342.0,1700.0,2.0,3.0,2.0
1883.0,2700.0,1204.0,2203.0,2064.0,3251.0,3765.0,1343.0,1700.0,2.0,3.0,2.0
1888.0,2705.0,1205.0,2208.0,2069.0,3254.0,3770.0,1345.0,1704.0,2.0,3.0,2.0
1888.0,2703.0,1204.0,2206.0,2067.0,3254.0,3769.0,1345.0,1704.0,2.0,3.0,2.0
1887.0,2700.0,1204.0,2203.0,2066.0,3253.0,3765.0,1344.0,1702.0,2.0,3.0,2.0
1878.0,2709.0,1112.0,2210.0,2068.0,2992.0,3809.0,1211.0,1737.0,3.0,3.0,2.0
1869.0,2705.0,1107.0,2205.0,2063.0,2987.0,3806.0,1207.0,1727.0,3.0,3.0,2.0
1862.0,2700.0,1103.0,2200.0,2059.0,2984.0,3802.0,1205.0,1719.0,3.0,3.0,2.0
1863.0,2702.0,1102.0,2203.0,2063.0,2986.0,3803.0,1205.0,1717.0,3.0,3.0,2.0
1862.0,2702.0,1100.0,2202.0,2062.0,2984.0,3803.0,1204.0,1713.0,3.0,3.0,2.0
1857.0,2698.0,1097.0,2195.0,2057.0,2980.0,3799.0,1202.0,1708.0,3.0,3.0,2.0
1860.0,2698.0,1097.0,2198.0,2059.0,2980.0,3802.0,1202.0,1706.0,3.0,3.0,2.0
1863.0,2700.0,1096.0,2200.0,2061.0,2979.0,3803.0,1202.0,1706.0,3.0,3.0,2.0
1859.0,2694.0,1094.0,2196.0,2056.0,2976.0,3800.0,1199.0,1701.0,3.0,3.0,2.0
1859.0,2694.0,1095.0,2196.0,2046.0,2976.0,3800.0,1201.0,1726.0,3.0,3.0,2.0
1864.0,2698.0,1098.0,2203.0,2052.0,2978.0,3806.0,1201.0,1726.0,3.0,3.0,2.0
1863.0,2698.0,1098.0,2202.0,2050.0,2978.0,3806.0,1202.0,1725.0,3.0,3.0,2.0
1861.0,2696.0,1098.0,2200.0,2048.0,2978.0,3803.0,1202.0,1724.0,3.0,3.0,2.0
1869.0,2703.0,1101.0,2205.0,2054.0,2983.0,3808.0,1204.0,1726.0,3.0,3.0,2.0
1869.0,2704.0,1100.0,2205.0,2064.0,2983.0,3809.0,1203.0,1701.0,3.0,3.0,2.0
1866.0,2700.0,1097.0,2200.0,2059.0,2982.0,3805.0,1202.0,1699.0,3.0,3.0,2.0
1868.0,2702.0,1098.0,2202.0,2061.0,2984.0,3805.0,1203.0,1699.0,3.0,3.0,2.0
1870.0,2705.0,1098.0,2205.0,2064.0,2985.0,3810.0,1205.0,1701.0,3.0,3.0,2.0
1866.0,2702.0,1097.0,2201.0,2060.0,2984.0,3808.0,1204.0,1699.0,3.0,3.0,2.0
1866.0,2703.0,1097.0,2200.0,2060.0,2983.0,3807.0,1204.0,1698.0,3.0,3.0,2.0
1869.0,2706.0,1098.0,2205.0,2065.0,2984.0,3811.0,1206.0,1700.0,3.0,3.0,2.0
1868.0,2705.0,1096.0,2203.0,2063.0,2982.0,3812.0,1207.0,1701.0,3.0,3.0,2.0
1866.0,2702.0,1096.0,2199.0,2061.0,2982.0,3808.0,1206.0,1698.0,3.0,3.0,2.0
1869.0,2705.0,1098.0,2203.0,2065.0,2985.0,3812.0,1207.0,1699.0,3.0,3.0,2.0
1870.0,2705.0,1097.0,2203.0,2066.0,2986.0,3814.0,1207.0,1700.0,3.0,3.0,2.0
1867.0,2701.0,1097.0,2198.0,2062.0,2984.0,3809.0,1206.0,1698.0,3.0,3.0,2.0
1867.0,2700.0,1096.0,2198.0,2062.0,2982.0,3805.0,1204.0,1697.0,3.0,3.0,2.0
1869.0,2701.0,1096.0,2199.0,2062.0,2981.0,3805.0,1203.0,1695.0,3.0,3.0,2.0
1864.0,2696.0,1093.0,2194.0,2057.0,2977.0,3800.0,1201.0,1692.0,3.0,3.0,2.0
1861.0,2692.0,1091.0,2192.0,2054.0,2974.0,3794.0,1199.0,1689.0,3.0,3.0,2.0
1863.0,2695.0,1091.0,2194.0,2056.0,2974.0,3796.0,1198.0,1688.0,3.0,3.0,2.0
1861.0,2693.0,1090.0,2192.0,2053.0,2974.0,3795.0,1198.0,1688.0,3.0,3.0,2.0
1858.0,2690.0,1090.0,2189.0,2051.0,2974.0,3792.0,1196.0,1686.0,3.0,3.0,2.0
1859.0,2691.0,1090.0,2192.0,2054.0,2977.0,3794.0,1198.0,1688.0,3.0,3.0,2.0
1859.0,2693.0,1091.0,2193.0,2055.0,2978.0,3795.0,1198.0,1688.0,3.0,3.0,2.0
1852.0,2688.0,1089.0,2188.0,2051.0,2976.0,3789.0,1197.0,1687.0,3.0,3.0,2.0
1852.0,2690.0,1090.0,2190.0,2052.0,2977.0,3792.0,1197.0,1687.0,3.0,3.0,2.0
1855.0,2693.0,1090.0,2193.0,2054.0,2978.0,3795.0,1199.0,1688.0,3.0,3.0,2.0
1854.0,2690.0,1089.0,2188.0,2051.0,2975.0,3791.0,1197.0,1685.0,3.0,3.0,2.0
1854.0,2687.0,1088.0,2187.0,2050.0,2973.0,3790.0,1197.0,1685.0,3.0,3.0,2.0
1611.0,2710.0,978.0,2209.0,2057.0,2837.0,3811.0,1207.0,1479.0,4.0,3.0,2.0
1612.0,2716.0,979.0,2213.0,2062.0,2839.0,3816.0,1208.0,1477.0,4.0,3.0,2.0
1609.0,2715.0,978.0,2214.0,2061.0,2837.0,3818.0,1208.0,1475.0,4.0,3.0,2.0
1606.0,2712.0,976.0,2210.0,2060.0,2836.0,3816.0,1207.0,1472.0,4.0,3.0,2.0
1609.0,2715.0,977.0,2212.0,2062.0,2838.0,3820.0,1209.0,1473.0,4.0,3.0,2.0
1610.0,2717.0,976.0,2213.0,2075.0,2839.0,3820.0,1208.0,1446.0,4.0,3.0,2.0
1607.0,2712.0,973.0,2208.0,2070.0,2835.0,3818.0,1207.0,1443.0,4.0,3.0,2.0
1607.0,2711.0,972.0,2208.0,2071.0,2836.0,3817.0,1207.0,1442.0,4.0,3.0,2.0
1609.0,2714.0,973.0,2210.0,2073.0,2837.0,3819.0,1207.0,1442.0,4.0,3.0,2.0
1607.0,2712.0,972.0,2207.0,2070.0,2835.0,3817.0,1206.0,1440.0,4.0,3.0,2.0
1604.0,2709.0,972.0,2204.0,2067.0,2833.0,3815.0,1205.0,1438.0,4.0,3.0,2.0
1606.0,2712.0,972.0,2208.0,2070.0,2833.0,3817.0,1206.0,1438.0,4.0,3.0,2.0
1604.0,2711.0,971.0,2206.0,2068.0,2832.0,3817.0,1204.0,1436.0,4.0,3.0,2.0
1600.0,2707.0,969.0,2201.0,2063.0,2830.0,3814.0,1202.0,1433.0,4.0,3.0,2.0
1601.0,2708.0,969.0,2204.0,2066.0,2831.0,3816.0,1200.0,1433.0,4.0,3.0,2.0
1602.0,2709.0,968.0,2204.0,2067.0,2830.0,3816.0,1200.0,1432.0,4.0,3.0,2.0
1599.0,2704.0,967.0,2200.0,2062.0,2828.0,3811.0,1198.0,1430.0,4.0,3.0,2.0
1597.0,2701.0,964.0,2197.0,2060.0,2826.0,3805.0,1196.0,1427.0,4.0,3.0,2.0
1598.0,2702.0,963.0,2199.0,2062.0,2824.0,3805.0,1195.0,1425.0,4.0,3.0,2.0
1592.0,2696.0,960.0,2193.0,2057.0,2819.0,3800.0,1192.0,1420.0,4.0,3.0,2.0
1588.0,2691.0,957.0,2188.0,2052.0,2815.0,3794.0,1189.0,1417.0,4.0,3.0,2.0
1589.0,2693.0,957.0,2189.0,2054.0,2815.0,3795.0,1187.0,1415.0,4.0,3.0,2.0
1588.0,2692.0,956.0,2188.0,2053.0,2813.0,3796.0,1186.0,1413.0,4.0,3.0,2.0
1583.0,2688.0,954.0,2184.0,2049.0,2812.0,3791.0,1184.0,1411.0,4.0,3.0,2.0
1586.0,2691.0,955.0,2186.0,2051.0,2813.0,3793.0,1185.0,1412.0,4.0,3.0,2.0
1588.0,2692.0,956.0,2189.0,2053.0,2814.0,3795.0,1186.0,1414.0,4.0,3.0,2.0
1585.0,2689.0,955.0,2185.0,2049.0,2812.0,3790.0,1186.0,1414.0,4.0,3.0,2.0
1585.0,2688.0,955.0,2185.0,2050.0,2812.0,3788.0,1187.0,1414.0,4.0,3.0,2.0
1589.0,2693.0,957.0,2189.0,2054.0,2813.0,3793.0,1189.0,1416.0,4.0,3.0,2.0
1587.0,2691.0,956.0,2187.0,2051.0,2813.0,3791.0,1189.0,1415.0,4.0,3.0,2.0
1586.0,2689.0,955.0,2184.0,2049.0,2812.0,3788.0,1188.0,1415.0,4.0,3.0,2.0
1589.0,2692.0,957.0,2188.0,2052.0,2814.0,3792.0,1189.0,1415.0,4.0,3.0,2.0
1589.0,2693.0,957.0,2188.0,2052.0,2815.0,3794.0,1189.0,1416.0,4.0,3.0,2.0
1586.0,2687.0,957.0,2185.0,2049.0,2812.0,3789.0,1188.0,1414.0,4.0,3.0,2.0
1590.0,2693.0,960.0,2189.0,2054.0,2815.0,3794.0,1190.0,1417.0,4.0,3.0,2.0
1593.0,2697.0,962.0,2193.0,2058.0,2818.0,3800.0,1192.0,1419.0,4.0,3.0,2.0
1593.0,2696.0,963.0,2192.0,2056.0,2818.0,3800.0,1193.0,1419.0,4.0,3.0,2.0
1595.0,2698.0,965.0,2195.0,2059.0,2819.0,3803.0,1195.0,1420.0,4.0,3.0,2.0
1598.0,2704.0,966.0,2200.0,2063.0,2823.0,3812.0,1198.0,1423.0,4.0,3.0,2.0
1597.0,2701.0,965.0,2198.0,2060.0,2822.0,3810.0,1198.0,1423.0,4.0,3.0,2.0
1595.0,2699.0,964.0,2196.0,2059.0,2823.0,3808.0,1197.0,1423.0,4.0,3.0,2.0
1599.0,2703.0,964.0,2199.0,2063.0,2825.0,3812.0,1199.0,1425.0,4.0,3.0,2.0
1546.0,2713.0,974.0,2028.0,2072.0,2821.0,3811.0,1199.0,1242.0,5.0,3.0,2.0
1547.0,2716.0,973.0,2029.0,2074.0,2822.0,3811.0,1199.0,1239.0,5.0,3.0,2.0
1543.0,2713.0,971.0,2025.0,2069.0,2819.0,3808.0,1197.0,1236.0,5.0,3.0,2.0
1542.0,2710.0,970.0,2024.0,2068.0,2818.0,3805.0,1196.0,1234.0,5.0,3.0,2.0
1543.0,2712.0,969.0,2026.0,2070.0,2819.0,3809.0,1197.0,1233.0,5.0,3.0,2.0
1542.0,2710.0,968.0,2025.0,2069.0,2818.0,3808.0,1196.0,1231.0,5.0,3.0,2.0
1540.0,2705.0,966.0,2022.0,2065.0,2815.0,3806.0,1195.0,1230.0,5.0,3.0,2.0
1542.0,2707.0,966.0,2024.0,2068.0,2817.0,3808.0,1196.0,1231.0,5.0,3.0,2.0
1541.0,2708.0,965.0,2025.0,2068.0,2815.0,3809.0,1195.0,1229.0,5.0,3.0,2.0
1537.0,2703.0,963.0,2020.0,2064.0,2812.0,3803.0,1193.0,1227.0,5.0,3.0,2.0
1535.0,2701.0,960.0,2018.0,2063.0,2810.0,3799.0,1191.0,1224.0,5.0,3.0,2.0
1536.0,2702.0,959.0,2018.0,2064.0,2809.0,3797.0,1188.0,1221.0,5.0,3.0,2.0
1534.0,2696.0,956.0,2013.0,2058.0,2805.0,3792.0,1185.0,1216.0,5.0,3.0,2.0
1530.0,2693.0,954.0,2008.0,2055.0,2803.0,3788.0,1184.0,1215.0,5.0,3.0,2.0
1532.0,2696.0,955.0,2011.0,2057.0,2804.0,3792.0,1184.0,1215.0,5.0,3.0,2.0
1531.0,2696.0,955.0,2011.0,2057.0,2804.0,3791.0,1185.0,1215.0,5.0,3.0,2.0
1531.0,2693.0,953.0,2009.0,2054.0,2802.0,3789.0,1185.0,1215.0,5.0,3.0,2.0
1533.0,2697.0,954.0,2012.0,2058.0,2805.0,3793.0,1186.0,1217.0,5.0,3.0,2.0
1535.0,2698.0,955.0,2014.0,2059.0,2805.0,3794.0,1187.0,1217.0,5.0,3.0,2.0
1531.0,2694.0,953.0,2009.0,2055.0,2803.0,3789.0,1185.0,1215.0,5.0,3.0,2.0
1532.0,2694.0,952.0,2009.0,2055.0,2804.0,3793.0,1185.0,1215.0,5.0,3.0,2.0
1533.0,2696.0,954.0,2011.0,2057.0,2805.0,3795.0,1185.0,1215.0,5.0,3.0,2.0
1530.0,2691.0,953.0,2008.0,2054.0,2802.0,3791.0,1183.0,1213.0,5.0,3.0,2.0
1529.0,2690.0,952.0,2005.0,2052.0,2801.0,3789.0,1181.0,1211.0,5.0,3.0,2.0
1529.0,2693.0,953.0,2008.0,2055.0,2803.0,3791.0,1182.0,1212.0,5.0,3.0,2.0
1529.0,2692.0,954.0,2007.0,2053.0,2802.0,3790.0,1182.0,1212.0,5.0,3.0,2.0
1528.0,2689.0,954.0,2005.0,2052.0,2801.0,3787.0,1183.0,1213.0,5.0,3.0,2.0
1532.0,2694.0,956.0,2009.0,2056.0,2804.0,3791.0,1186.0,1215.0,5.0,3.0,2.0
1534.0,2697.0,958.0,2012.0,2060.0,2807.0,3795.0,1188.0,1218.0,5.0,3.0,2.0
1534.0,2696.0,958.0,2011.0,2058.0,2807.0,3796.0,1189.0,1218.0,5.0,3.0,2.0
1536.0,2698.0,959.0,2015.0,2062.0,2809.0,3800.0,1190.0,1220.0,5.0,3.0,2.0
1539.0,2702.0,961.0,2018.0,2064.0,2812.0,3807.0,1192.0,1221.0,5.0,3.0,2.0
1537.0,2698.0,959.0,2015.0,2061.0,2811.0,3805.0,1191.0,1220.0,5.0,3.0,2.0
1537.0,2696.0,959.0,2014.0,2060.0,2809.0,3804.0,1190.0,1219.0,5.0,3.0,2.0
1538.0,2700.0,961.0,2016.0,2063.0,2811.0,3808.0,1191.0,1220.0,5.0,3.0,2.0
1538.0,2699.0,960.0,2014.0,2061.0,2811.0,3807.0,1191.0,1219.0,5.0,3.0,2.0
1537.0,2697.0,960.0,2013.0,2060.0,2810.0,3805.0,1191.0,1219.0,5.0,3.0,2.0
1540.0,2700.0,962.0,2017.0,2064.0,2813.0,3810.0,1192.0,1221.0,5.0,3.0,2.0
1541.0,2703.0,963.0,2018.0,2064.0,2813.0,3812.0,1193.0,1220.0,5.0,3.0,2.0
1538.0,2699.0,961.0,2015.0,2061.0,2812.0,3809.0,1194.0,1221.0,5.0,3.0,2.0
1539.0,2701.0,963.0,2018.0,2064.0,2813.0,3811.0,1194.0,1221.0,5.0,3.0,2.0
1541.0,2704.0,964.0,2020.0,2066.0,2815.0,3812.0,1194.0,1221.0,5.0,3.0,2.0
1243.0,2710.0,979.0,1879.0,2077.0,2818.0,3822.0,1201.0,1252.0,6.0,3.0,2.0
1237.0,2707.0,972.0,1875.0,2073.0,2812.0,3817.0,1195.0,1241.0,6.0,3.0,2.0
1233.0,2702.0,967.0,1872.0,2066.0,2807.0,3813.0,1189.0,1233.0,6.0,3.0,2.0
1229.0,2696.0,963.0,1869.0,2063.0,2803.0,3812.0,1188.0,1228.0,6.0,3.0,2.0
1229.0,2698.0,961.0,1868.0,2064.0,2804.0,3814.0,1188.0,1226.0,6.0,3.0,2.0
1227.0,2696.0,957.0,1864.0,2061.0,2801.0,3813.0,1186.0,1223.0,6.0,3.0,2.0
1225.0,2691.0,955.0,1861.0,2057.0,2797.0,3810.0,1184.0,1219.0,6.0,3.0,2.0
1225.0,2692.0,955.0,1862.0,2059.0,2798.0,3810.0,1185.0,1217.0,6.0,3.0,2.0
1225.0,2695.0,955.0,1862.0,2060.0,2799.0,3808.0,1184.0,1216.0,6.0,3.0,2.0
1223.0,2690.0,953.0,1859.0,2056.0,2795.0,3806.0,1183.0,1214.0,6.0,3.0,2.0
1223.0,2689.0,954.0,1860.0,2056.0,2796.0,3804.0,1184.0,1214.0,6.0,3.0,2.0
1225.0,2694.0,956.0,1864.0,2061.0,2800.0,3810.0,1187.0,1217.0,6.0,3.0,2.0
1225.0,2693.0,956.0,1862.0,2058.0,2800.0,3812.0,1186.0,1216.0,6.0,3.0,2.0
1225.0,2692.0,957.0,1862.0,2059.0,2800.0,3813.0,1186.0,1216.0,6.0,3.0,2.0
1228.0,2698.0,960.0,1865.0,2065.0,2805.0,3820.0,1188.0,1217.0,6.0,3.0,2.0
1229.0,2700.0,961.0,1865.0,2066.0,2805.0,3821.0,1187.0,1218.0,6.0,3.0,2.0
1228.0,2697.0,960.0,1863.0,2062.0,2803.0,3818.0,1186.0,1215.0,6.0,3.0,2.0
1230.0,2699.0,960.0,1866.0,2066.0,2805.0,3820.0,1188.0,1217.0,6.0,3.0,2.0
1230.0,2700.0,959.0,1866.0,2066.0,2806.0,3823.0,1189.0,1218.0,6.0,3.0,2.0
1228.0,2696.0,957.0,1862.0,2060.0,2803.0,3820.0,1187.0,1216.0,6.0,3.0,2.0
1228.0,2696.0,958.0,1864.0,2062.0,2804.0,3823.0,1187.0,1215.0,6.0,3.0,2.0
1229.0,2699.0,959.0,1867.0,2066.0,2805.0,3826.0,1188.0,1216.0,6.0,3.0,2.0
1228.0,2697.0,959.0,1865.0,2063.0,2803.0,3823.0,1187.0,1215.0,6.0,3.0,2.0
1229.0,2697.0,960.0,1864.0,2063.0,2802.0,3821.0,1187.0,1215.0,6.0,3.0,2.0
1231.0,2700.0,961.0,1868.0,2068.0,2804.0,3824.0,1191.0,1218.0,6.0,3.0,2.0
1229.0,2699.0,959.0,1867.0,2066.0,2803.0,3824.0,1190.0,1217.0,6.0,3.0,2.0
1228.0,2696.0,957.0,1864.0,2063.0,2802.0,3821.0,1188.0,1216.0,6.0,3.0,2.0
1228.0,2697.0,956.0,1864.0,2052.0,2820.0,3822.0,1187.0,1214.0,6.0,3.0,2.0
1227.0,2695.0,955.0,1863.0,2051.0,2819.0,3820.0,1186.0,1212.0,6.0,3.0,2.0
1225.0,2691.0,952.0,1859.0,2047.0,2816.0,3813.0,1182.0,1209.0,6.0,3.0,2.0
1226.0,2692.0,953.0,1860.0,2048.0,2816.0,3810.0,1182.0,1209.0,6.0,3.0,2.0
1226.0,2694.0,953.0,1861.0,2049.0,2817.0,3810.0,1182.0,1210.0,6.0,3.0,2.0
1223.0,2690.0,951.0,1858.0,2057.0,2797.0,3806.0,1181.0,1208.0,6.0,3.0,2.0
1222.0,2687.0,950.0,1857.0,2055.0,2796.0,3804.0,1180.0,1207.0,6.0,3.0,2.0
1221.0,2690.0,951.0,1859.0,2058.0,2797.0,3808.0,1181.0,1208.0,6.0,3.0,2.0
1219.0,2688.0,950.0,1857.0,2055.0,2795.0,3808.0,1182.0,1208.0,6.0,3.0,2.0
1219.0,2686.0,949.0,1856.0,2053.0,2795.0,3806.0,1181.0,1206.0,6.0,3.0,2.0
1229.0,2434.0,965.0,1845.0,2071.0,2804.0,3627.0,1189.0,1232.0,7.0,3.0,2.0
1220.0,2424.0,956.0,1834.0,2061.0,2793.0,3616.0,1180.0,1221.0,7.0,3.0,2.0
1217.0,2421.0,953.0,1832.0,2058.0,2791.0,3617.0,1179.0,1217.0,7.0,3.0,2.0
1218.0,2422.0,953.0,1834.0,2061.0,2793.0,3618.0,1179.0,1216.0,7.0,3.0,2.0
1219.0,2423.0,952.0,1833.0,2061.0,2793.0,3619.0,1180.0,1215.0,7.0,3.0,2.0
1218.0,2421.0,952.0,1833.0,2060.0,2792.0,3619.0,1181.0,1215.0,7.0,3.0,2.0
1221.0,2424.0,954.0,1836.0,2065.0,2795.0,3623.0,1184.0,1216.0,7.0,3.0,2.0
1222.0,2426.0,956.0,1838.0,2067.0,2796.0,3625.0,1183.0,1215.0,7.0,3.0,2.0
1221.0,2425.0,955.0,1836.0,2064.0,2794.0,3625.0,1182.0,1213.0,7.0,3.0,2.0
1220.0,2426.0,955.0,1836.0,2064.0,2795.0,3625.0,1182.0,1212.0,7.0,3.0,2.0
1220.0,2427.0,955.0,1838.0,2066.0,2796.0,3627.0,1183.0,1212.0,7.0,3.0,2.0
1219.0,2424.0,953.0,1835.0,2062.0,2793.0,3624.0,1182.0,1211.0,7.0,3.0,2.0
1219.0,2423.0,953.0,1834.0,2060.0,2792.0,3621.0,1181.0,1211.0,7.0,3.0,2.0
1222.0,2425.0,953.0,1836.0,2064.0,2794.0,3620.0,1182.0,1211.0,7.0,3.0,2.0
1221.0,2423.0,953.0,1835.0,2062.0,2791.0,3617.0,1182.0,1210.0,7.0,3.0,2.0
1221.0,2421.0,951.0,1833.0,2061.0,2791.0,3614.0,1180.0,1208.0,7.0,3.0,2.0
1221.0,2422.0,952.0,1835.0,2064.0,2793.0,3613.0,1180.0,1208.0,7.0,3.0,2.0
1221.0,2421.0,951.0,1834.0,2063.0,2791.0,3613.0,1180.0,1207.0,7.0,3.0,2.0
1219.0,2418.0,949.0,1832.0,2059.0,2789.0,3613.0,1180.0,1206.0,7.0,3.0,2.0
1219.0,2419.0,949.0,1832.0,2061.0,2791.0,3614.0,1180.0,1207.0,7.0,3.0,2.0
1219.0,2419.0,947.0,1832.0,2048.0,2809.0,3615.0,1181.0,1207.0,7.0,3.0,2.0
1217.0,2416.0,945.0,1828.0,2043.0,2805.0,3610.0,1179.0,1205.0,7.0,3.0,2.0
1216.0,2415.0,944.0,1826.0,2043.0,2806.0,3610.0,1178.0,1204.0,7.0,3.0,2.0
1216.0,2417.0,944.0,1828.0,2044.0,2807.0,3610.0,1178.0,1204.0,7.0,3.0,2.0
1214.0,2415.0,943.0,1825.0,2041.0,2804.0,3605.0,1175.0,1200.0,7.0,3.0,2.0
1211.0,2412.0,943.0,1821.0,2050.0,2783.0,3601.0,1172.0,1198.0,7.0,3.0,2.0
1210.0,2411.0,943.0,1821.0,2050.0,2782.0,3604.0,1171.0,1197.0,7.0,3.0,2.0
1208.0,2409.0,941.0,1819.0,2047.0,2779.0,3600.0,1170.0,1196.0,7.0,3.0,2.0
1206.0,2404.0,938.0,1814.0,2043.0,2775.0,3596.0,1168.0,1194.0,7.0,3.0,2.0
1207.0,2404.0,937.0,1816.0,2045.0,2775.0,3597.0,1169.0,1194.0,7.0,3.0,2.0
1208.0,2405.0,937.0,1817.0,2046.0,2776.0,3599.0,1171.0,1195.0,7.0,3.0,2.0
1206.0,2403.0,935.0,1816.0,2044.0,2773.0,3597.0,1171.0,1194.0,7.0,3.0,2.0
1206.0,2403.0,935.0,1816.0,2044.0,2773.0,3599.0,1171.0,1195.0,7.0,3.0,2.0
1208.0,2405.0,936.0,1819.0,2047.0,2775.0,3599.0,1171.0,1195.0,7.0,3.0,2.0
1206.0,2404.0,936.0,1815.0,2044.0,2773.0,3598.0,1169.0,1192.0,7.0,3.0,2.0
1204.0,2401.0,935.0,1814.0,2042.0,2771.0,3597.0,1168.0,1192.0,7.0,3.0,2.0
1206.0,2403.0,937.0,1816.0,2044.0,2774.0,3597.0,1167.0,1192.0,7.0,3.0,2.0
1207.0,2404.0,938.0,1816.0,2045.0,2775.0,3598.0,1168.0,1193.0,7.0,3.0,2.0
1208.0,2404.0,939.0,1817.0,2044.0,2776.0,3602.0,1170.0,1195.0,7.0,3.0,2.0
1212.0,2408.0,943.0,1821.0,2050.0,2778.0,3606.0,1173.0,1198.0,7.0,3.0,2.0
1215.0,2411.0,945.0,1824.0,2052.0,2782.0,3609.0,1175.0,1200.0,7.0,3.0,2.0
1234.0,2215.0,970.0,1848.0,2052.0,2805.0,3551.0,1197.0,1240.0,8.0,3.0,2.0
1231.0,2213.0,967.0,1847.0,2049.0,2803.0,3548.0,1195.0,1234.0,8.0,3.0,2.0
1223.0,2203.0,958.0,1837.0,2040.0,2790.0,3536.0,1185.0,1222.0,8.0,3.0,2.0
1222.0,2202.0,957.0,1836.0,2040.0,2789.0,3537.0,1185.0,1219.0,8.0,3.0,2.0
1222.0,2204.0,957.0,1838.0,2042.0,2791.0,3538.0,1186.0,1218.0,8.0,3.0,2.0
1224.0,2207.0,958.0,1841.0,2047.0,2795.0,3540.0,1187.0,1218.0,8.0,3.0,2.0
1223.0,2205.0,957.0,1840.0,2046.0,2795.0,3539.0,1186.0,1216.0,8.0,3.0,2.0
1220.0,2201.0,955.0,1836.0,2041.0,2793.0,3534.0,1183.0,1213.0,8.0,3.0,2.0
1221.0,2201.0,955.0,1838.0,2043.0,2794.0,3538.0,1183.0,1212.0,8.0,3.0,2.0
1220.0,2201.0,955.0,1838.0,2042.0,2794.0,3541.0,1183.0,1212.0,8.0,3.0,2.0
1218.0,2197.0,951.0,1834.0,2039.0,2791.0,3539.0,1182.0,1209.0,8.0,3.0,2.0
1220.0,2199.0,951.0,1835.0,2040.0,2793.0,3539.0,1184.0,1210.0,8.0,3.0,2.0
1221.0,2201.0,952.0,1837.0,2043.0,2795.0,3543.0,1185.0,1211.0,8.0,3.0,2.0
1220.0,2199.0,951.0,1833.0,2041.0,2793.0,3544.0,1184.0,1209.0,8.0,3.0,2.0
1221.0,2200.0,951.0,1834.0,2041.0,2794.0,3546.0,1184.0,1208.0,8.0,3.0,2.0
1223.0,2202.0,953.0,1837.0,2044.0,2795.0,3547.0,1186.0,1210.0,8.0,3.0,2.0
1220.0,2200.0,951.0,1834.0,2025.0,2809.0,3543.0,1183.0,1207.0,8.0,3.0,2.0
1217.0,2197.0,949.0,1830.0,2023.0,2806.0,3540.0,1181.0,1205.0,8.0,3.0,2.0
1216.0,2196.0,947.0,1830.0,2023.0,2805.0,3539.0,1181.0,1205.0,8.0,3.0,2.0
1213.0,2194.0,945.0,1826.0,2021.0,2802.0,3536.0,1179.0,1203.0,8.0,3.0,2.0
1209.0,2189.0,942.0,1821.0,2016.0,2798.0,3531.0,1175.0,1199.0,8.0,3.0,2.0
1210.0,2190.0,944.0,1822.0,2031.0,2782.0,3530.0,1175.0,1198.0,8.0,3.0,2.0
1210.0,2189.0,944.0,1823.0,2032.0,2782.0,3529.0,1173.0,1198.0,8.0,3.0,2.0
1210.0,2188.0,943.0,1820.0,2030.0,2780.0,3529.0,1172.0,1196.0,8.0,3.0,2.0
1210.0,2186.0,943.0,1821.0,2030.0,2780.0,3529.0,1171.0,1194.0,8.0,3.0,2.0
1211.0,2187.0,943.0,1822.0,2031.0,2781.0,3530.0,1171.0,1194.0,8.0,3.0,2.0
1209.0,2184.0,941.0,1820.0,2027.0,2779.0,3527.0,1170.0,1194.0,8.0,3.0,2.0
1208.0,2185.0,940.0,1820.0,2026.0,2777.0,3528.0,1170.0,1193.0,8.0,3.0,2.0
1210.0,2186.0,940.0,1822.0,2028.0,2779.0,3531.0,1172.0,1194.0,8.0,3.0,2.0
1209.0,2186.0,940.0,1820.0,2029.0,2779.0,3531.0,1172.0,1194.0,8.0,3.0,2.0
1208.0,2185.0,939.0,1819.0,2027.0,2777.0,3529.0,1172.0,1195.0,8.0,3.0,2.0
1210.0,2187.0,940.0,1821.0,2030.0,2780.0,3532.0,1174.0,1196.0,8.0,3.0,2.0
1211.0,2188.0,941.0,1821.0,2031.0,2782.0,3535.0,1175.0,1197.0,8.0,3.0,2.0
1211.0,2187.0,941.0,1820.0,2031.0,2781.0,3536.0,1176.0,1198.0,8.0,3.0,2.0
1213.0,2189.0,944.0,1824.0,2034.0,2783.0,3541.0,1179.0,1201.0,8.0,3.0,2.0
1216.0,2192.0,947.0,1828.0,2038.0,2787.0,3545.0,1181.0,1203.0,8.0,3.0,2.0
1217.0,2192.0,948.0,1828.0,2038.0,2786.0,3546.0,1182.0,1204.0,8.0,3.0,2.0
1219.0,2193.0,949.0,1830.0,2041.0,2786.0,3552.0,1183.0,1206.0,8.0,3.0,2.0
1716.0,2528.0,1296.0,2162.0,1921.0,3339.0,3485.0,1482.0,1818.0,1.0,4.0,2.0
1715.0,2527.0,1295.0,2162.0,1920.0,3338.0,3483.0,1481.0,1819.0,1.0,4.0,2.0
1719.0,2530.0,1296.0,2164.0,1923.0,3342.0,3486.0,1481.0,1822.0,1.0,4.0,2.0
1715.0,2527.0,1294.0,2161.0,1920.0,3340.0,3483.0,1481.0,1822.0,1.0,4.0,2.0
1713.0,2525.0,1292.0,2158.0,1919.0,3339.0,3479.0,1481.0,1821.0,1.0,4.0,2.0
1716.0,2527.0,1293.0,2161.0,1922.0,3342.0,3480.0,1481.0,1823.0,1.0,4.0,2.0
1716.0,2527.0,1293.0,2161.0,1922.0,3342.0,3480.0,1481.0,1822.0,1.0,4.0,2.0
1713.0,2522.0,1291.0,2157.0,1918.0,3339.0,3477.0,1480.0,1818.0,1.0,4.0,2.0
1716.0,2524.0,1292.0,2160.0,1921.0,3341.0,3478.0,1480.0,1820.0,1.0,4.0,2.0
1717.0,2525.0,1292.0,2160.0,1921.0,3340.0,3478.0,1479.0,1820.0,1.0,4.0,2.0
1712.0,2520.0,1288.0,2154.0,1916.0,3335.0,3473.0,1476.0,1816.0,1.0,4.0,2.0
1710.0,2518.0,1286.0,2152.0,1914.0,3334.0,3471.0,1475.0,1815.0,1.0,4.0,2.0
1711.0,2520.0,1286.0,2155.0,1916.0,3334.0,3472.0,1475.0,1816.0,1.0,4.0,2.0
1706.0,2517.0,1283.0,2149.0,1910.0,3330.0,3469.0,1472.0,1811.0,1.0,4.0,2.0
1704.0,2514.0,1282.0,2147.0,1908.0,3329.0,3468.0,1472.0,1809.0,1.0,4.0,2.0
1708.0,2517.0,1285.0,2153.0,1913.0,3332.0,3471.0,1474.0,1812.0,1.0,4.0,2.0
1707.0,2517.0,1285.0,2153.0,1912.0,3332.0,3471.0,1475.0,1812.0,1.0,4.0,2.0
1704.0,2513.0,1283.0,2149.0,1910.0,3329.0,3468.0,1474.0,1811.0,1.0,4.0,2.0
1708.0,2515.0,1284.0,2152.0,1914.0,3332.0,3469.0,1476.0,1815.0,1.0,4.0,2.0
1710.0,2519.0,1285.0,2154.0,1916.0,3332.0,3470.0,1476.0,1816.0,1.0,4.0,2.0
1706.0,2515.0,1284.0,2148.0,1911.0,3330.0,3465.0,1473.0,1812.0,1.0,4.0,2.0
1708.0,2516.0,1283.0,2149.0,1913.0,3331.0,3466.0,1473.0,1812.0,1.0,4.0,2.0
1712.0,2521.0,1285.0,2153.0,1916.0,3335.0,3470.0,1474.0,1814.0,1.0,4.0,2.0
1709.0,2518.0,1284.0,2150.0,1912.0,3332.0,3468.0,1472.0,1811.0,1.0,4.0,2.0
1706.0,2515.0,1283.0,2150.0,1911.0,3330.0,3469.0,1472.0,1812.0,1.0,4.0,2.0
1711.0,2520.0,1285.0,2154.0,1914.0,3333.0,3471.0,1474.0,1816.0,1.0,4.0,2.0
1712.0,2520.0,1286.0,2154.0,1916.0,3335.0,3473.0,1475.0,1819.0,1.0,4.0,2.0
1710.0,2518.0,1286.0,2153.0,1914.0,3334.0,3472.0,1476.0,1818.0,1.0,4.0,2.0
1714.0,2523.0,1290.0,2159.0,1919.0,3339.0,3479.0,1479.0,1822.0,1.0,4.0,2.0
1717.0,2527.0,1293.0,2162.0,1922.0,3342.0,3481.0,1481.0,1823.0,1.0,4.0,2.0
1713.0,2524.0,1292.0,2159.0,1920.0,3341.0,3480.0,1481.0,1821.0,1.0,4.0,2.0
1714.0,2525.0,1292.0,2160.0,1921.0,3341.0,3481.0,1482.0,1822.0,1.0,4.0,2.0
1718.0,2529.0,1294.0,2163.0,1923.0,3345.0,3484.0,1482.0,1824.0,1.0,4.0,2.0
1715.0,2527.0,1292.0,2158.0,1920.0,3342.0,3481.0,1481.0,1822.0,1.0,4.0,2.0
1716.0,2526.0,1291.0,2157.0,1920.0,3342.0,3482.0,1481.0,1823.0,1.0,4.0,2.0
1719.0,2530.0,1294.0,2163.0,1923.0,3345.0,3487.0,1484.0,1825.0,1.0,4.0,2.0
1718.0,2529.0,1294.0,2161.0,1921.0,3343.0,3487.0,1483.0,1822.0,1.0,4.0,2.0
1714.0,2525.0,1293.0,2158.0,1919.0,3341.0,3485.0,1481.0,1819.0,1.0,4.0,2.0
1717.0,2527.0,1294.0,2162.0,1922.0,3343.0,3485.0,1483.0,1822.0,1.0,4.0,2.0
1718.0,2528.0,1294.0,2162.0,1922.0,3343.0,3484.0,1482.0,1822.0,1.0,4.0,2.0
1713.0,2524.0,1291.0,2156.0,1919.0,3340.0,3479.0,1480.0,1819.0,1.0,4.0,2.0
1719.0,2558.0,1203.0,2267.0,2014.0,3312.0,3588.0,1262.0,1751.0,2.0,4.0,2.0
1724.0,2559.0,1199.0,2265.0,2018.0,3315.0,3591.0,1262.0,1753.0,2.0,4.0,2.0
1723.0,2556.0,1196.0,2260.0,2015.0,3315.0,3592.0,1262.0,1752.0,2.0,4.0,2.0
1720.0,2553.0,1194.0,2258.0,2013.0,3313.0,3589.0,1262.0,1749.0,2.0,4.0,2.0
1725.0,2563.0,1199.0,2269.0,2021.0,3318.0,3594.0,1265.0,1751.0,2.0,4.0,2.0
1727.0,2570.0,1204.0,2277.0,2024.0,3321.0,3598.0,1267.0,1751.0,2.0,4.0,2.0
1724.0,2571.0,1206.0,2279.0,2022.0,3321.0,3599.0,1269.0,1748.0,2.0,4.0,2.0
1727.0,2575.0,1208.0,2283.0,2027.0,3324.0,3600.0,1270.0,1750.0,2.0,4.0,2.0
1733.0,2579.0,1212.0,2288.0,2033.0,3330.0,3607.0,1273.0,1754.0,2.0,4.0,2.0
1734.0,2577.0,1212.0,2285.0,2032.0,3333.0,3609.0,1276.0,1757.0,2.0,4.0,2.0
1738.0,2578.0,1214.0,2288.0,2037.0,3338.0,3614.0,1280.0,1761.0,2.0,4.0,2.0
1745.0,2587.0,1219.0,2299.0,2047.0,3347.0,3624.0,1283.0,1767.0,2.0,4.0,2.0
1746.0,2592.0,1222.0,2302.0,2048.0,3350.0,3629.0,1286.0,1767.0,2.0,4.0,2.0
1744.0,2593.0,1223.0,2304.0,2047.0,3349.0,3630.0,1288.0,1766.0,2.0,4.0,2.0
1746.0,2595.0,1224.0,2308.0,2049.0,3349.0,3631.0,1287.0,1765.0,2.0,4.0,2.0
1745.0,2595.0,1223.0,2304.0,2046.0,3347.0,3630.0,1285.0,1763.0,2.0,4.0,2.0
1739.0,2586.0,1217.0,2295.0,2040.0,3341.0,3622.0,1284.0,1760.0,2.0,4.0,2.0
1740.0,2584.0,1216.0,2293.0,2041.0,3340.0,3619.0,1283.0,1760.0,2.0,4.0,2.0
1742.0,2584.0,1216.0,2293.0,2043.0,3340.0,3618.0,1281.0,1760.0,2.0,4.0,2.0
1736.0,2579.0,1214.0,2288.0,2037.0,3336.0,3612.0,1280.0,1757.0,2.0,4.0,2.0
1733.0,2577.0,1214.0,2288.0,2034.0,3332.0,3609.0,1278.0,1755.0,2.0,4.0,2.0
1736.0,2583.0,1216.0,2293.0,2036.0,3334.0,3612.0,1278.0,1754.0,2.0,4.0,2.0
1731.0,2579.0,1215.0,2289.0,2031.0,3330.0,3609.0,1275.0,1750.0,2.0,4.0,2.0
1727.0,2574.0,1212.0,2283.0,2026.0,3327.0,3605.0,1275.0,1748.0,2.0,4.0,2.0
1731.0,2574.0,1210.0,2284.0,2028.0,3329.0,3609.0,1274.0,1749.0,2.0,4.0,2.0
1730.0,2571.0,1206.0,2280.0,2014.0,3347.0,3607.0,1273.0,1746.0,2.0,4.0,2.0
1724.0,2562.0,1200.0,2272.0,2007.0,3341.0,3601.0,1269.0,1743.0,2.0,4.0,2.0
1726.0,2564.0,1199.0,2274.0,2008.0,3342.0,3603.0,1269.0,1743.0,2.0,4.0,2.0
1726.0,2567.0,1200.0,2277.0,2009.0,3342.0,3604.0,1270.0,1742.0,2.0,4.0,2.0
1720.0,2564.0,1199.0,2273.0,2004.0,3338.0,3599.0,1268.0,1739.0,2.0,4.0,2.0
1720.0,2565.0,1201.0,2275.0,2018.0,3318.0,3598.0,1268.0,1739.0,2.0,4.0,2.0
1724.0,2570.0,1204.0,2280.0,2023.0,3322.0,3603.0,1269.0,1741.0,2.0,4.0,2.0
1722.0,2566.0,1202.0,2273.0,2020.0,3319.0,3599.0,1267.0,1739.0,2.0,4.0,2.0
1720.0,2561.0,1199.0,2268.0,2017.0,3317.0,3595.0,1265.0,1738.0,2.0,4.0,2.0
1725.0,2564.0,1201.0,2272.0,2021.0,3320.0,3597.0,1266.0,1740.0,2.0,4.0,2.0
1723.0,2563.0,1200.0,2270.0,2018.0,3319.0,3596.0,1264.0,1739.0,2.0,4.0,2.0
1718.0,2561.0,1198.0,2267.0,2015.0,3314.0,3591.0,1262.0,1736.0,2.0,4.0,2.0
1720.0,2564.0,1201.0,2271.0,2018.0,3315.0,3591.0,1263.0,1737.0,2.0,4.0,2.0
1721.0,2566.0,1201.0,2274.0,2018.0,3315.0,3594.0,1263.0,1737.0,2.0,4.0,2.0
1717.0,2561.0,1198.0,2267.0,2015.0,3311.0,3589.0,1261.0,1734.0,2.0,4.0,2.0
1719.0,2560.0,1196.0,2266.0,2016.0,3312.0,3588.0,1260.0,1733.0,2.0,4.0,2.0
1723.0,2562.0,1196.0,2268.0,2019.0,3314.0,3590.0,1261.0,1735.0,2.0,4.0,2.0
1722.0,2562.0,1196.0,2267.0,2018.0,3315.0,3590.0,1263.0,1736.0,2.0,4.0,2.0
1722.0,2561.0,1198.0,2269.0,2019.0,3317.0,3592.0,1266.0,1738.0,2.0,4.0,2.0
1727.0,2569.0,1204.0,2277.0,2025.0,3322.0,3599.0,1271.0,1742.0,2.0,4.0,2.0
1729.0,2572.0,1208.0,2282.0,2027.0,3324.0,3603.0,1273.0,1744.0,2.0,4.0,2.0
1725.0,2568.0,1207.0,2279.0,2023.0,3322.0,3600.0,1274.0,1744.0,2.0,4.0,2.0
1727.0,2567.0,1206.0,2279.0,2023.0,3321.0,3600.0,1273.0,1743.0,2.0,4.0,2.0
1728.0,2567.0,1205.0,2277.0,2022.0,3320.0,3601.0,1270.0,1742.0,2.0,4.0,2.0
1722.0,2560.0,1201.0,2269.0,2017.0,3315.0,3595.0,1267.0,1738.0,2.0,4.0,2.0
1720.0,2558.0,1199.0,2268.0,2015.0,3312.0,3592.0,1265.0,1735.0,2.0,4.0,2.0
1723.0,2565.0,1201.0,2274.0,2021.0,3315.0,3596.0,1266.0,1736.0,2.0,4.0,2.0
1718.0,2565.0,1201.0,2272.0,2017.0,3313.0,3595.0,1265.0,1734.0,2.0,4.0,2.0
1714.0,2564.0,1201.0,2271.0,2016.0,3312.0,3593.0,1265.0,1732.0,2.0,4.0,2.0
1718.0,2568.0,1202.0,2275.0,2021.0,3314.0,3595.0,1265.0,1735.0,2.0,4.0,2.0
1718.0,2565.0,1201.0,2273.0,2020.0,3313.0,3594.0,1264.0,1734.0,2.0,4.0,2.0
1724.0,2744.0,1177.0,2193.0,2164.0,2981.0,3669.0,1181.0,1631.0,3.0,4.0,2.0
1722.0,2740.0,1173.0,2195.0,2176.0,2960.0,3670.0,1178.0,1629.0,3.0,4.0,2.0
1723.0,2742.0,1171.0,2196.0,2178.0,2960.0,3670.0,1177.0,1624.0,3.0,4.0,2.0
1717.0,2738.0,1166.0,2188.0,2172.0,2956.0,3663.0,1175.0,1616.0,3.0,4.0,2.0
1715.0,2739.0,1164.0,2183.0,2171.0,2954.0,3659.0,1174.0,1609.0,3.0,4.0,2.0
1716.0,2744.0,1163.0,2183.0,2173.0,2954.0,3659.0,1174.0,1604.0,3.0,4.0,2.0
1713.0,2743.0,1161.0,2179.0,2170.0,2952.0,3657.0,1172.0,1600.0,3.0,4.0,2.0
1709.0,2735.0,1159.0,2178.0,2166.0,2951.0,3658.0,1173.0,1599.0,3.0,4.0,2.0
1711.0,2735.0,1161.0,2184.0,2170.0,2955.0,3660.0,1173.0,1603.0,3.0,4.0,2.0
1711.0,2733.0,1161.0,2185.0,2169.0,2954.0,3662.0,1173.0,1605.0,3.0,4.0,2.0
1707.0,2727.0,1158.0,2181.0,2166.0,2952.0,3659.0,1173.0,1603.0,3.0,4.0,2.0
1708.0,2730.0,1158.0,2181.0,2168.0,2950.0,3659.0,1174.0,1600.0,3.0,4.0,2.0
1711.0,2736.0,1158.0,2181.0,2171.0,2950.0,3658.0,1174.0,1598.0,3.0,4.0,2.0
1709.0,2735.0,1158.0,2178.0,2168.0,2950.0,3656.0,1175.0,1596.0,3.0,4.0,2.0
1711.0,2736.0,1160.0,2181.0,2171.0,2953.0,3657.0,1177.0,1598.0,3.0,4.0,2.0
1716.0,2742.0,1164.0,2188.0,2177.0,2957.0,3665.0,1179.0,1603.0,3.0,4.0,2.0
1716.0,2739.0,1164.0,2190.0,2176.0,2959.0,3668.0,1180.0,1607.0,3.0,4.0,2.0
1715.0,2736.0,1165.0,2191.0,2175.0,2961.0,3670.0,1180.0,1608.0,3.0,4.0,2.0
1717.0,2740.0,1166.0,2193.0,2179.0,2963.0,3672.0,1181.0,1609.0,3.0,4.0,2.0
1717.0,2743.0,1166.0,2191.0,2179.0,2962.0,3672.0,1181.0,1605.0,3.0,4.0,2.0
1713.0,2740.0,1164.0,2185.0,2174.0,2959.0,3666.0,1180.0,1600.0,3.0,4.0,2.0
1715.0,2744.0,1166.0,2185.0,2177.0,2960.0,3667.0,1181.0,1599.0,3.0,4.0,2.0
1716.0,2746.0,1166.0,2188.0,2179.0,2963.0,3670.0,1182.0,1601.0,3.0,4.0,2.0
1714.0,2740.0,1166.0,2186.0,2175.0,2963.0,3668.0,1180.0,1602.0,3.0,4.0,2.0
1714.0,2738.0,1166.0,2188.0,2175.0,2965.0,3670.0,1181.0,1605.0,3.0,4.0,2.0
1718.0,2744.0,1167.0,2192.0,2180.0,2967.0,3673.0,1182.0,1608.0,3.0,4.0,2.0
1715.0,2742.0,1165.0,2188.0,2177.0,2966.0,3670.0,1182.0,1606.0,3.0,4.0,2.0
1713.0,2741.0,1165.0,2184.0,2175.0,2965.0,3665.0,1181.0,1603.0,3.0,4.0,2.0
1715.0,2748.0,1166.0,2185.0,2178.0,2966.0,3667.0,1182.0,1601.0,3.0,4.0,2.0
1715.0,2749.0,1167.0,2185.0,2179.0,2965.0,3665.0,1183.0,1599.0,3.0,4.0,2.0
1709.0,2740.0,1163.0,2179.0,2171.0,2960.0,3661.0,1180.0,1595.0,3.0,4.0,2.0
1710.0,2739.0,1163.0,2182.0,2173.0,2961.0,3663.0,1180.0,1596.0,3.0,4.0,2.0
1711.0,2738.0,1163.0,2184.0,2174.0,2962.0,3665.0,1179.0,1598.0,3.0,4.0,2.0
1707.0,2731.0,1161.0,2181.0,2169.0,2959.0,3660.0,1177.0,1597.0,3.0,4.0,2.0
1706.0,2729.0,1158.0,2178.0,2166.0,2956.0,3657.0,1175.0,1595.0,3.0,4.0,2.0
1711.0,2738.0,1160.0,2182.0,2172.0,2958.0,3659.0,1176.0,1596.0,3.0,4.0,2.0
1710.0,2737.0,1159.0,2178.0,2169.0,2956.0,3656.0,1176.0,1593.0,3.0,4.0,2.0
1713.0,2814.0,962.0,2183.0,2181.0,2819.0,3771.0,1185.0,1410.0,4.0,4.0,2.0
1709.0,2810.0,957.0,2178.0,2177.0,2815.0,3766.0,1180.0,1401.0,4.0,4.0,2.0
1700.0,2804.0,951.0,2171.0,2169.0,2809.0,3762.0,1176.0,1394.0,4.0,4.0,2.0
1700.0,2811.0,951.0,2172.0,2184.0,2791.0,3767.0,1175.0,1391.0,4.0,4.0,2.0
1699.0,2817.0,950.0,2172.0,2185.0,2791.0,3769.0,1174.0,1387.0,4.0,4.0,2.0
1695.0,2815.0,948.0,2167.0,2180.0,2788.0,3767.0,1174.0,1385.0,4.0,4.0,2.0
1693.0,2813.0,947.0,2167.0,2179.0,2787.0,3766.0,1174.0,1384.0,4.0,4.0,2.0
1696.0,2814.0,948.0,2171.0,2183.0,2788.0,3765.0,1176.0,1384.0,4.0,4.0,2.0
1693.0,2809.0,947.0,2167.0,2180.0,2786.0,3759.0,1175.0,1383.0,4.0,4.0,2.0
1692.0,2803.0,946.0,2166.0,2178.0,2785.0,3755.0,1174.0,1382.0,4.0,4.0,2.0
1695.0,2806.0,947.0,2170.0,2182.0,2786.0,3758.0,1176.0,1383.0,4.0,4.0,2.0
1695.0,2807.0,947.0,2171.0,2182.0,2787.0,3761.0,1175.0,1383.0,4.0,4.0,2.0
1692.0,2805.0,945.0,2167.0,2177.0,2785.0,3759.0,1174.0,1382.0,4.0,4.0,2.0
1695.0,2809.0,945.0,2168.0,2181.0,2786.0,3763.0,1176.0,1383.0,4.0,4.0,2.0
1696.0,2812.0,945.0,2169.0,2183.0,2787.0,3766.0,1175.0,1382.0,4.0,4.0,2.0
1693.0,2807.0,944.0,2166.0,2180.0,2786.0,3763.0,1174.0,1381.0,4.0,4.0,2.0
1694.0,2806.0,946.0,2168.0,2182.0,2787.0,3761.0,1175.0,1383.0,4.0,4.0,2.0
1699.0,2810.0,948.0,2172.0,2186.0,2789.0,3764.0,1176.0,1385.0,4.0,4.0,2.0
1697.0,2806.0,948.0,2172.0,2184.0,2788.0,3763.0,1176.0,1384.0,4.0,4.0,2.0
1697.0,2807.0,950.0,2173.0,2183.0,2789.0,3765.0,1177.0,1383.0,4.0,4.0,2.0
1700.0,2812.0,951.0,2176.0,2187.0,2790.0,3767.0,1177.0,1383.0,4.0,4.0,2.0
1699.0,2813.0,949.0,2174.0,2186.0,2789.0,3768.0,1178.0,1383.0,4.0,4.0,2.0
1696.0,2809.0,949.0,2171.0,2183.0,2789.0,3767.0,1178.0,1382.0,4.0,4.0,2.0
1697.0,2811.0,951.0,2173.0,2186.0,2790.0,3767.0,1180.0,1383.0,4.0,4.0,2.0
1699.0,2811.0,951.0,2175.0,2188.0,2791.0,3768.0,1181.0,1385.0,4.0,4.0,2.0
1696.0,2806.0,951.0,2173.0,2185.0,2790.0,3766.0,1181.0,1385.0,4.0,4.0,2.0
1697.0,2806.0,952.0,2174.0,2185.0,2790.0,3768.0,1182.0,1385.0,4.0,4.0,2.0
1700.0,2813.0,953.0,2178.0,2189.0,2793.0,3772.0,1182.0,1387.0,4.0,4.0,2.0
1699.0,2812.0,952.0,2175.0,2186.0,2792.0,3772.0,1180.0,1384.0,4.0,4.0,2.0
1698.0,2810.0,951.0,2174.0,2184.0,2792.0,3771.0,1180.0,1383.0,4.0,4.0,2.0
1702.0,2815.0,952.0,2177.0,2189.0,2794.0,3774.0,1182.0,1385.0,4.0,4.0,2.0
1701.0,2813.0,951.0,2175.0,2189.0,2795.0,3770.0,1180.0,1385.0,4.0,4.0,2.0
1695.0,2803.0,948.0,2169.0,2184.0,2791.0,3762.0,1179.0,1384.0,4.0,4.0,2.0
1696.0,2804.0,947.0,2170.0,2185.0,2790.0,3761.0,1177.0,1384.0,4.0,4.0,2.0
1695.0,2804.0,945.0,2169.0,2183.0,2787.0,3760.0,1175.0,1381.0,4.0,4.0,2.0
1688.0,2798.0,942.0,2162.0,2175.0,2783.0,3752.0,1171.0,1377.0,4.0,4.0,2.0
1688.0,2798.0,940.0,2161.0,2174.0,2781.0,3753.0,1169.0,1374.0,4.0,4.0,2.0
1422.0,2763.0,970.0,2190.0,2210.0,2803.0,3757.0,1193.0,1247.0,5.0,4.0,2.0
1417.0,2760.0,965.0,2189.0,2208.0,2801.0,3756.0,1189.0,1237.0,5.0,4.0,2.0
1410.0,2753.0,958.0,2182.0,2186.0,2812.0,3750.0,1184.0,1229.0,5.0,4.0,2.0
1405.0,2751.0,954.0,2176.0,2180.0,2808.0,3745.0,1179.0,1221.0,5.0,4.0,2.0
1404.0,2755.0,952.0,2175.0,2180.0,2806.0,3746.0,1177.0,1216.0,5.0,4.0,2.0
1401.0,2754.0,949.0,2170.0,2175.0,2802.0,3744.0,1175.0,1211.0,5.0,4.0,2.0
1396.0,2747.0,946.0,2165.0,2170.0,2798.0,3738.0,1173.0,1208.0,5.0,4.0,2.0
1398.0,2745.0,945.0,2168.0,2187.0,2782.0,3740.0,1174.0,1208.0,5.0,4.0,2.0
1399.0,2744.0,946.0,2171.0,2188.0,2782.0,3742.0,1174.0,1208.0,5.0,4.0,2.0
1396.0,2736.0,943.0,2167.0,2183.0,2779.0,3737.0,1172.0,1207.0,5.0,4.0,2.0
1395.0,2736.0,943.0,2167.0,2184.0,2779.0,3735.0,1172.0,1206.0,5.0,4.0,2.0
1396.0,2742.0,942.0,2168.0,2186.0,2779.0,3738.0,1171.0,1204.0,5.0,4.0,2.0
1392.0,2742.0,941.0,2163.0,2182.0,2777.0,3735.0,1169.0,1201.0,5.0,4.0,2.0
1391.0,2742.0,940.0,2160.0,2180.0,2776.0,3732.0,1168.0,1200.0,5.0,4.0,2.0
1393.0,2745.0,940.0,2162.0,2184.0,2777.0,3733.0,1167.0,1200.0,5.0,4.0,2.0
1391.0,2742.0,939.0,2161.0,2182.0,2777.0,3734.0,1167.0,1200.0,5.0,4.0,2.0
1390.0,2737.0,939.0,2159.0,2180.0,2776.0,3732.0,1167.0,1200.0,5.0,4.0,2.0
1393.0,2742.0,940.0,2162.0,2184.0,2779.0,3733.0,1169.0,1201.0,5.0,4.0,2.0
1394.0,2744.0,940.0,2162.0,2185.0,2780.0,3735.0,1170.0,1201.0,5.0,4.0,2.0
1393.0,2743.0,942.0,2161.0,2183.0,2780.0,3735.0,1171.0,1202.0,5.0,4.0,2.0
1395.0,2746.0,943.0,2163.0,2187.0,2781.0,3735.0,1172.0,1203.0,5.0,4.0,2.0
1397.0,2752.0,945.0,2167.0,2191.0,2784.0,3740.0,1173.0,1204.0,5.0,4.0,2.0
1397.0,2748.0,945.0,2166.0,2189.0,2783.0,3739.0,1173.0,1204.0,5.0,4.0,2.0
1397.0,2745.0,947.0,2168.0,2189.0,2784.0,3738.0,1173.0,1205.0,5.0,4.0,2.0
1399.0,2746.0,948.0,2172.0,2194.0,2786.0,3744.0,1175.0,1207.0,5.0,4.0,2.0
1400.0,2746.0,948.0,2173.0,2193.0,2787.0,3747.0,1177.0,1207.0,5.0,4.0,2.0
1399.0,2744.0,946.0,2169.0,2190.0,2787.0,3745.0,1177.0,1207.0,5.0,4.0,2.0
1402.0,2749.0,947.0,2172.0,2193.0,2789.0,3749.0,1178.0,1208.0,5.0,4.0,2.0
1402.0,2753.0,947.0,2173.0,2194.0,2789.0,3751.0,1178.0,1207.0,5.0,4.0,2.0
1400.0,2748.0,945.0,2168.0,2189.0,2787.0,3748.0,1176.0,1205.0,5.0,4.0,2.0
1400.0,2747.0,945.0,2169.0,2191.0,2787.0,3746.0,1175.0,1206.0,5.0,4.0,2.0
1401.0,2748.0,947.0,2174.0,2195.0,2788.0,3748.0,1176.0,1206.0,5.0,4.0,2.0
1238.0,2656.0,981.0,1863.0,2249.0,2812.0,3765.0,1203.0,1259.0,6.0,4.0,2.0
1234.0,2651.0,975.0,1861.0,2246.0,2808.0,3763.0,1198.0,1246.0,6.0,4.0,2.0
1231.0,2651.0,971.0,1858.0,2242.0,2805.0,3761.0,1194.0,1238.0,6.0,4.0,2.0
1227.0,2650.0,967.0,1854.0,2236.0,2800.0,3755.0,1189.0,1231.0,6.0,4.0,2.0
1226.0,2654.0,964.0,1853.0,2235.0,2799.0,3753.0,1188.0,1228.0,6.0,4.0,2.0
1225.0,2654.0,962.0,1853.0,2234.0,2798.0,3754.0,1189.0,1227.0,6.0,4.0,2.0
1220.0,2644.0,956.0,1847.0,2214.0,2810.0,3749.0,1185.0,1222.0,6.0,4.0,2.0
1218.0,2634.0,952.0,1843.0,2212.0,2808.0,3744.0,1182.0,1218.0,6.0,4.0,2.0
1216.0,2632.0,951.0,1843.0,2212.0,2807.0,3744.0,1181.0,1215.0,6.0,4.0,2.0
1214.0,2628.0,949.0,1841.0,2207.0,2803.0,3741.0,1179.0,1211.0,6.0,4.0,2.0
1211.0,2627.0,948.0,1838.0,2203.0,2800.0,3737.0,1176.0,1207.0,6.0,4.0,2.0
1213.0,2632.0,948.0,1838.0,2219.0,2784.0,3739.0,1177.0,1208.0,6.0,4.0,2.0
1213.0,2635.0,948.0,1837.0,2218.0,2783.0,3738.0,1176.0,1206.0,6.0,4.0,2.0
1211.0,2632.0,945.0,1833.0,2213.0,2780.0,3735.0,1174.0,1204.0,6.0,4.0,2.0
1210.0,2630.0,944.0,1833.0,2214.0,2781.0,3735.0,1174.0,1203.0,6.0,4.0,2.0
1210.0,2628.0,944.0,1834.0,2216.0,2781.0,3736.0,1174.0,1204.0,6.0,4.0,2.0
1209.0,2621.0,942.0,1831.0,2212.0,2779.0,3733.0,1174.0,1203.0,6.0,4.0,2.0
1208.0,2620.0,942.0,1832.0,2212.0,2780.0,3736.0,1175.0,1204.0,6.0,4.0,2.0
1209.0,2626.0,943.0,1835.0,2216.0,2781.0,3740.0,1176.0,1205.0,6.0,4.0,2.0
1209.0,2629.0,944.0,1834.0,2214.0,2780.0,3741.0,1175.0,1204.0,6.0,4.0,2.0
1208.0,2629.0,944.0,1833.0,2212.0,2779.0,3739.0,1174.0,1203.0,6.0,4.0,2.0
1209.0,2631.0,945.0,1834.0,2215.0,2780.0,3741.0,1173.0,1202.0,6.0,4.0,2.0
1209.0,2628.0,946.0,1834.0,2215.0,2779.0,3739.0,1173.0,1201.0,6.0,4.0,2.0
1210.0,2624.0,947.0,1834.0,2214.0,2780.0,3737.0,1174.0,1202.0,6.0,4.0,2.0
1213.0,2626.0,949.0,1837.0,2217.0,2782.0,3740.0,1175.0,1204.0,6.0,4.0,2.0
1214.0,2629.0,950.0,1838.0,2220.0,2786.0,3744.0,1177.0,1205.0,6.0,4.0,2.0
1213.0,2630.0,950.0,1838.0,2218.0,2785.0,3744.0,1178.0,1206.0,6.0,4.0,2.0
1215.0,2636.0,951.0,1839.0,2220.0,2787.0,3746.0,1179.0,1208.0,6.0,4.0,2.0
1217.0,2641.0,951.0,1842.0,2223.0,2787.0,3751.0,1180.0,1209.0,6.0,4.0,2.0
1215.0,2640.0,950.0,1840.0,2221.0,2786.0,3750.0,1181.0,1209.0,6.0,4.0,2.0
1214.0,2634.0,949.0,1838.0,2218.0,2784.0,3747.0,1179.0,1207.0,6.0,4.0,2.0
1215.0,2634.0,950.0,1840.0,2223.0,2786.0,3750.0,1180.0,1208.0,6.0,4.0,2.0
1237.0,2395.0,976.0,1843.0,2221.0,2802.0,3742.0,1196.0,1253.0,7.0,4.0,2.0
1226.0,2385.0,964.0,1835.0,2209.0,2792.0,3733.0,1187.0,1237.0,7.0,4.0,2.0
1221.0,2382.0,958.0,1831.0,2206.0,2788.0,3727.0,1183.0,1228.0,7.0,4.0,2.0
1219.0,2380.0,955.0,1831.0,2207.0,2786.0,3726.0,1181.0,1222.0,7.0,4.0,2.0
1215.0,2374.0,952.0,1828.0,2203.0,2782.0,3721.0,1177.0,1217.0,7.0,4.0,2.0
1215.0,2372.0,951.0,1827.0,2203.0,2782.0,3719.0,1177.0,1215.0,7.0,4.0,2.0
1217.0,2377.0,953.0,1830.0,2209.0,2785.0,3723.0,1178.0,1214.0,7.0,4.0,2.0
1216.0,2380.0,954.0,1830.0,2210.0,2785.0,3724.0,1178.0,1212.0,7.0,4.0,2.0
1215.0,2378.0,953.0,1828.0,2208.0,2782.0,3723.0,1177.0,1211.0,7.0,4.0,2.0
1217.0,2380.0,954.0,1832.0,2210.0,2785.0,3726.0,1180.0,1211.0,7.0,4.0,2.0
1217.0,2379.0,954.0,1832.0,2209.0,2785.0,3728.0,1180.0,1210.0,7.0,4.0,2.0
1215.0,2376.0,951.0,1829.0,2205.0,2782.0,3725.0,1178.0,1208.0,7.0,4.0,2.0
1215.0,2378.0,951.0,1829.0,2206.0,2782.0,3727.0,1179.0,1208.0,7.0,4.0,2.0
1216.0,2381.0,952.0,1831.0,2209.0,2785.0,3730.0,1180.0,1209.0,7.0,4.0,2.0
1214.0,2378.0,951.0,1828.0,2206.0,2783.0,3730.0,1179.0,1207.0,7.0,4.0,2.0
1213.0,2375.0,950.0,1828.0,2205.0,2781.0,3729.0,1178.0,1207.0,7.0,4.0,2.0
1214.0,2377.0,951.0,1830.0,2208.0,2783.0,3732.0,1178.0,1207.0,7.0,4.0,2.0
1214.0,2378.0,950.0,1828.0,2206.0,2781.0,3731.0,1177.0,1206.0,7.0,4.0,2.0
1213.0,2375.0,948.0,1826.0,2202.0,2779.0,3727.0,1176.0,1204.0,7.0,4.0,2.0
1213.0,2377.0,950.0,1827.0,2205.0,2781.0,3727.0,1176.0,1205.0,7.0,4.0,2.0
1214.0,2378.0,949.0,1827.0,2206.0,2782.0,3727.0,1176.0,1205.0,7.0,4.0,2.0
1210.0,2375.0,946.0,1823.0,2188.0,2795.0,3723.0,1173.0,1201.0,7.0,4.0,2.0
1208.0,2374.0,944.0,1821.0,2187.0,2795.0,3719.0,1172.0,1200.0,7.0,4.0,2.0
1208.0,2374.0,944.0,1822.0,2189.0,2795.0,3719.0,1172.0,1199.0,7.0,4.0,2.0
1205.0,2368.0,941.0,1818.0,2183.0,2791.0,3717.0,1170.0,1196.0,7.0,4.0,2.0
1203.0,2365.0,940.0,1816.0,2179.0,2789.0,3715.0,1169.0,1194.0,7.0,4.0,2.0
1222.0,2201.0,964.0,1835.0,2080.0,2790.0,3473.0,1184.0,1230.0,8.0,4.0,2.0
1218.0,2195.0,957.0,1832.0,2075.0,2786.0,3468.0,1181.0,1222.0,8.0,4.0,2.0
1217.0,2195.0,955.0,1831.0,2075.0,2786.0,3468.0,1180.0,1217.0,8.0,4.0,2.0
1215.0,2192.0,952.0,1828.0,2071.0,2783.0,3465.0,1178.0,1213.0,8.0,4.0,2.0
1212.0,2188.0,948.0,1825.0,2067.0,2779.0,3459.0,1176.0,1210.0,8.0,4.0,2.0
1211.0,2188.0,947.0,1825.0,2067.0,2779.0,3457.0,1176.0,1208.0,8.0,4.0,2.0
1209.0,2186.0,944.0,1821.0,2064.0,2776.0,3455.0,1174.0,1205.0,8.0,4.0,2.0
1205.0,2182.0,941.0,1818.0,2059.0,2772.0,3450.0,1170.0,1201.0,8.0,4.0,2.0
1204.0,2181.0,938.0,1817.0,2059.0,2771.0,3448.0,1169.0,1198.0,8.0,4.0,2.0
1202.0,2181.0,938.0,1816.0,2059.0,2770.0,3447.0,1168.0,1196.0,8.0,4.0,2.0
1200.0,2178.0,937.0,1813.0,2055.0,2766.0,3444.0,1165.0,1193.0,8.0,4.0,2.0
1200.0,2178.0,937.0,1813.0,2055.0,2767.0,3443.0,1164.0,1192.0,8.0,4.0,2.0
1200.0,2179.0,937.0,1815.0,2057.0,2767.0,3444.0,1165.0,1192.0,8.0,4.0,2.0
1199.0,2178.0,936.0,1812.0,2053.0,2764.0,3444.0,1163.0,1191.0,8.0,4.0,2.0
1199.0,2177.0,936.0,1812.0,2052.0,2764.0,3444.0,1164.0,1191.0,8.0,4.0,2.0
1200.0,2179.0,937.0,1815.0,2054.0,2767.0,3448.0,1166.0,1193.0,8.0,4.0,2.0
1200.0,2179.0,937.0,1813.0,2054.0,2768.0,3448.0,1166.0,1193.0,8.0,4.0,2.0
1200.0,2177.0,936.0,1812.0,2052.0,2766.0,3446.0,1165.0,1191.0,8.0,4.0,2.0
1200.0,2177.0,937.0,1815.0,2055.0,2767.0,3446.0,1166.0,1193.0,8.0,4.0,2.0
1200.0,2177.0,937.0,1815.0,2055.0,2768.0,3448.0,1166.0,1192.0,8.0,4.0,2.0
1199.0,2175.0,936.0,1813.0,2053.0,2765.0,3443.0,1164.0,1192.0,8.0,4.0,2.0
1200.0,2177.0,938.0,1814.0,2055.0,2766.0,3447.0,1166.0,1193.0,8.0,4.0,2.0
1202.0,2179.0,940.0,1817.0,2057.0,2769.0,3451.0,1167.0,1194.0,8.0,4.0,2.0
1203.0,2181.0,941.0,1816.0,2057.0,2770.0,3452.0,1166.0,1194.0,8.0,4.0,2.0
1203.0,2181.0,941.0,1817.0,2058.0,2770.0,3452.0,1167.0,1194.0,8.0,4.0,2.0
1206.0,2185.0,943.0,1821.0,2061.0,2774.0,3458.0,1169.0,1196.0,8.0,4.0,2.0
1206.0,2184.0,943.0,1820.0,2061.0,2774.0,3457.0,1170.0,1196.0,8.0,4.0,2.0
1206.0,2183.0,942.0,1819.0,2061.0,2773.0,3455.0,1170.0,1197.0,8.0,4.0,2.0
1208.0,2184.0,943.0,1821.0,2063.0,2775.0,3460.0,1173.0,1198.0,8.0,4.0,2.0
1208.0,2185.0,943.0,1821.0,2063.0,2776.0,3460.0,1174.0,1199.0,8.0,4.0,2.0
1207.0,2184.0,943.0,1819.0,2061.0,2773.0,3458.0,1173.0,1198.0,8.0,4.0,2.0
1208.0,2185.0,944.0,1820.0,2061.0,2774.0,3459.0,1172.0,1197.0,8.0,4.0,2.0
1207.0,2185.0,944.0,1821.0,2062.0,2775.0,3460.0,1173.0,1197.0,8.0,4.0,2.0
1206.0,2184.0,943.0,1817.0,2059.0,2772.0,3457.0,1171.0,1195.0,8.0,4.0,2.0
1205.0,2183.0,942.0,1817.0,2059.0,2772.0,3457.0,1170.0,1195.0,8.0,4.0,2.0
1206.0,2183.0,942.0,1818.0,2061.0,2773.0,3459.0,1170.0,1195.0,8.0,4.0,2.0
1729.0,2553.0,1334.0,2342.0,1906.0,3395.0,3492.0,1488.0,1762.0,1.0,5.0,2.0
1731.0,2555.0,1334.0,2345.0,1909.0,3398.0,3494.0,1488.0,1761.0,1.0,5.0,2.0
1733.0,2557.0,1334.0,2346.0,1909.0,3400.0,3495.0,1488.0,1760.0,1.0,5.0,2.0
1728.0,2552.0,1330.0,2340.0,1904.0,3395.0,3491.0,1487.0,1755.0,1.0,5.0,2.0
1728.0,2551.0,1330.0,2340.0,1904.0,3395.0,3491.0,1485.0,1753.0,1.0,5.0,2.0
1729.0,2553.0,1329.0,2342.0,1906.0,3396.0,3492.0,1486.0,1754.0,1.0,5.0,2.0
1725.0,2549.0,1327.0,2338.0,1902.0,3391.0,3489.0,1485.0,1752.0,1.0,5.0,2.0
1724.0,2547.0,1327.0,2337.0,1903.0,3389.0,3485.0,1484.0,1751.0,1.0,5.0,2.0
1727.0,2549.0,1327.0,2340.0,1907.0,3391.0,3484.0,1483.0,1753.0,1.0,5.0,2.0
1724.0,2547.0,1323.0,2336.0,1905.0,3388.0,3479.0,1481.0,1750.0,1.0,5.0,2.0
1718.0,2540.0,1319.0,2330.0,1900.0,3383.0,3474.0,1479.0,1745.0,1.0,5.0,2.0
1719.0,2541.0,1319.0,2332.0,1901.0,3383.0,3474.0,1477.0,1744.0,1.0,5.0,2.0
1718.0,2539.0,1316.0,2330.0,1898.0,3381.0,3475.0,1476.0,1742.0,1.0,5.0,2.0
1713.0,2536.0,1314.0,2324.0,1893.0,3377.0,3473.0,1476.0,1738.0,1.0,5.0,2.0
1714.0,2537.0,1315.0,2327.0,1895.0,3377.0,3474.0,1475.0,1739.0,1.0,5.0,2.0
1717.0,2541.0,1317.0,2330.0,1898.0,3381.0,3479.0,1476.0,1740.0,1.0,5.0,2.0
1714.0,2539.0,1314.0,2325.0,1894.0,3379.0,3477.0,1475.0,1737.0,1.0,5.0,2.0
1713.0,2537.0,1314.0,2324.0,1894.0,3378.0,3475.0,1473.0,1735.0,1.0,5.0,2.0
1717.0,2540.0,1314.0,2328.0,1898.0,3381.0,3475.0,1474.0,1737.0,1.0,5.0,2.0
1715.0,2538.0,1313.0,2325.0,1894.0,3379.0,3476.0,1473.0,1735.0,1.0,5.0,2.0
1711.0,2535.0,1311.0,2321.0,1891.0,3375.0,3471.0,1473.0,1733.0,1.0,5.0,2.0
1715.0,2538.0,1313.0,2325.0,1895.0,3379.0,3475.0,1474.0,1736.0,1.0,5.0,2.0
1715.0,2540.0,1313.0,2327.0,1895.0,3380.0,3475.0,1475.0,1738.0,1.0,5.0,2.0
1711.0,2535.0,1311.0,2320.0,1891.0,3377.0,3472.0,1473.0,1734.0,1.0,5.0,2.0
1713.0,2536.0,1312.0,2322.0,1894.0,3378.0,3472.0,1474.0,1734.0,1.0,5.0,2.0
1718.0,2542.0,1316.0,2328.0,1898.0,3382.0,3477.0,1475.0,1737.0,1.0,5.0,2.0
1717.0,2541.0,1316.0,2326.0,1897.0,3381.0,3474.0,1475.0,1736.0,1.0,5.0,2.0
1718.0,2541.0,1318.0,2327.0,1899.0,3382.0,3475.0,1477.0,1737.0,1.0,5.0,2.0
1724.0,2548.0,1321.0,2334.0,1904.0,3387.0,3481.0,1480.0,1741.0,1.0,5.0,2.0
1723.0,2548.0,1320.0,2333.0,1903.0,3387.0,3483.0,1480.0,1742.0,1.0,5.0,2.0
1719.0,2542.0,1317.0,2329.0,1900.0,3384.0,3480.0,1479.0,1739.0,1.0,5.0,2.0
1722.0,2545.0,1318.0,2332.0,1903.0,3386.0,3482.0,1480.0,1741.0,1.0,5.0,2.0
1721.0,2546.0,1318.0,2333.0,1904.0,3386.0,3484.0,1480.0,1741.0,1.0,5.0,2.0
1717.0,2542.0,1318.0,2330.0,1901.0,3382.0,3480.0,1479.0,1739.0,1.0,5.0,2.0
1719.0,2544.0,1320.0,2333.0,1905.0,3384.0,3479.0,1481.0,1742.0,1.0,5.0,2.0
1723.0,2548.0,1322.0,2337.0,1907.0,3386.0,3482.0,1484.0,1744.0,1.0,5.0,2.0
1720.0,2545.0,1320.0,2332.0,1903.0,3382.0,3478.0,1482.0,1741.0,1.0,5.0,2.0
1719.0,2543.0,1319.0,2331.0,1902.0,3380.0,3476.0,1481.0,1740.0,1.0,5.0,2.0
1723.0,2546.0,1320.0,2334.0,1904.0,3382.0,3480.0,1482.0,1742.0,1.0,5.0,2.0
1721.0,2544.0,1318.0,2332.0,1901.0,3380.0,3480.0,1480.0,1740.0,1.0,5.0,2.0
1718.0,2541.0,1317.0,2328.0,1899.0,3378.0,3478.0,1480.0,1738.0,1.0,5.0,2.0
1719.0,2543.0,1317.0,2331.0,1888.0,3399.0,3480.0,1482.0,1740.0,1.0,5.0,2.0
1719.0,2543.0,1315.0,2330.0,1887.0,3399.0,3478.0,1482.0,1739.0,1.0,5.0,2.0
1713.0,2538.0,1312.0,2324.0,1884.0,3395.0,3472.0,1479.0,1735.0,1.0,5.0,2.0
1714.0,2538.0,1312.0,2325.0,1885.0,3396.0,3471.0,1479.0,1736.0,1.0,5.0,2.0
1717.0,2541.0,1314.0,2328.0,1887.0,3398.0,3473.0,1478.0,1736.0,1.0,5.0,2.0
1713.0,2538.0,1314.0,2324.0,1897.0,3377.0,3471.0,1477.0,1733.0,1.0,5.0,2.0
1713.0,2537.0,1314.0,2324.0,1897.0,3376.0,3474.0,1477.0,1733.0,1.0,5.0,2.0
1718.0,2542.0,1317.0,2329.0,1900.0,3380.0,3478.0,1479.0,1735.0,1.0,5.0,2.0
1716.0,2541.0,1316.0,2327.0,1897.0,3378.0,3478.0,1477.0,1733.0,1.0,5.0,2.0
1712.0,2537.0,1314.0,2322.0,1894.0,3375.0,3474.0,1476.0,1731.0,1.0,5.0,2.0
1716.0,2541.0,1315.0,2326.0,1897.0,3377.0,3476.0,1476.0,1733.0,1.0,5.0,2.0
1716.0,2541.0,1314.0,2326.0,1897.0,3377.0,3473.0,1475.0,1734.0,1.0,5.0,2.0
1711.0,2536.0,1311.0,2320.0,1893.0,3373.0,3469.0,1475.0,1732.0,1.0,5.0,2.0
1712.0,2536.0,1311.0,2321.0,1894.0,3373.0,3468.0,1475.0,1732.0,1.0,5.0,2.0
1714.0,2538.0,1311.0,2324.0,1895.0,3375.0,3470.0,1477.0,1734.0,1.0,5.0,2.0
1710.0,2533.0,1309.0,2320.0,1892.0,3372.0,3466.0,1476.0,1731.0,1.0,5.0,2.0
1709.0,2531.0,1310.0,2320.0,1892.0,3372.0,3466.0,1476.0,1731.0,1.0,5.0,2.0
1715.0,2537.0,1313.0,2326.0,1897.0,3380.0,3471.0,1478.0,1735.0,1.0,5.0,2.0
1714.0,2537.0,1315.0,2327.0,1898.0,3381.0,3474.0,1478.0,1736.0,1.0,5.0,2.0
1715.0,2537.0,1317.0,2326.0,1899.0,3381.0,3475.0,1477.0,1736.0,1.0,5.0,2.0
1721.0,2545.0,1322.0,2332.0,1904.0,3387.0,3481.0,1480.0,1741.0,1.0,5.0,2.0
1723.0,2549.0,1324.0,2336.0,1906.0,3390.0,3486.0,1482.0,1743.0,1.0,5.0,2.0
1720.0,2545.0,1322.0,2331.0,1904.0,3386.0,3485.0,1482.0,1741.0,1.0,5.0,2.0
1722.0,2547.0,1323.0,2334.0,1906.0,3389.0,3486.0,1483.0,1743.0,1.0,5.0,2.0
1725.0,2550.0,1323.0,2337.0,1907.0,3391.0,3489.0,1483.0,1743.0,1.0,5.0,2.0
1771.0,2699.0,1349.0,2368.0,2073.0,3217.0,3725.0,1355.0,1863.0,2.0,5.0,2.0
1765.0,2687.0,1341.0,2361.0,2066.0,3211.0,3720.0,1347.0,1860.0,2.0,5.0,2.0
1764.0,2685.0,1338.0,2361.0,2065.0,3209.0,3719.0,1342.0,1857.0,2.0,5.0,2.0
1764.0,2688.0,1336.0,2361.0,2064.0,3207.0,3717.0,1340.0,1849.0,2.0,5.0,2.0
1759.0,2688.0,1335.0,2354.0,2073.0,3184.0,3710.0,1341.0,1840.0,2.0,5.0,2.0
1758.0,2690.0,1336.0,2354.0,2072.0,3182.0,3709.0,1342.0,1834.0,2.0,5.0,2.0
1760.0,2696.0,1337.0,2358.0,2075.0,3184.0,3713.0,1343.0,1833.0,2.0,5.0,2.0
1758.0,2691.0,1333.0,2354.0,2072.0,3182.0,3711.0,1340.0,1832.0,2.0,5.0,2.0
1754.0,2683.0,1330.0,2350.0,2071.0,3181.0,3710.0,1337.0,1834.0,2.0,5.0,2.0
1758.0,2683.0,1330.0,2355.0,2074.0,3184.0,3715.0,1338.0,1839.0,2.0,5.0,2.0
1756.0,2681.0,1327.0,2352.0,2073.0,3183.0,3712.0,1337.0,1838.0,2.0,5.0,2.0
1751.0,2677.0,1324.0,2346.0,2067.0,3177.0,3707.0,1336.0,1830.0,2.0,5.0,2.0
1752.0,2682.0,1326.0,2348.0,2069.0,3177.0,3707.0,1338.0,1826.0,2.0,5.0,2.0
1755.0,2689.0,1328.0,2351.0,2071.0,3178.0,3708.0,1339.0,1822.0,2.0,5.0,2.0
1752.0,2685.0,1326.0,2346.0,2067.0,3176.0,3704.0,1338.0,1819.0,2.0,5.0,2.0
1751.0,2681.0,1325.0,2347.0,2067.0,3177.0,3705.0,1336.0,1821.0,2.0,5.0,2.0
1756.0,2685.0,1328.0,2353.0,2074.0,3183.0,3713.0,1337.0,1829.0,2.0,5.0,2.0
1756.0,2683.0,1328.0,2352.0,2073.0,3184.0,3714.0,1338.0,1833.0,2.0,5.0,2.0
1755.0,2679.0,1327.0,2351.0,2072.0,3184.0,3712.0,1342.0,1833.0,2.0,5.0,2.0
1758.0,2686.0,1330.0,2357.0,2075.0,3186.0,3714.0,1348.0,1831.0,2.0,5.0,2.0
1759.0,2693.0,1332.0,2358.0,2076.0,3186.0,3716.0,1352.0,1828.0,2.0,5.0,2.0
1755.0,2691.0,1331.0,2353.0,2071.0,3182.0,3709.0,1351.0,1822.0,2.0,5.0,2.0
1757.0,2693.0,1331.0,2355.0,2074.0,3184.0,3712.0,1351.0,1823.0,2.0,5.0,2.0
1759.0,2694.0,1332.0,2357.0,2076.0,3186.0,3715.0,1349.0,1827.0,2.0,5.0,2.0
1756.0,2687.0,1330.0,2353.0,2073.0,3184.0,3714.0,1345.0,1829.0,2.0,5.0,2.0
1757.0,2683.0,1330.0,2353.0,2074.0,3185.0,3714.0,1343.0,1833.0,2.0,5.0,2.0
1761.0,2688.0,1331.0,2358.0,2078.0,3187.0,3719.0,1344.0,1834.0,2.0,5.0,2.0
1758.0,2688.0,1330.0,2354.0,2074.0,3184.0,3717.0,1345.0,1829.0,2.0,5.0,2.0
1755.0,2687.0,1330.0,2351.0,2071.0,3182.0,3711.0,1346.0,1822.0,2.0,5.0,2.0
1759.0,2693.0,1331.0,2355.0,2076.0,3184.0,3713.0,1350.0,1823.0,2.0,5.0,2.0
1760.0,2693.0,1331.0,2355.0,2076.0,3185.0,3713.0,1350.0,1823.0,2.0,5.0,2.0
1756.0,2685.0,1328.0,2350.0,2072.0,3183.0,3709.0,1348.0,1824.0,2.0,5.0,2.0
1759.0,2684.0,1330.0,2354.0,2076.0,3184.0,3709.0,1348.0,1829.0,2.0,5.0,2.0
1759.0,2685.0,1329.0,2354.0,2077.0,3184.0,3709.0,1349.0,1830.0,2.0,5.0,2.0
1754.0,2681.0,1327.0,2348.0,2071.0,3179.0,3702.0,1348.0,1824.0,2.0,5.0,2.0
1751.0,2682.0,1325.0,2345.0,2069.0,3177.0,3700.0,1348.0,1818.0,2.0,5.0,2.0
1751.0,2686.0,1326.0,2348.0,2070.0,3178.0,3702.0,1348.0,1814.0,2.0,5.0,2.0
1746.0,2683.0,1323.0,2342.0,2065.0,3175.0,3700.0,1346.0,1810.0,2.0,5.0,2.0
1744.0,2679.0,1322.0,2340.0,2063.0,3174.0,3699.0,1344.0,1811.0,2.0,5.0,2.0
1748.0,2679.0,1322.0,2345.0,2067.0,3177.0,3705.0,1344.0,1817.0,2.0,5.0,2.0
1749.0,2677.0,1322.0,2345.0,2065.0,3176.0,3705.0,1340.0,1820.0,2.0,5.0,2.0
1747.0,2674.0,1321.0,2342.0,2062.0,3174.0,3704.0,1338.0,1820.0,2.0,5.0,2.0
1750.0,2677.0,1322.0,2345.0,2066.0,3176.0,3704.0,1338.0,1821.0,2.0,5.0,2.0
1752.0,2681.0,1322.0,2347.0,2067.0,3177.0,3705.0,1338.0,1820.0,2.0,5.0,2.0
1755.0,2734.0,1159.0,2365.0,2086.0,2945.0,3764.0,1204.0,1597.0,3.0,5.0,2.0
1750.0,2728.0,1154.0,2359.0,2080.0,2941.0,3760.0,1202.0,1590.0,3.0,5.0,2.0
1749.0,2728.0,1152.0,2360.0,2081.0,2941.0,3762.0,1203.0,1588.0,3.0,5.0,2.0
1751.0,2731.0,1149.0,2362.0,2084.0,2942.0,3765.0,1203.0,1587.0,3.0,5.0,2.0
1746.0,2728.0,1148.0,2358.0,2080.0,2939.0,3763.0,1202.0,1583.0,3.0,5.0,2.0
1744.0,2725.0,1147.0,2356.0,2079.0,2937.0,3759.0,1201.0,1581.0,3.0,5.0,2.0
1748.0,2729.0,1147.0,2360.0,2083.0,2939.0,3761.0,1201.0,1580.0,3.0,5.0,2.0
1747.0,2727.0,1147.0,2358.0,2081.0,2938.0,3757.0,1199.0,1577.0,3.0,5.0,2.0
1743.0,2722.0,1146.0,2354.0,2078.0,2935.0,3752.0,1198.0,1574.0,3.0,5.0,2.0
1745.0,2724.0,1146.0,2358.0,2081.0,2935.0,3753.0,1197.0,1574.0,3.0,5.0,2.0
1745.0,2726.0,1146.0,2359.0,2082.0,2935.0,3756.0,1198.0,1573.0,3.0,5.0,2.0
1739.0,2721.0,1144.0,2354.0,2076.0,2932.0,3753.0,1197.0,1571.0,3.0,5.0,2.0
1739.0,2721.0,1144.0,2354.0,2077.0,2934.0,3752.0,1196.0,1571.0,3.0,5.0,2.0
1741.0,2722.0,1143.0,2355.0,2078.0,2934.0,3755.0,1195.0,1569.0,3.0,5.0,2.0
1735.0,2716.0,1139.0,2348.0,2072.0,2930.0,3749.0,1191.0,1565.0,3.0,5.0,2.0
1733.0,2711.0,1137.0,2344.0,2068.0,2926.0,3744.0,1189.0,1562.0,3.0,5.0,2.0
1734.0,2713.0,1136.0,2346.0,2070.0,2927.0,3746.0,1187.0,1560.0,3.0,5.0,2.0
1731.0,2709.0,1132.0,2342.0,2066.0,2923.0,3743.0,1185.0,1557.0,3.0,5.0,2.0
1727.0,2705.0,1131.0,2338.0,2062.0,2921.0,3739.0,1183.0,1555.0,3.0,5.0,2.0
1730.0,2709.0,1131.0,2341.0,2067.0,2923.0,3742.0,1186.0,1557.0,3.0,5.0,2.0
1732.0,2712.0,1131.0,2342.0,2068.0,2924.0,3744.0,1187.0,1557.0,3.0,5.0,2.0
1730.0,2709.0,1131.0,2338.0,2064.0,2923.0,3743.0,1187.0,1556.0,3.0,5.0,2.0
1732.0,2710.0,1131.0,2339.0,2065.0,2924.0,3745.0,1189.0,1556.0,3.0,5.0,2.0
1735.0,2715.0,1132.0,2343.0,2069.0,2926.0,3749.0,1190.0,1557.0,3.0,5.0,2.0
1733.0,2712.0,1132.0,2340.0,2065.0,2923.0,3747.0,1188.0,1556.0,3.0,5.0,2.0
1731.0,2708.0,1132.0,2339.0,2063.0,2922.0,3745.0,1188.0,1554.0,3.0,5.0,2.0
1735.0,2712.0,1133.0,2343.0,2068.0,2924.0,3746.0,1187.0,1555.0,3.0,5.0,2.0
1734.0,2711.0,1133.0,2343.0,2067.0,2924.0,3745.0,1186.0,1556.0,3.0,5.0,2.0
1730.0,2707.0,1132.0,2340.0,2063.0,2920.0,3741.0,1186.0,1554.0,3.0,5.0,2.0
1734.0,2710.0,1134.0,2344.0,2057.0,2922.0,3744.0,1189.0,1583.0,3.0,5.0,2.0
1736.0,2713.0,1136.0,2347.0,2061.0,2924.0,3747.0,1190.0,1586.0,3.0,5.0,2.0
1732.0,2710.0,1136.0,2343.0,2059.0,2923.0,3745.0,1191.0,1586.0,3.0,5.0,2.0
1733.0,2712.0,1138.0,2345.0,2061.0,2925.0,3748.0,1192.0,1586.0,3.0,5.0,2.0
1738.0,2717.0,1139.0,2350.0,2066.0,2928.0,3752.0,1194.0,1589.0,3.0,5.0,2.0
1735.0,2716.0,1138.0,2347.0,2074.0,2927.0,3750.0,1192.0,1560.0,3.0,5.0,2.0
1733.0,2713.0,1138.0,2346.0,2073.0,2927.0,3746.0,1191.0,1559.0,3.0,5.0,2.0
1738.0,2717.0,1139.0,2350.0,2075.0,2929.0,3751.0,1191.0,1559.0,3.0,5.0,2.0
1738.0,2717.0,1139.0,2349.0,2073.0,2929.0,3751.0,1190.0,1558.0,3.0,5.0,2.0
1734.0,2713.0,1138.0,2345.0,2070.0,2928.0,3748.0,1190.0,1557.0,3.0,5.0,2.0
1736.0,2715.0,1138.0,2347.0,2072.0,2930.0,3750.0,1191.0,1559.0,3.0,5.0,2.0
1739.0,2719.0,1138.0,2349.0,2074.0,2931.0,3755.0,1193.0,1561.0,3.0,5.0,2.0
1735.0,2715.0,1136.0,2344.0,2070.0,2929.0,3751.0,1194.0,1559.0,3.0,5.0,2.0
1574.0,2751.0,990.0,2381.0,2230.0,2830.0,3782.0,1213.0,1447.0,4.0,5.0,2.0
1570.0,2750.0,985.0,2380.0,2227.0,2827.0,3779.0,1210.0,1440.0,4.0,5.0,2.0
1564.0,2743.0,981.0,2374.0,2220.0,2824.0,3773.0,1206.0,1435.0,4.0,5.0,2.0
1563.0,2742.0,979.0,2375.0,2219.0,2824.0,3773.0,1205.0,1433.0,4.0,5.0,2.0
1563.0,2745.0,978.0,2377.0,2221.0,2823.0,3775.0,1204.0,1430.0,4.0,5.0,2.0
1558.0,2740.0,976.0,2373.0,2216.0,2820.0,3774.0,1203.0,1427.0,4.0,5.0,2.0
1556.0,2736.0,975.0,2370.0,2213.0,2818.0,3772.0,1203.0,1423.0,4.0,5.0,2.0
1557.0,2737.0,974.0,2372.0,2214.0,2817.0,3771.0,1202.0,1421.0,4.0,5.0,2.0
1554.0,2734.0,971.0,2367.0,2209.0,2814.0,3767.0,1199.0,1418.0,4.0,5.0,2.0
1549.0,2726.0,967.0,2360.0,2202.0,2809.0,3761.0,1196.0,1414.0,4.0,5.0,2.0
1549.0,2727.0,966.0,2360.0,2203.0,2809.0,3760.0,1193.0,1410.0,4.0,5.0,2.0
1547.0,2727.0,963.0,2358.0,2202.0,2806.0,3760.0,1190.0,1406.0,4.0,5.0,2.0
1543.0,2722.0,962.0,2354.0,2197.0,2804.0,3757.0,1188.0,1402.0,4.0,5.0,2.0
1542.0,2722.0,961.0,2353.0,2198.0,2803.0,3756.0,1188.0,1402.0,4.0,5.0,2.0
1544.0,2725.0,962.0,2356.0,2201.0,2804.0,3759.0,1188.0,1402.0,4.0,5.0,2.0
1541.0,2722.0,961.0,2354.0,2197.0,2802.0,3755.0,1188.0,1401.0,4.0,5.0,2.0
1540.0,2719.0,961.0,2352.0,2195.0,2800.0,3753.0,1187.0,1400.0,4.0,5.0,2.0
1542.0,2722.0,961.0,2355.0,2199.0,2803.0,3757.0,1188.0,1401.0,4.0,5.0,2.0
1542.0,2723.0,961.0,2354.0,2198.0,2803.0,3757.0,1187.0,1401.0,4.0,5.0,2.0
1539.0,2718.0,960.0,2350.0,2193.0,2801.0,3752.0,1187.0,1400.0,4.0,5.0,2.0
1541.0,2720.0,960.0,2353.0,2197.0,2803.0,3755.0,1186.0,1400.0,4.0,5.0,2.0
1543.0,2722.0,960.0,2354.0,2200.0,2804.0,3755.0,1188.0,1401.0,4.0,5.0,2.0
1541.0,2719.0,959.0,2351.0,2196.0,2802.0,3752.0,1188.0,1400.0,4.0,5.0,2.0
1542.0,2718.0,960.0,2352.0,2187.0,2803.0,3754.0,1190.0,1430.0,4.0,5.0,2.0
1547.0,2725.0,963.0,2358.0,2192.0,2807.0,3759.0,1192.0,1432.0,4.0,5.0,2.0
1546.0,2725.0,964.0,2357.0,2191.0,2807.0,3759.0,1193.0,1431.0,4.0,5.0,2.0
1547.0,2724.0,966.0,2358.0,2191.0,2809.0,3761.0,1193.0,1432.0,4.0,5.0,2.0
1552.0,2731.0,969.0,2363.0,2197.0,2813.0,3767.0,1196.0,1435.0,4.0,5.0,2.0
1551.0,2733.0,970.0,2364.0,2209.0,2813.0,3768.0,1196.0,1409.0,4.0,5.0,2.0
1549.0,2730.0,969.0,2360.0,2206.0,2811.0,3766.0,1195.0,1407.0,4.0,5.0,2.0
1551.0,2732.0,970.0,2363.0,2209.0,2813.0,3767.0,1196.0,1407.0,4.0,5.0,2.0
1552.0,2735.0,970.0,2364.0,2212.0,2814.0,3767.0,1196.0,1407.0,4.0,5.0,2.0
1548.0,2731.0,970.0,2360.0,2208.0,2812.0,3763.0,1197.0,1408.0,4.0,5.0,2.0
1549.0,2731.0,971.0,2361.0,2208.0,2813.0,3763.0,1197.0,1408.0,4.0,5.0,2.0
1551.0,2735.0,970.0,2364.0,2212.0,2815.0,3766.0,1199.0,1410.0,4.0,5.0,2.0
1550.0,2734.0,970.0,2363.0,2210.0,2813.0,3766.0,1199.0,1410.0,4.0,5.0,2.0
1548.0,2731.0,969.0,2360.0,2206.0,2811.0,3766.0,1200.0,1410.0,4.0,5.0,2.0
1551.0,2735.0,970.0,2364.0,2211.0,2815.0,3770.0,1200.0,1411.0,4.0,5.0,2.0
1550.0,2736.0,969.0,2363.0,2210.0,2814.0,3769.0,1200.0,1411.0,4.0,5.0,2.0
1548.0,2732.0,970.0,2361.0,2206.0,2812.0,3766.0,1200.0,1409.0,4.0,5.0,2.0
1549.0,2732.0,967.0,2360.0,2206.0,2811.0,3763.0,1198.0,1408.0,4.0,5.0,2.0
1549.0,2734.0,966.0,2361.0,2207.0,2811.0,3763.0,1198.0,1408.0,4.0,5.0,2.0
1506.0,2738.0,972.0,2216.0,2252.0,2812.0,3771.0,1197.0,1236.0,5.0,5.0,2.0
1500.0,2731.0,967.0,2211.0,2251.0,2807.0,3766.0,1195.0,1232.0,5.0,5.0,2.0
1499.0,2731.0,966.0,2212.0,2256.0,2807.0,3764.0,1193.0,1229.0,5.0,5.0,2.0
1498.0,2731.0,964.0,2211.0,2259.0,2806.0,3762.0,1191.0,1226.0,5.0,5.0,2.0
1492.0,2726.0,961.0,2205.0,2252.0,2801.0,3758.0,1188.0,1223.0,5.0,5.0,2.0
1493.0,2725.0,960.0,2205.0,2252.0,2801.0,3756.0,1186.0,1222.0,5.0,5.0,2.0
1495.0,2728.0,960.0,2207.0,2254.0,2801.0,3756.0,1185.0,1220.0,5.0,5.0,2.0
1492.0,2724.0,958.0,2203.0,2249.0,2798.0,3754.0,1184.0,1218.0,5.0,5.0,2.0
1490.0,2722.0,959.0,2201.0,2248.0,2797.0,3752.0,1184.0,1217.0,5.0,5.0,2.0
1491.0,2724.0,959.0,2204.0,2254.0,2799.0,3756.0,1186.0,1217.0,5.0,5.0,2.0
1489.0,2724.0,959.0,2203.0,2254.0,2799.0,3758.0,1187.0,1217.0,5.0,5.0,2.0
1489.0,2721.0,960.0,2202.0,2241.0,2799.0,3757.0,1188.0,1245.0,5.0,5.0,2.0
1494.0,2725.0,962.0,2206.0,2244.0,2802.0,3762.0,1190.0,1246.0,5.0,5.0,2.0
1496.0,2730.0,963.0,2210.0,2245.0,2806.0,3767.0,1193.0,1248.0,5.0,5.0,2.0
1495.0,2729.0,964.0,2208.0,2242.0,2806.0,3767.0,1194.0,1249.0,5.0,5.0,2.0
1497.0,2730.0,965.0,2209.0,2242.0,2806.0,3768.0,1195.0,1250.0,5.0,5.0,2.0
1499.0,2735.0,965.0,2212.0,2256.0,2808.0,3771.0,1195.0,1223.0,5.0,5.0,2.0
1498.0,2732.0,964.0,2210.0,2254.0,2806.0,3770.0,1194.0,1222.0,5.0,5.0,2.0
1495.0,2728.0,963.0,2208.0,2253.0,2804.0,3767.0,1192.0,1221.0,5.0,5.0,2.0
1496.0,2730.0,963.0,2210.0,2256.0,2805.0,3768.0,1190.0,1220.0,5.0,5.0,2.0
1496.0,2730.0,963.0,2210.0,2257.0,2805.0,3768.0,1190.0,1220.0,5.0,5.0,2.0
1495.0,2727.0,963.0,2207.0,2256.0,2803.0,3765.0,1189.0,1218.0,5.0,5.0,2.0
1497.0,2730.0,964.0,2208.0,2256.0,2804.0,3765.0,1191.0,1218.0,5.0,5.0,2.0
1498.0,2733.0,965.0,2211.0,2259.0,2806.0,3770.0,1193.0,1220.0,5.0,5.0,2.0
1497.0,2731.0,966.0,2209.0,2257.0,2804.0,3768.0,1194.0,1220.0,5.0,5.0,2.0
1498.0,2729.0,966.0,2209.0,2257.0,2803.0,3768.0,1194.0,1219.0,5.0,5.0,2.0
1500.0,2733.0,966.0,2213.0,2258.0,2805.0,3772.0,1196.0,1220.0,5.0,5.0,2.0
1500.0,2731.0,966.0,2211.0,2258.0,2805.0,3771.0,1195.0,1221.0,5.0,5.0,2.0
1496.0,2727.0,962.0,2205.0,2253.0,2801.0,3764.0,1192.0,1218.0,5.0,5.0,2.0
1496.0,2726.0,960.0,2204.0,2251.0,2801.0,3762.0,1191.0,1217.0,5.0,5.0,2.0
1496.0,2726.0,959.0,2202.0,2247.0,2800.0,3760.0,1189.0,1216.0,5.0,5.0,2.0
1492.0,2719.0,956.0,2197.0,2242.0,2796.0,3753.0,1185.0,1212.0,5.0,5.0,2.0
1490.0,2717.0,954.0,2195.0,2243.0,2794.0,3751.0,1183.0,1209.0,5.0,5.0,2.0
1490.0,2720.0,954.0,2196.0,2246.0,2796.0,3753.0,1183.0,1210.0,5.0,5.0,2.0
1488.0,2718.0,953.0,2194.0,2246.0,2795.0,3750.0,1183.0,1209.0,5.0,5.0,2.0
1487.0,2716.0,953.0,2193.0,2246.0,2794.0,3748.0,1183.0,1209.0,5.0,5.0,2.0
1490.0,2719.0,954.0,2197.0,2247.0,2796.0,3751.0,1185.0,1212.0,5.0,5.0,2.0
1491.0,2719.0,954.0,2196.0,2247.0,2796.0,3749.0,1186.0,1213.0,5.0,5.0,2.0
1490.0,2715.0,954.0,2194.0,2243.0,2794.0,3748.0,1186.0,1212.0,5.0,5.0,2.0
1491.0,2718.0,954.0,2196.0,2248.0,2796.0,3750.0,1187.0,1213.0,5.0,5.0,2.0
1493.0,2720.0,954.0,2197.0,2250.0,2797.0,3754.0,1188.0,1214.0,5.0,5.0,2.0
1490.0,2716.0,953.0,2194.0,2248.0,2795.0,3751.0,1186.0,1212.0,5.0,5.0,2.0
1250.0,2596.0,995.0,1891.0,2266.0,2840.0,3743.0,1221.0,1265.0,6.0,5.0,2.0
1245.0,2592.0,988.0,1886.0,2262.0,2835.0,3746.0,1215.0,1256.0,6.0,5.0,2.0
1233.0,2575.0,976.0,1872.0,2246.0,2818.0,3724.0,1203.0,1242.0,6.0,5.0,2.0
1223.0,2558.0,963.0,1857.0,2231.0,2800.0,3699.0,1190.0,1227.0,6.0,5.0,2.0
1223.0,2559.0,963.0,1858.0,2234.0,2801.0,3693.0,1190.0,1224.0,6.0,5.0,2.0
1221.0,2558.0,961.0,1856.0,2234.0,2799.0,3683.0,1189.0,1222.0,6.0,5.0,2.0
1219.0,2554.0,959.0,1854.0,2233.0,2797.0,3677.0,1188.0,1221.0,6.0,5.0,2.0
1220.0,2557.0,961.0,1856.0,2235.0,2799.0,3683.0,1188.0,1219.0,6.0,5.0,2.0
1218.0,2556.0,960.0,1853.0,2232.0,2797.0,3689.0,1186.0,1217.0,6.0,5.0,2.0
1215.0,2551.0,957.0,1849.0,2224.0,2794.0,3692.0,1185.0,1215.0,6.0,5.0,2.0
1216.0,2552.0,956.0,1849.0,2223.0,2795.0,3698.0,1185.0,1215.0,6.0,5.0,2.0
1217.0,2554.0,958.0,1852.0,2225.0,2796.0,3701.0,1186.0,1216.0,6.0,5.0,2.0
1216.0,2551.0,956.0,1851.0,2224.0,2794.0,3695.0,1186.0,1215.0,6.0,5.0,2.0
1216.0,2551.0,956.0,1851.0,2227.0,2794.0,3689.0,1186.0,1216.0,6.0,5.0,2.0
1219.0,2554.0,955.0,1851.0,2233.0,2796.0,3686.0,1186.0,1215.0,6.0,5.0,2.0
1217.0,2551.0,955.0,1851.0,2221.0,2795.0,3684.0,1186.0,1243.0,6.0,5.0,2.0
1217.0,2550.0,956.0,1851.0,2219.0,2795.0,3689.0,1188.0,1242.0,6.0,5.0,2.0
1220.0,2555.0,960.0,1855.0,2222.0,2798.0,3697.0,1190.0,1244.0,6.0,5.0,2.0
1223.0,2558.0,962.0,1857.0,2223.0,2800.0,3704.0,1191.0,1245.0,6.0,5.0,2.0
1224.0,2557.0,964.0,1858.0,2221.0,2800.0,3704.0,1193.0,1247.0,6.0,5.0,2.0
1224.0,2560.0,965.0,1859.0,2236.0,2803.0,3703.0,1195.0,1220.0,6.0,5.0,2.0
1225.0,2563.0,965.0,1859.0,2241.0,2804.0,3698.0,1195.0,1221.0,6.0,5.0,2.0
1223.0,2560.0,963.0,1857.0,2238.0,2801.0,3692.0,1193.0,1219.0,6.0,5.0,2.0
1222.0,2558.0,963.0,1855.0,2237.0,2801.0,3690.0,1192.0,1218.0,6.0,5.0,2.0
1223.0,2562.0,964.0,1857.0,2240.0,2803.0,3695.0,1193.0,1218.0,6.0,5.0,2.0
1222.0,2560.0,964.0,1856.0,2236.0,2802.0,3697.0,1191.0,1218.0,6.0,5.0,2.0
1222.0,2557.0,964.0,1855.0,2232.0,2800.0,3699.0,1191.0,1216.0,6.0,5.0,2.0
1223.0,2560.0,964.0,1857.0,2235.0,2803.0,3702.0,1193.0,1218.0,6.0,5.0,2.0
1224.0,2561.0,964.0,1858.0,2239.0,2804.0,3699.0,1194.0,1219.0,6.0,5.0,2.0
1222.0,2557.0,961.0,1855.0,2237.0,2801.0,3692.0,1194.0,1218.0,6.0,5.0,2.0
1223.0,2557.0,962.0,1856.0,2240.0,2802.0,3690.0,1194.0,1218.0,6.0,5.0,2.0
1224.0,2560.0,962.0,1857.0,2243.0,2804.0,3692.0,1194.0,1219.0,6.0,5.0,2.0
1220.0,2556.0,960.0,1852.0,2236.0,2800.0,3689.0,1190.0,1216.0,6.0,5.0,2.0
1219.0,2553.0,959.0,1850.0,2230.0,2798.0,3689.0,1189.0,1214.0,6.0,5.0,2.0
1220.0,2554.0,959.0,1851.0,2231.0,2799.0,3694.0,1188.0,1213.0,6.0,5.0,2.0
1217.0,2552.0,957.0,1848.0,2228.0,2797.0,3691.0,1187.0,1213.0,6.0,5.0,2.0
1213.0,2548.0,955.0,1846.0,2224.0,2793.0,3687.0,1185.0,1210.0,6.0,5.0,2.0
1215.0,2550.0,957.0,1849.0,2231.0,2795.0,3687.0,1186.0,1210.0,6.0,5.0,2.0
1216.0,2552.0,957.0,1850.0,2233.0,2795.0,3687.0,1186.0,1211.0,6.0,5.0,2.0
1214.0,2549.0,956.0,1847.0,2228.0,2793.0,3684.0,1186.0,1210.0,6.0,5.0,2.0
1227.0,2386.0,972.0,1857.0,2220.0,2808.0,3609.0,1199.0,1239.0,7.0,5.0,2.0
1226.0,2387.0,970.0,1857.0,2220.0,2807.0,3608.0,1198.0,1236.0,7.0,5.0,2.0
1225.0,2387.0,968.0,1856.0,2219.0,2806.0,3608.0,1196.0,1231.0,7.0,5.0,2.0
1221.0,2384.0,964.0,1851.0,2216.0,2803.0,3602.0,1194.0,1228.0,7.0,5.0,2.0
1221.0,2383.0,963.0,1850.0,2215.0,2803.0,3600.0,1193.0,1226.0,7.0,5.0,2.0
1221.0,2385.0,964.0,1852.0,2217.0,2805.0,3601.0,1194.0,1226.0,7.0,5.0,2.0
1220.0,2382.0,961.0,1851.0,2215.0,2803.0,3601.0,1194.0,1225.0,7.0,5.0,2.0
1219.0,2380.0,960.0,1850.0,2214.0,2803.0,3599.0,1194.0,1224.0,7.0,5.0,2.0
1221.0,2384.0,962.0,1851.0,2217.0,2805.0,3602.0,1194.0,1224.0,7.0,5.0,2.0
1220.0,2387.0,962.0,1851.0,2217.0,2805.0,3604.0,1193.0,1223.0,7.0,5.0,2.0
1218.0,2385.0,960.0,1849.0,2214.0,2802.0,3602.0,1192.0,1221.0,7.0,5.0,2.0
1219.0,2385.0,961.0,1850.0,2217.0,2803.0,3602.0,1192.0,1221.0,7.0,5.0,2.0
1221.0,2385.0,962.0,1853.0,2208.0,2805.0,3606.0,1195.0,1251.0,7.0,5.0,2.0
1219.0,2382.0,961.0,1852.0,2206.0,2802.0,3604.0,1195.0,1251.0,7.0,5.0,2.0
1221.0,2384.0,963.0,1853.0,2207.0,2804.0,3603.0,1196.0,1252.0,7.0,5.0,2.0
1223.0,2389.0,965.0,1856.0,2211.0,2806.0,3608.0,1198.0,1253.0,7.0,5.0,2.0
1223.0,2390.0,965.0,1855.0,2210.0,2806.0,3609.0,1198.0,1253.0,7.0,5.0,2.0
1222.0,2387.0,964.0,1853.0,2218.0,2804.0,3606.0,1197.0,1223.0,7.0,5.0,2.0
1222.0,2388.0,965.0,1853.0,2220.0,2805.0,3606.0,1196.0,1222.0,7.0,5.0,2.0
1222.0,2386.0,964.0,1854.0,2220.0,2804.0,3608.0,1195.0,1221.0,7.0,5.0,2.0
1221.0,2380.0,963.0,1851.0,2215.0,2802.0,3603.0,1194.0,1220.0,7.0,5.0,2.0
1222.0,2374.0,964.0,1852.0,2213.0,2803.0,3604.0,1194.0,1220.0,7.0,5.0,2.0
1223.0,2372.0,965.0,1854.0,2212.0,2805.0,3606.0,1195.0,1221.0,7.0,5.0,2.0
1221.0,2368.0,964.0,1852.0,2207.0,2804.0,3607.0,1194.0,1221.0,7.0,5.0,2.0
1221.0,2365.0,964.0,1852.0,2206.0,2804.0,3607.0,1196.0,1221.0,7.0,5.0,2.0
1223.0,2367.0,964.0,1854.0,2209.0,2806.0,3611.0,1197.0,1221.0,7.0,5.0,2.0
1221.0,2366.0,963.0,1851.0,2207.0,2802.0,3610.0,1195.0,1219.0,7.0,5.0,2.0
1219.0,2364.0,961.0,1847.0,2204.0,2799.0,3606.0,1193.0,1217.0,7.0,5.0,2.0
1219.0,2366.0,962.0,1849.0,2207.0,2799.0,3605.0,1193.0,1218.0,7.0,5.0,2.0
1217.0,2365.0,960.0,1845.0,2203.0,2796.0,3601.0,1189.0,1215.0,7.0,5.0,2.0
1214.0,2360.0,957.0,1841.0,2197.0,2791.0,3594.0,1186.0,1212.0,7.0,5.0,2.0
1213.0,2359.0,956.0,1841.0,2198.0,2792.0,3593.0,1185.0,1211.0,7.0,5.0,2.0
1214.0,2363.0,956.0,1842.0,2201.0,2793.0,3595.0,1186.0,1211.0,7.0,5.0,2.0
1212.0,2363.0,953.0,1839.0,2200.0,2790.0,3592.0,1184.0,1209.0,7.0,5.0,2.0
1213.0,2364.0,952.0,1839.0,2201.0,2791.0,3590.0,1184.0,1209.0,7.0,5.0,2.0
1213.0,2365.0,953.0,1841.0,2203.0,2792.0,3594.0,1185.0,1209.0,7.0,5.0,2.0
1213.0,2360.0,953.0,1839.0,2199.0,2789.0,3593.0,1184.0,1208.0,7.0,5.0,2.0
1210.0,2354.0,951.0,1836.0,2194.0,2786.0,3588.0,1182.0,1207.0,7.0,5.0,2.0
1211.0,2354.0,952.0,1837.0,2195.0,2788.0,3590.0,1184.0,1208.0,7.0,5.0,2.0
1211.0,2355.0,953.0,1838.0,2196.0,2788.0,3590.0,1184.0,1208.0,7.0,5.0,2.0
1210.0,2354.0,952.0,1834.0,2194.0,2787.0,3588.0,1182.0,1207.0,7.0,5.0,2.0
1232.0,2218.0,978.0,1860.0,2114.0,2811.0,3474.0,1203.0,1244.0,8.0,5.0,2.0
1228.0,2213.0,973.0,1856.0,2109.0,2807.0,3469.0,1197.0,1235.0,8.0,5.0,2.0
1227.0,2214.0,971.0,1858.0,2110.0,2808.0,3470.0,1197.0,1232.0,8.0,5.0,2.0
1225.0,2212.0,969.0,1856.0,2109.0,2806.0,3467.0,1196.0,1228.0,8.0,5.0,2.0
1222.0,2208.0,965.0,1850.0,2104.0,2802.0,3461.0,1193.0,1224.0,8.0,5.0,2.0
1221.0,2208.0,964.0,1850.0,2105.0,2802.0,3462.0,1192.0,1223.0,8.0,5.0,2.0
1221.0,2209.0,963.0,1851.0,2105.0,2802.0,3463.0,1193.0,1222.0,8.0,5.0,2.0
1220.0,2207.0,962.0,1848.0,2102.0,2800.0,3463.0,1191.0,1220.0,8.0,5.0,2.0
1219.0,2206.0,961.0,1847.0,2101.0,2799.0,3463.0,1190.0,1218.0,8.0,5.0,2.0
1219.0,2207.0,962.0,1849.0,2103.0,2801.0,3464.0,1191.0,1217.0,8.0,5.0,2.0
1218.0,2205.0,960.0,1848.0,2101.0,2800.0,3461.0,1191.0,1217.0,8.0,5.0,2.0
1217.0,2202.0,958.0,1845.0,2098.0,2797.0,3457.0,1189.0,1216.0,8.0,5.0,2.0
1218.0,2203.0,958.0,1848.0,2089.0,2799.0,3458.0,1191.0,1245.0,8.0,5.0,2.0
1219.0,2205.0,960.0,1849.0,2091.0,2800.0,3460.0,1192.0,1245.0,8.0,5.0,2.0
1221.0,2206.0,961.0,1849.0,2090.0,2799.0,3462.0,1192.0,1245.0,8.0,5.0,2.0
1223.0,2208.0,963.0,1851.0,2093.0,2803.0,3465.0,1193.0,1247.0,8.0,5.0,2.0
1225.0,2210.0,964.0,1853.0,2096.0,2805.0,3468.0,1195.0,1247.0,8.0,5.0,2.0
1223.0,2210.0,964.0,1851.0,2105.0,2804.0,3467.0,1194.0,1219.0,8.0,5.0,2.0
1223.0,2209.0,963.0,1851.0,2105.0,2804.0,3466.0,1195.0,1220.0,8.0,5.0,2.0
1224.0,2211.0,963.0,1852.0,2107.0,2806.0,3468.0,1196.0,1221.0,8.0,5.0,2.0
1222.0,2210.0,963.0,1851.0,2104.0,2804.0,3464.0,1194.0,1219.0,8.0,5.0,2.0
1221.0,2208.0,963.0,1850.0,2104.0,2802.0,3461.0,1195.0,1220.0,8.0,5.0,2.0
1223.0,2210.0,965.0,1853.0,2106.0,2804.0,3464.0,1196.0,1220.0,8.0,5.0,2.0
1223.0,2211.0,965.0,1853.0,2105.0,2804.0,3466.0,1196.0,1219.0,8.0,5.0,2.0
1221.0,2208.0,964.0,1851.0,2104.0,2801.0,3462.0,1195.0,1218.0,8.0,5.0,2.0
1222.0,2210.0,965.0,1853.0,2106.0,2803.0,3463.0,1196.0,1220.0,8.0,5.0,2.0
1224.0,2212.0,966.0,1855.0,2109.0,2806.0,3466.0,1197.0,1220.0,8.0,5.0,2.0
1223.0,2211.0,964.0,1852.0,2107.0,2804.0,3463.0,1196.0,1219.0,8.0,5.0,2.0
1222.0,2210.0,965.0,1852.0,2107.0,2804.0,3462.0,1195.0,1219.0,8.0,5.0,2.0
1223.0,2211.0,965.0,1853.0,2107.0,2805.0,3463.0,1196.0,1218.0,8.0,5.0,2.0
1220.0,2207.0,961.0,1849.0,2104.0,2802.0,3460.0,1194.0,1217.0,8.0,5.0,2.0
1217.0,2202.0,958.0,1845.0,2099.0,2797.0,3454.0,1191.0,1214.0,8.0,5.0,2.0
1218.0,2202.0,958.0,1845.0,2100.0,2798.0,3454.0,1190.0,1215.0,8.0,5.0,2.0
1217.0,2202.0,956.0,1844.0,2099.0,2797.0,3453.0,1188.0,1213.0,8.0,5.0,2.0
1216.0,2199.0,954.0,1841.0,2097.0,2795.0,3451.0,1188.0,1212.0,8.0,5.0,2.0
1216.0,2199.0,955.0,1842.0,2097.0,2795.0,3450.0,1186.0,1211.0,8.0,5.0,2.0
1217.0,2202.0,957.0,1842.0,2098.0,2798.0,3453.0,1188.0,1212.0,8.0,5.0,2.0
1216.0,2201.0,956.0,1841.0,2096.0,2796.0,3452.0,1188.0,1211.0,8.0,5.0,2.0
1215.0,2201.0,955.0,1839.0,2095.0,2795.0,3452.0,1187.0,1210.0,8.0,5.0,2.0
1217.0,2203.0,957.0,1842.0,2098.0,2797.0,3456.0,1188.0,1212.0,8.0,5.0,2.0
1217.0,2204.0,957.0,1843.0,2098.0,2797.0,3458.0,1189.0,1212.0,8.0,5.0,2.0
1215.0,2202.0,957.0,1842.0,2096.0,2795.0,3457.0,1189.0,1211.0,8.0,5.0,2.0
1573.0,2572.0,1429.0,2343.0,1974.0,3258.0,3530.0,1523.0,1769.0,1.0,6.0,2.0
1569.0,2567.0,1423.0,2342.0,1971.0,3251.0,3524.0,1518.0,1763.0,1.0,6.0,2.0
1568.0,2568.0,1422.0,2349.0,1971.0,3252.0,3525.0,1517.0,1763.0,1.0,6.0,2.0
1569.0,2570.0,1422.0,2351.0,1971.0,3255.0,3528.0,1519.0,1765.0,1.0,6.0,2.0
1573.0,2573.0,1426.0,2354.0,1975.0,3262.0,3532.0,1523.0,1768.0,1.0,6.0,2.0
1583.0,2585.0,1435.0,2363.0,1986.0,3274.0,3543.0,1531.0,1777.0,1.0,6.0,2.0
1590.0,2593.0,1441.0,2367.0,1990.0,3281.0,3551.0,1537.0,1783.0,1.0,6.0,2.0
1596.0,2597.0,1446.0,2369.0,1993.0,3284.0,3556.0,1541.0,1788.0,1.0,6.0,2.0
1603.0,2603.0,1449.0,2374.0,1997.0,3288.0,3561.0,1544.0,1796.0,1.0,6.0,2.0
1607.0,2606.0,1450.0,2376.0,1998.0,3288.0,3562.0,1544.0,1801.0,1.0,6.0,2.0
1604.0,2600.0,1446.0,2368.0,1991.0,3283.0,3555.0,1541.0,1801.0,1.0,6.0,2.0
1604.0,2599.0,1446.0,2366.0,1991.0,3283.0,3552.0,1540.0,1804.0,1.0,6.0,2.0
1608.0,2605.0,1450.0,2369.0,1994.0,3287.0,3556.0,1543.0,1810.0,1.0,6.0,2.0
1607.0,2606.0,1452.0,2367.0,1994.0,3289.0,3559.0,1544.0,1813.0,1.0,6.0,2.0
1606.0,2606.0,1453.0,2364.0,1993.0,3290.0,3560.0,1546.0,1815.0,1.0,6.0,2.0
1612.0,2616.0,1458.0,2374.0,2002.0,3299.0,3568.0,1551.0,1822.0,1.0,6.0,2.0
1614.0,2620.0,1460.0,2377.0,2002.0,3301.0,3572.0,1552.0,1824.0,1.0,6.0,2.0
1611.0,2617.0,1457.0,2373.0,1999.0,3298.0,3566.0,1549.0,1824.0,1.0,6.0,2.0
1612.0,2617.0,1456.0,2373.0,1999.0,3297.0,3563.0,1547.0,1823.0,1.0,6.0,2.0
1614.0,2618.0,1457.0,2374.0,2001.0,3297.0,3562.0,1546.0,1823.0,1.0,6.0,2.0
1606.0,2608.0,1451.0,2361.0,1992.0,3287.0,3552.0,1540.0,1816.0,1.0,6.0,2.0
1604.0,2604.0,1449.0,2354.0,1991.0,3283.0,3547.0,1538.0,1815.0,1.0,6.0,2.0
1606.0,2605.0,1450.0,2355.0,1993.0,3285.0,3551.0,1538.0,1814.0,1.0,6.0,2.0
1601.0,2599.0,1447.0,2349.0,1987.0,3279.0,3548.0,1536.0,1810.0,1.0,6.0,2.0
1596.0,2591.0,1442.0,2343.0,1980.0,3272.0,3544.0,1532.0,1805.0,1.0,6.0,2.0
1599.0,2593.0,1442.0,2348.0,1982.0,3273.0,3546.0,1531.0,1806.0,1.0,6.0,2.0
1598.0,2591.0,1440.0,2349.0,1981.0,3273.0,3546.0,1529.0,1805.0,1.0,6.0,2.0
1592.0,2582.0,1435.0,2340.0,1974.0,3265.0,3536.0,1524.0,1799.0,1.0,6.0,2.0
1593.0,2581.0,1434.0,2340.0,1975.0,3265.0,3535.0,1523.0,1798.0,1.0,6.0,2.0
1595.0,2583.0,1435.0,2340.0,1977.0,3267.0,3534.0,1523.0,1799.0,1.0,6.0,2.0
1590.0,2579.0,1433.0,2335.0,1973.0,3263.0,3530.0,1522.0,1797.0,1.0,6.0,2.0
1590.0,2577.0,1433.0,2334.0,1973.0,3262.0,3529.0,1522.0,1797.0,1.0,6.0,2.0
1594.0,2583.0,1435.0,2342.0,1978.0,3266.0,3534.0,1525.0,1800.0,1.0,6.0,2.0
1592.0,2581.0,1434.0,2340.0,1977.0,3265.0,3534.0,1524.0,1798.0,1.0,6.0,2.0
1591.0,2579.0,1434.0,2339.0,1976.0,3264.0,3533.0,1525.0,1798.0,1.0,6.0,2.0
1599.0,2587.0,1438.0,2347.0,1983.0,3272.0,3543.0,1530.0,1802.0,1.0,6.0,2.0
1603.0,2591.0,1442.0,2351.0,1976.0,3277.0,3548.0,1536.0,1832.0,1.0,6.0,2.0
1604.0,2591.0,1444.0,2349.0,1976.0,3280.0,3551.0,1539.0,1834.0,1.0,6.0,2.0
1610.0,2599.0,1450.0,2357.0,1983.0,3287.0,3557.0,1546.0,1841.0,1.0,6.0,2.0
1616.0,2605.0,1454.0,2365.0,1989.0,3294.0,3566.0,1549.0,1844.0,1.0,6.0,2.0
1614.0,2604.0,1454.0,2363.0,1987.0,3293.0,3564.0,1550.0,1843.0,1.0,6.0,2.0
1612.0,2605.0,1454.0,2363.0,1999.0,3293.0,3564.0,1549.0,1816.0,1.0,6.0,2.0
1618.0,2611.0,1458.0,2370.0,2003.0,3299.0,3571.0,1552.0,1819.0,1.0,6.0,2.0
1617.0,2611.0,1460.0,2366.0,2002.0,3299.0,3571.0,1552.0,1817.0,1.0,6.0,2.0
1615.0,2608.0,1460.0,2360.0,1999.0,3297.0,3568.0,1550.0,1814.0,1.0,6.0,2.0
1619.0,2611.0,1462.0,2361.0,2002.0,3299.0,3569.0,1550.0,1816.0,1.0,6.0,2.0
1619.0,2610.0,1462.0,2359.0,2002.0,3298.0,3569.0,1550.0,1815.0,1.0,6.0,2.0
1567.0,2674.0,1383.0,2473.0,1992.0,3196.0,3584.0,1286.0,1778.0,2.0,6.0,2.0
1569.0,2677.0,1383.0,2481.0,1989.0,3202.0,3590.0,1291.0,1777.0,2.0,6.0,2.0
1568.0,2679.0,1385.0,2478.0,1988.0,3204.0,3594.0,1293.0,1775.0,2.0,6.0,2.0
1572.0,2690.0,1390.0,2478.0,1998.0,3209.0,3600.0,1295.0,1777.0,2.0,6.0,2.0
1573.0,2699.0,1393.0,2474.0,2006.0,3210.0,3600.0,1294.0,1777.0,2.0,6.0,2.0
1566.0,2695.0,1390.0,2461.0,2003.0,3203.0,3594.0,1290.0,1771.0,2.0,6.0,2.0
1563.0,2693.0,1387.0,2456.0,2002.0,3200.0,3590.0,1288.0,1767.0,2.0,6.0,2.0
1564.0,2693.0,1384.0,2460.0,2002.0,3199.0,3589.0,1287.0,1766.0,2.0,6.0,2.0
1559.0,2686.0,1377.0,2459.0,1994.0,3195.0,3586.0,1284.0,1761.0,2.0,6.0,2.0
1556.0,2678.0,1371.0,2457.0,1986.0,3191.0,3581.0,1282.0,1756.0,2.0,6.0,2.0
1559.0,2681.0,1370.0,2464.0,1989.0,3194.0,3584.0,1282.0,1757.0,2.0,6.0,2.0
1560.0,2683.0,1371.0,2463.0,1989.0,3194.0,3584.0,1282.0,1757.0,2.0,6.0,2.0
1556.0,2681.0,1370.0,2454.0,1986.0,3191.0,3581.0,1282.0,1754.0,2.0,6.0,2.0
1558.0,2685.0,1373.0,2453.0,1992.0,3192.0,3582.0,1282.0,1755.0,2.0,6.0,2.0
1559.0,2690.0,1374.0,2454.0,1998.0,3193.0,3584.0,1282.0,1755.0,2.0,6.0,2.0
1557.0,2688.0,1374.0,2448.0,1996.0,3189.0,3582.0,1281.0,1753.0,2.0,6.0,2.0
1557.0,2686.0,1372.0,2448.0,1997.0,3189.0,3580.0,1279.0,1751.0,2.0,6.0,2.0
1560.0,2690.0,1373.0,2455.0,2001.0,3192.0,3583.0,1279.0,1751.0,2.0,6.0,2.0
1559.0,2686.0,1372.0,2454.0,1999.0,3190.0,3580.0,1279.0,1749.0,2.0,6.0,2.0
1556.0,2682.0,1370.0,2450.0,1997.0,3188.0,3577.0,1278.0,1747.0,2.0,6.0,2.0
1559.0,2686.0,1371.0,2453.0,2002.0,3190.0,3580.0,1279.0,1748.0,2.0,6.0,2.0
1559.0,2688.0,1373.0,2452.0,1994.0,3192.0,3582.0,1282.0,1776.0,2.0,6.0,2.0
1557.0,2685.0,1373.0,2446.0,1992.0,3190.0,3581.0,1283.0,1775.0,2.0,6.0,2.0
1558.0,2690.0,1376.0,2449.0,1995.0,3193.0,3585.0,1285.0,1777.0,2.0,6.0,2.0
1562.0,2695.0,1378.0,2455.0,1997.0,3197.0,3590.0,1286.0,1779.0,2.0,6.0,2.0
1559.0,2692.0,1377.0,2455.0,1994.0,3196.0,3588.0,1285.0,1778.0,2.0,6.0,2.0
1559.0,2691.0,1377.0,2456.0,2003.0,3195.0,3588.0,1284.0,1750.0,2.0,6.0,2.0
1562.0,2696.0,1380.0,2460.0,2006.0,3198.0,3589.0,1284.0,1750.0,2.0,6.0,2.0
1561.0,2694.0,1379.0,2456.0,2006.0,3196.0,3588.0,1283.0,1748.0,2.0,6.0,2.0
1559.0,2693.0,1379.0,2450.0,2007.0,3193.0,3585.0,1281.0,1746.0,2.0,6.0,2.0
1561.0,2697.0,1381.0,2452.0,2011.0,3195.0,3588.0,1281.0,1747.0,2.0,6.0,2.0
1561.0,2698.0,1381.0,2452.0,2012.0,3195.0,3589.0,1281.0,1747.0,2.0,6.0,2.0
1558.0,2693.0,1379.0,2449.0,2009.0,3192.0,3586.0,1281.0,1745.0,2.0,6.0,2.0
1559.0,2694.0,1379.0,2452.0,2008.0,3194.0,3589.0,1282.0,1746.0,2.0,6.0,2.0
1562.0,2698.0,1379.0,2457.0,2009.0,3196.0,3593.0,1282.0,1747.0,2.0,6.0,2.0
1559.0,2694.0,1377.0,2453.0,2008.0,3192.0,3589.0,1282.0,1746.0,2.0,6.0,2.0
1559.0,2694.0,1378.0,2450.0,2009.0,3191.0,3588.0,1283.0,1746.0,2.0,6.0,2.0
1563.0,2699.0,1381.0,2453.0,2014.0,3193.0,3589.0,1284.0,1748.0,2.0,6.0,2.0
1560.0,2695.0,1379.0,2449.0,2013.0,3190.0,3582.0,1282.0,1746.0,2.0,6.0,2.0
1557.0,2689.0,1375.0,2444.0,2010.0,3186.0,3576.0,1280.0,1743.0,2.0,6.0,2.0
1559.0,2692.0,1375.0,2448.0,2011.0,3188.0,3578.0,1278.0,1743.0,2.0,6.0,2.0
1585.0,2756.0,1173.0,2553.0,2249.0,3011.0,3630.0,1222.0,1789.0,3.0,6.0,2.0
1597.0,2774.0,1182.0,2571.0,2264.0,3029.0,3649.0,1232.0,1799.0,3.0,6.0,2.0
1604.0,2785.0,1189.0,2582.0,2271.0,3044.0,3665.0,1241.0,1808.0,3.0,6.0,2.0
1603.0,2781.0,1188.0,2580.0,2271.0,3042.0,3663.0,1241.0,1805.0,3.0,6.0,2.0
1605.0,2784.0,1187.0,2583.0,2274.0,3043.0,3664.0,1241.0,1803.0,3.0,6.0,2.0
1603.0,2785.0,1186.0,2585.0,2273.0,3041.0,3664.0,1240.0,1800.0,3.0,6.0,2.0
1599.0,2779.0,1183.0,2579.0,2269.0,3038.0,3661.0,1239.0,1795.0,3.0,6.0,2.0
1600.0,2779.0,1183.0,2580.0,2270.0,3038.0,3660.0,1240.0,1793.0,3.0,6.0,2.0
1602.0,2784.0,1182.0,2581.0,2271.0,3039.0,3663.0,1239.0,1792.0,3.0,6.0,2.0
1598.0,2781.0,1181.0,2576.0,2269.0,3036.0,3659.0,1238.0,1789.0,3.0,6.0,2.0
1598.0,2778.0,1180.0,2573.0,2271.0,3034.0,3658.0,1238.0,1788.0,3.0,6.0,2.0
1601.0,2782.0,1181.0,2579.0,2271.0,3036.0,3659.0,1239.0,1790.0,3.0,6.0,2.0
1598.0,2779.0,1178.0,2575.0,2268.0,3035.0,3655.0,1236.0,1787.0,3.0,6.0,2.0
1593.0,2772.0,1175.0,2569.0,2265.0,3030.0,3650.0,1234.0,1783.0,3.0,6.0,2.0
1594.0,2772.0,1173.0,2571.0,2262.0,3030.0,3650.0,1232.0,1781.0,3.0,6.0,2.0
1592.0,2771.0,1170.0,2569.0,2258.0,3026.0,3648.0,1230.0,1779.0,3.0,6.0,2.0
1586.0,2765.0,1167.0,2560.0,2256.0,3021.0,3644.0,1227.0,1773.0,3.0,6.0,2.0
1587.0,2766.0,1168.0,2562.0,2257.0,3023.0,3646.0,1228.0,1773.0,3.0,6.0,2.0
1590.0,2771.0,1169.0,2566.0,2259.0,3025.0,3646.0,1228.0,1775.0,3.0,6.0,2.0
1587.0,2767.0,1169.0,2562.0,2260.0,3022.0,3646.0,1228.0,1773.0,3.0,6.0,2.0
1587.0,2766.0,1168.0,2562.0,2261.0,3022.0,3645.0,1229.0,1772.0,3.0,6.0,2.0
1591.0,2770.0,1170.0,2568.0,2261.0,3026.0,3648.0,1229.0,1773.0,3.0,6.0,2.0
1589.0,2768.0,1168.0,2565.0,2259.0,3024.0,3645.0,1228.0,1771.0,3.0,6.0,2.0
1585.0,2763.0,1166.0,2559.0,2259.0,3021.0,3642.0,1226.0,1768.0,3.0,6.0,2.0
1587.0,2767.0,1166.0,2562.0,2258.0,3023.0,3643.0,1227.0,1769.0,3.0,6.0,2.0
1588.0,2769.0,1167.0,2562.0,2257.0,3024.0,3644.0,1226.0,1770.0,3.0,6.0,2.0
1585.0,2764.0,1166.0,2556.0,2258.0,3023.0,3639.0,1226.0,1768.0,3.0,6.0,2.0
1587.0,2764.0,1166.0,2559.0,2260.0,3024.0,3641.0,1227.0,1769.0,3.0,6.0,2.0
1589.0,2767.0,1167.0,2563.0,2258.0,3026.0,3644.0,1227.0,1770.0,3.0,6.0,2.0
1587.0,2764.0,1167.0,2561.0,2260.0,3025.0,3642.0,1227.0,1768.0,3.0,6.0,2.0
1587.0,2763.0,1168.0,2562.0,2263.0,3026.0,3643.0,1228.0,1768.0,3.0,6.0,2.0
1592.0,2770.0,1171.0,2569.0,2265.0,3030.0,3648.0,1229.0,1771.0,3.0,6.0,2.0
1592.0,2771.0,1173.0,2569.0,2267.0,3031.0,3649.0,1231.0,1772.0,3.0,6.0,2.0
1592.0,2768.0,1173.0,2566.0,2269.0,3030.0,3648.0,1230.0,1771.0,3.0,6.0,2.0
1594.0,2771.0,1173.0,2568.0,2270.0,3031.0,3651.0,1231.0,1772.0,3.0,6.0,2.0
1594.0,2772.0,1173.0,2568.0,2270.0,3031.0,3651.0,1231.0,1772.0,3.0,6.0,2.0
1590.0,2765.0,1170.0,2563.0,2265.0,3027.0,3648.0,1229.0,1769.0,3.0,6.0,2.0
1591.0,2765.0,1169.0,2564.0,2265.0,3027.0,3648.0,1228.0,1767.0,3.0,6.0,2.0
1592.0,2769.0,1170.0,2567.0,2266.0,3029.0,3653.0,1229.0,1767.0,3.0,6.0,2.0
1588.0,2765.0,1169.0,2563.0,2263.0,3026.0,3649.0,1229.0,1765.0,3.0,6.0,2.0
1588.0,2764.0,1168.0,2561.0,2262.0,3026.0,3648.0,1228.0,1765.0,3.0,6.0,2.0
1592.0,2769.0,1169.0,2567.0,2266.0,3029.0,3652.0,1230.0,1767.0,3.0,6.0,2.0
1574.0,2756.0,989.0,2364.0,2250.0,2822.0,3625.0,1216.0,1468.0,4.0,6.0,2.0
1564.0,2747.0,981.0,2356.0,2241.0,2815.0,3619.0,1209.0,1455.0,4.0,6.0,2.0
1562.0,2746.0,976.0,2353.0,2241.0,2813.0,3617.0,1206.0,1447.0,4.0,6.0,2.0
1561.0,2747.0,974.0,2353.0,2242.0,2812.0,3617.0,1204.0,1442.0,4.0,6.0,2.0
1556.0,2743.0,972.0,2348.0,2240.0,2808.0,3612.0,1202.0,1437.0,4.0,6.0,2.0
1553.0,2741.0,969.0,2345.0,2239.0,2806.0,3609.0,1200.0,1433.0,4.0,6.0,2.0
1555.0,2745.0,968.0,2348.0,2243.0,2807.0,3610.0,1200.0,1433.0,4.0,6.0,2.0
1553.0,2743.0,967.0,2345.0,2241.0,2804.0,3609.0,1200.0,1431.0,4.0,6.0,2.0
1549.0,2739.0,965.0,2340.0,2238.0,2802.0,3603.0,1198.0,1428.0,4.0,6.0,2.0
1551.0,2741.0,965.0,2344.0,2240.0,2803.0,3605.0,1198.0,1427.0,4.0,6.0,2.0
1551.0,2743.0,966.0,2345.0,2240.0,2803.0,3605.0,1198.0,1426.0,4.0,6.0,2.0
1547.0,2737.0,964.0,2341.0,2236.0,2800.0,3601.0,1196.0,1423.0,4.0,6.0,2.0
1547.0,2738.0,964.0,2341.0,2236.0,2801.0,3599.0,1196.0,1423.0,4.0,6.0,2.0
1549.0,2741.0,964.0,2344.0,2240.0,2802.0,3601.0,1196.0,1423.0,4.0,6.0,2.0
1548.0,2739.0,965.0,2342.0,2238.0,2802.0,3601.0,1197.0,1422.0,4.0,6.0,2.0
1549.0,2737.0,965.0,2343.0,2238.0,2802.0,3601.0,1197.0,1422.0,4.0,6.0,2.0
1553.0,2742.0,967.0,2347.0,2244.0,2806.0,3607.0,1200.0,1424.0,4.0,6.0,2.0
1553.0,2742.0,968.0,2347.0,2243.0,2805.0,3608.0,1201.0,1424.0,4.0,6.0,2.0
1551.0,2738.0,968.0,2346.0,2240.0,2804.0,3608.0,1201.0,1423.0,4.0,6.0,2.0
1553.0,2740.0,968.0,2349.0,2244.0,2805.0,3608.0,1201.0,1424.0,4.0,6.0,2.0
1553.0,2741.0,968.0,2349.0,2244.0,2804.0,3609.0,1202.0,1424.0,4.0,6.0,2.0
1550.0,2737.0,967.0,2343.0,2238.0,2801.0,3605.0,1200.0,1421.0,4.0,6.0,2.0
1550.0,2738.0,967.0,2343.0,2239.0,2803.0,3607.0,1199.0,1420.0,4.0,6.0,2.0
1552.0,2741.0,967.0,2346.0,2243.0,2804.0,3610.0,1200.0,1420.0,4.0,6.0,2.0
1550.0,2738.0,966.0,2342.0,2239.0,2801.0,3607.0,1199.0,1418.0,4.0,6.0,2.0
1548.0,2735.0,965.0,2340.0,2237.0,2800.0,3605.0,1197.0,1417.0,4.0,6.0,2.0
1551.0,2738.0,965.0,2343.0,2241.0,2801.0,3610.0,1198.0,1416.0,4.0,6.0,2.0
1549.0,2737.0,964.0,2340.0,2238.0,2799.0,3608.0,1197.0,1415.0,4.0,6.0,2.0
1545.0,2732.0,963.0,2335.0,2234.0,2796.0,3603.0,1196.0,1413.0,4.0,6.0,2.0
1546.0,2734.0,962.0,2337.0,2237.0,2797.0,3604.0,1196.0,1414.0,4.0,6.0,2.0
1545.0,2734.0,960.0,2336.0,2223.0,2814.0,3603.0,1195.0,1411.0,4.0,6.0,2.0
1539.0,2727.0,957.0,2328.0,2216.0,2810.0,3596.0,1191.0,1408.0,4.0,6.0,2.0
1538.0,2726.0,955.0,2326.0,2214.0,2808.0,3594.0,1189.0,1406.0,4.0,6.0,2.0
1540.0,2728.0,954.0,2327.0,2216.0,2808.0,3594.0,1188.0,1405.0,4.0,6.0,2.0
1535.0,2723.0,953.0,2323.0,2210.0,2804.0,3589.0,1186.0,1403.0,4.0,6.0,2.0
1535.0,2722.0,952.0,2322.0,2221.0,2784.0,3587.0,1185.0,1402.0,4.0,6.0,2.0
1416.0,2758.0,990.0,2269.0,2256.0,2815.0,3622.0,1211.0,1264.0,5.0,6.0,2.0
1409.0,2753.0,981.0,2265.0,2253.0,2808.0,3618.0,1204.0,1251.0,5.0,6.0,2.0
1402.0,2746.0,975.0,2259.0,2246.0,2802.0,3611.0,1200.0,1243.0,5.0,6.0,2.0
1400.0,2743.0,971.0,2257.0,2246.0,2800.0,3607.0,1197.0,1238.0,5.0,6.0,2.0
1398.0,2744.0,967.0,2256.0,2247.0,2797.0,3603.0,1195.0,1233.0,5.0,6.0,2.0
1394.0,2740.0,965.0,2251.0,2246.0,2794.0,3600.0,1192.0,1228.0,5.0,6.0,2.0
1391.0,2737.0,964.0,2249.0,2244.0,2794.0,3597.0,1191.0,1226.0,5.0,6.0,2.0
1393.0,2739.0,964.0,2251.0,2247.0,2795.0,3597.0,1191.0,1225.0,5.0,6.0,2.0
1389.0,2736.0,960.0,2247.0,2243.0,2791.0,3592.0,1189.0,1221.0,5.0,6.0,2.0
1385.0,2729.0,957.0,2242.0,2237.0,2787.0,3588.0,1185.0,1217.0,5.0,6.0,2.0
1384.0,2729.0,955.0,2242.0,2237.0,2786.0,3587.0,1185.0,1215.0,5.0,6.0,2.0
1384.0,2730.0,954.0,2242.0,2237.0,2785.0,3586.0,1183.0,1213.0,5.0,6.0,2.0
1379.0,2725.0,951.0,2236.0,2231.0,2780.0,3582.0,1180.0,1209.0,5.0,6.0,2.0
1380.0,2725.0,951.0,2236.0,2232.0,2780.0,3581.0,1179.0,1208.0,5.0,6.0,2.0
1381.0,2729.0,952.0,2239.0,2236.0,2783.0,3582.0,1181.0,1210.0,5.0,6.0,2.0
1379.0,2725.0,952.0,2238.0,2234.0,2782.0,3582.0,1182.0,1210.0,5.0,6.0,2.0
1377.0,2722.0,950.0,2234.0,2230.0,2780.0,3579.0,1181.0,1209.0,5.0,6.0,2.0
1379.0,2725.0,951.0,2236.0,2233.0,2781.0,3580.0,1181.0,1209.0,5.0,6.0,2.0
1379.0,2725.0,950.0,2236.0,2231.0,2780.0,3580.0,1181.0,1209.0,5.0,6.0,2.0
1377.0,2721.0,949.0,2232.0,2227.0,2777.0,3579.0,1180.0,1208.0,5.0,6.0,2.0
1378.0,2723.0,949.0,2233.0,2229.0,2778.0,3579.0,1177.0,1207.0,5.0,6.0,2.0
1379.0,2724.0,949.0,2235.0,2232.0,2779.0,3581.0,1178.0,1207.0,5.0,6.0,2.0
1377.0,2721.0,948.0,2233.0,2228.0,2779.0,3580.0,1178.0,1207.0,5.0,6.0,2.0
1377.0,2720.0,948.0,2233.0,2229.0,2779.0,3582.0,1179.0,1207.0,5.0,6.0,2.0
1380.0,2722.0,949.0,2235.0,2233.0,2780.0,3583.0,1178.0,1205.0,5.0,6.0,2.0
1380.0,2723.0,951.0,2236.0,2233.0,2781.0,3584.0,1180.0,1206.0,5.0,6.0,2.0
1381.0,2722.0,952.0,2237.0,2233.0,2782.0,3585.0,1182.0,1208.0,5.0,6.0,2.0
1384.0,2728.0,955.0,2242.0,2239.0,2786.0,3592.0,1184.0,1210.0,5.0,6.0,2.0
1221.0,2703.0,969.0,1871.0,2250.0,2803.0,3606.0,1197.0,1234.0,6.0,6.0,2.0
1222.0,2708.0,969.0,1871.0,2241.0,2805.0,3608.0,1197.0,1261.0,6.0,6.0,2.0
1220.0,2704.0,967.0,1867.0,2237.0,2802.0,3607.0,1196.0,1258.0,6.0,6.0,2.0
1221.0,2700.0,967.0,1867.0,2238.0,2803.0,3605.0,1197.0,1257.0,6.0,6.0,2.0
1221.0,2692.0,966.0,1866.0,2240.0,2801.0,3604.0,1196.0,1254.0,6.0,6.0,2.0
1218.0,2680.0,963.0,1860.0,2239.0,2795.0,3597.0,1192.0,1251.0,6.0,6.0,2.0
1216.0,2675.0,962.0,1858.0,2250.0,2794.0,3595.0,1191.0,1220.0,6.0,6.0,2.0
1217.0,2677.0,962.0,1860.0,2251.0,2795.0,3595.0,1192.0,1221.0,6.0,6.0,2.0
1217.0,2682.0,961.0,1859.0,2252.0,2796.0,3597.0,1190.0,1220.0,6.0,6.0,2.0
1218.0,2690.0,962.0,1862.0,2254.0,2798.0,3598.0,1193.0,1222.0,6.0,6.0,2.0
1222.0,2700.0,965.0,1867.0,2253.0,2804.0,3606.0,1197.0,1226.0,6.0,6.0,2.0
1222.0,2701.0,966.0,1868.0,2253.0,2805.0,3608.0,1197.0,1224.0,6.0,6.0,2.0
1220.0,2695.0,966.0,1865.0,2252.0,2803.0,3607.0,1196.0,1223.0,6.0,6.0,2.0
1219.0,2686.0,965.0,1864.0,2251.0,2802.0,3606.0,1197.0,1223.0,6.0,6.0,2.0
1220.0,2684.0,965.0,1865.0,2252.0,2804.0,3609.0,1197.0,1223.0,6.0,6.0,2.0
1219.0,2683.0,966.0,1864.0,2253.0,2803.0,3607.0,1194.0,1221.0,6.0,6.0,2.0
1219.0,2682.0,964.0,1863.0,2254.0,2801.0,3605.0,1194.0,1220.0,6.0,6.0,2.0
1221.0,2686.0,964.0,1865.0,2254.0,2803.0,3605.0,1195.0,1221.0,6.0,6.0,2.0
1219.0,2688.0,962.0,1862.0,2252.0,2801.0,3601.0,1192.0,1218.0,6.0,6.0,2.0
1216.0,2683.0,961.0,1858.0,2248.0,2797.0,3594.0,1190.0,1215.0,6.0,6.0,2.0
1215.0,2678.0,959.0,1857.0,2245.0,2796.0,3593.0,1190.0,1215.0,6.0,6.0,2.0
1213.0,2674.0,957.0,1856.0,2242.0,2795.0,3591.0,1189.0,1214.0,6.0,6.0,2.0
1210.0,2667.0,955.0,1851.0,2239.0,2791.0,3587.0,1186.0,1210.0,6.0,6.0,2.0
1211.0,2666.0,955.0,1851.0,2240.0,2792.0,3588.0,1186.0,1211.0,6.0,6.0,2.0
1211.0,2673.0,955.0,1852.0,2242.0,2794.0,3592.0,1186.0,1212.0,6.0,6.0,2.0
1211.0,2677.0,955.0,1852.0,2242.0,2792.0,3591.0,1186.0,1211.0,6.0,6.0,2.0
1211.0,2679.0,955.0,1850.0,2242.0,2792.0,3590.0,1186.0,1212.0,6.0,6.0,2.0
1212.0,2681.0,956.0,1853.0,2243.0,2794.0,3592.0,1187.0,1212.0,6.0,6.0,2.0
1211.0,2679.0,956.0,1852.0,2243.0,2795.0,3592.0,1187.0,1212.0,6.0,6.0,2.0
1209.0,2672.0,957.0,1852.0,2240.0,2793.0,3590.0,1187.0,1211.0,6.0,6.0,2.0
1210.0,2671.0,958.0,1853.0,2241.0,2794.0,3590.0,1187.0,1211.0,6.0,6.0,2.0
1211.0,2674.0,959.0,1855.0,2241.0,2795.0,3592.0,1187.0,1211.0,6.0,6.0,2.0
1210.0,2673.0,958.0,1853.0,2241.0,2793.0,3592.0,1186.0,1211.0,6.0,6.0,2.0
1211.0,2673.0,958.0,1853.0,2241.0,2792.0,3591.0,1186.0,1210.0,6.0,6.0,2.0
1213.0,2677.0,959.0,1855.0,2244.0,2795.0,3591.0,1188.0,1212.0,6.0,6.0,2.0
1214.0,2677.0,960.0,1857.0,2246.0,2797.0,3593.0,1189.0,1213.0,6.0,6.0,2.0
1215.0,2672.0,960.0,1856.0,2248.0,2796.0,3593.0,1189.0,1213.0,6.0,6.0,2.0
1218.0,2672.0,962.0,1858.0,2250.0,2799.0,3595.0,1191.0,1215.0,6.0,6.0,2.0
1220.0,2675.0,964.0,1861.0,2253.0,2801.0,3601.0,1194.0,1217.0,6.0,6.0,2.0
1220.0,2676.0,964.0,1860.0,2252.0,2801.0,3604.0,1196.0,1218.0,6.0,6.0,2.0
1220.0,2679.0,964.0,1860.0,2252.0,2800.0,3604.0,1195.0,1217.0,6.0,6.0,2.0
1222.0,2686.0,966.0,1862.0,2253.0,2803.0,3606.0,1196.0,1218.0,6.0,6.0,2.0
1217.0,2414.0,970.0,1849.0,2250.0,2795.0,3525.0,1193.0,1239.0,7.0,6.0,2.0
1208.0,2400.0,957.0,1838.0,2238.0,2781.0,3509.0,1184.0,1225.0,7.0,6.0,2.0
1206.0,2397.0,954.0,1837.0,2228.0,2780.0,3505.0,1183.0,1247.0,7.0,6.0,2.0
1203.0,2395.0,950.0,1835.0,2224.0,2777.0,3501.0,1181.0,1242.0,7.0,6.0,2.0
1201.0,2392.0,949.0,1833.0,2222.0,2776.0,3498.0,1179.0,1239.0,7.0,6.0,2.0
1202.0,2395.0,950.0,1835.0,2224.0,2778.0,3502.0,1179.0,1238.0,7.0,6.0,2.0
1202.0,2397.0,951.0,1835.0,2227.0,2779.0,3504.0,1179.0,1236.0,7.0,6.0,2.0
1199.0,2395.0,950.0,1832.0,2235.0,2776.0,3500.0,1175.0,1204.0,7.0,6.0,2.0
1199.0,2394.0,948.0,1832.0,2236.0,2775.0,3497.0,1174.0,1202.0,7.0,6.0,2.0
1200.0,2395.0,948.0,1833.0,2237.0,2776.0,3497.0,1174.0,1201.0,7.0,6.0,2.0
1198.0,2393.0,947.0,1831.0,2236.0,2775.0,3492.0,1172.0,1200.0,7.0,6.0,2.0
1198.0,2390.0,945.0,1830.0,2236.0,2772.0,3488.0,1171.0,1199.0,7.0,6.0,2.0
1200.0,2392.0,946.0,1831.0,2237.0,2775.0,3488.0,1173.0,1199.0,7.0,6.0,2.0
1200.0,2392.0,946.0,1831.0,2238.0,2775.0,3490.0,1173.0,1200.0,7.0,6.0,2.0
1197.0,2389.0,945.0,1828.0,2237.0,2772.0,3487.0,1173.0,1199.0,7.0,6.0,2.0
1199.0,2391.0,946.0,1829.0,2239.0,2774.0,3490.0,1175.0,1200.0,7.0,6.0,2.0
1200.0,2394.0,947.0,1831.0,2240.0,2775.0,3493.0,1176.0,1202.0,7.0,6.0,2.0
1198.0,2391.0,946.0,1828.0,2238.0,2773.0,3490.0,1174.0,1200.0,7.0,6.0,2.0
1199.0,2391.0,948.0,1829.0,2238.0,2773.0,3487.0,1175.0,1201.0,7.0,6.0,2.0
1200.0,2392.0,947.0,1831.0,2237.0,2775.0,3488.0,1175.0,1200.0,7.0,6.0,2.0
1198.0,2390.0,945.0,1828.0,2234.0,2772.0,3485.0,1173.0,1197.0,7.0,6.0,2.0
1196.0,2385.0,942.0,1825.0,2231.0,2770.0,3483.0,1170.0,1194.0,7.0,6.0,2.0
1197.0,2386.0,942.0,1826.0,2232.0,2771.0,3485.0,1171.0,1195.0,7.0,6.0,2.0
1195.0,2386.0,939.0,1824.0,2230.0,2769.0,3484.0,1169.0,1193.0,7.0,6.0,2.0
1192.0,2384.0,937.0,1820.0,2230.0,2766.0,3482.0,1168.0,1193.0,7.0,6.0,2.0
1193.0,2384.0,937.0,1821.0,2231.0,2768.0,3483.0,1169.0,1194.0,7.0,6.0,2.0
1193.0,2386.0,937.0,1822.0,2229.0,2768.0,3481.0,1169.0,1194.0,7.0,6.0,2.0
1190.0,2383.0,936.0,1819.0,2229.0,2765.0,3477.0,1166.0,1192.0,7.0,6.0,2.0
1191.0,2383.0,936.0,1819.0,2229.0,2765.0,3477.0,1165.0,1190.0,7.0,6.0,2.0
1192.0,2385.0,938.0,1821.0,2227.0,2767.0,3481.0,1166.0,1190.0,7.0,6.0,2.0
1190.0,2383.0,937.0,1820.0,2227.0,2764.0,3481.0,1165.0,1189.0,7.0,6.0,2.0
1189.0,2381.0,937.0,1819.0,2229.0,2763.0,3480.0,1164.0,1188.0,7.0,6.0,2.0
1191.0,2383.0,938.0,1821.0,2228.0,2764.0,3482.0,1166.0,1189.0,7.0,6.0,2.0
1192.0,2384.0,938.0,1821.0,2228.0,2765.0,3481.0,1167.0,1190.0,7.0,6.0,2.0
1190.0,2382.0,938.0,1820.0,2229.0,2763.0,3479.0,1167.0,1190.0,7.0,6.0,2.0
1192.0,2383.0,939.0,1822.0,2230.0,2765.0,3479.0,1169.0,1192.0,7.0,6.0,2.0
1196.0,2387.0,942.0,1825.0,2233.0,2768.0,3482.0,1172.0,1195.0,7.0,6.0,2.0
1195.0,2386.0,943.0,1826.0,2234.0,2768.0,3482.0,1173.0,1196.0,7.0,6.0,2.0
1205.0,2189.0,956.0,1831.0,2064.0,2774.0,3432.0,1180.0,1222.0,8.0,6.0,2.0
1199.0,2183.0,949.0,1827.0,2056.0,2769.0,3427.0,1175.0,1212.0,8.0,6.0,2.0
1198.0,2183.0,947.0,1827.0,2055.0,2769.0,3425.0,1173.0,1207.0,8.0,6.0,2.0
1195.0,2181.0,944.0,1824.0,2054.0,2766.0,3419.0,1171.0,1202.0,8.0,6.0,2.0
1194.0,2179.0,942.0,1821.0,2054.0,2765.0,3414.0,1169.0,1199.0,8.0,6.0,2.0
1195.0,2180.0,940.0,1822.0,2056.0,2767.0,3416.0,1169.0,1198.0,8.0,6.0,2.0
1194.0,2180.0,940.0,1821.0,2055.0,2766.0,3414.0,1168.0,1196.0,8.0,6.0,2.0
1191.0,2176.0,936.0,1819.0,2050.0,2761.0,3412.0,1165.0,1194.0,8.0,6.0,2.0
1192.0,2175.0,937.0,1820.0,2040.0,2762.0,3416.0,1166.0,1223.0,8.0,6.0,2.0
1193.0,2176.0,938.0,1823.0,2044.0,2763.0,3420.0,1167.0,1223.0,8.0,6.0,2.0
1193.0,2175.0,939.0,1822.0,2042.0,2762.0,3418.0,1168.0,1223.0,8.0,6.0,2.0
1194.0,2176.0,940.0,1824.0,2043.0,2763.0,3418.0,1169.0,1224.0,8.0,6.0,2.0
1196.0,2180.0,944.0,1828.0,2047.0,2769.0,3421.0,1172.0,1226.0,8.0,6.0,2.0
1195.0,2181.0,943.0,1827.0,2058.0,2769.0,3420.0,1171.0,1197.0,8.0,6.0,2.0
1194.0,2180.0,942.0,1826.0,2056.0,2767.0,3421.0,1171.0,1196.0,8.0,6.0,2.0
1196.0,2181.0,943.0,1828.0,2058.0,2770.0,3425.0,1172.0,1196.0,8.0,6.0,2.0
1196.0,2182.0,943.0,1828.0,2056.0,2769.0,3429.0,1172.0,1195.0,8.0,6.0,2.0
1195.0,2180.0,941.0,1825.0,2052.0,2766.0,3427.0,1170.0,1193.0,8.0,6.0,2.0
1195.0,2179.0,941.0,1825.0,2054.0,2766.0,3425.0,1169.0,1192.0,8.0,6.0,2.0
1196.0,2180.0,942.0,1827.0,2057.0,2768.0,3426.0,1170.0,1193.0,8.0,6.0,2.0
1195.0,2179.0,941.0,1825.0,2055.0,2765.0,3420.0,1168.0,1191.0,8.0,6.0,2.0
1195.0,2178.0,941.0,1825.0,2055.0,2765.0,3416.0,1168.0,1192.0,8.0,6.0,2.0
1197.0,2180.0,942.0,1827.0,2058.0,2768.0,3418.0,1170.0,1194.0,8.0,6.0,2.0
1197.0,2181.0,941.0,1825.0,2056.0,2769.0,3421.0,1171.0,1194.0,8.0,6.0,2.0
1196.0,2179.0,940.0,1824.0,2054.0,2767.0,3419.0,1171.0,1194.0,8.0,6.0,2.0
1195.0,2178.0,938.0,1822.0,2054.0,2768.0,3420.0,1169.0,1194.0,8.0,6.0,2.0
1194.0,2176.0,937.0,1820.0,2052.0,2766.0,3420.0,1167.0,1191.0,8.0,6.0,2.0
1190.0,2172.0,934.0,1816.0,2048.0,2761.0,3414.0,1165.0,1188.0,8.0,6.0,2.0
1189.0,2170.0,933.0,1816.0,2048.0,2760.0,3411.0,1163.0,1187.0,8.0,6.0,2.0
1189.0,2171.0,933.0,1815.0,2049.0,2760.0,3411.0,1162.0,1186.0,8.0,6.0,2.0
1188.0,2169.0,933.0,1815.0,2048.0,2759.0,3409.0,1161.0,1185.0,8.0,6.0,2.0
1188.0,2169.0,932.0,1815.0,2047.0,2758.0,3410.0,1162.0,1186.0,8.0,6.0,2.0
1191.0,2172.0,934.0,1817.0,2049.0,2761.0,3413.0,1164.0,1188.0,8.0,6.0,2.0
1190.0,2171.0,934.0,1817.0,2048.0,2759.0,3413.0,1164.0,1186.0,8.0,6.0,2.0
1188.0,2169.0,932.0,1815.0,2046.0,2756.0,3411.0,1162.0,1184.0,8.0,6.0,2.0
1188.0,2171.0,933.0,1815.0,2047.0,2758.0,3414.0,1163.0,1184.0,8.0,6.0,2.0
1552.0,2554.0,1379.0,2380.0,1880.0,3168.0,3455.0,1460.0,1767.0,1.0,7.0,2.0
1553.0,2555.0,1381.0,2383.0,1882.0,3169.0,3455.0,1460.0,1768.0,1.0,7.0,2.0
1553.0,2555.0,1383.0,2385.0,1883.0,3169.0,3456.0,1464.0,1771.0,1.0,7.0,2.0
1550.0,2551.0,1385.0,2382.0,1881.0,3166.0,3455.0,1464.0,1769.0,1.0,7.0,2.0
1551.0,2552.0,1388.0,2385.0,1882.0,3168.0,3456.0,1467.0,1771.0,1.0,7.0,2.0
1552.0,2554.0,1390.0,2388.0,1883.0,3170.0,3456.0,1469.0,1774.0,1.0,7.0,2.0
1548.0,2550.0,1389.0,2383.0,1880.0,3168.0,3453.0,1469.0,1773.0,1.0,7.0,2.0
1546.0,2546.0,1388.0,2381.0,1877.0,3167.0,3450.0,1469.0,1771.0,1.0,7.0,2.0
1549.0,2550.0,1391.0,2387.0,1879.0,3174.0,3452.0,1471.0,1775.0,1.0,7.0,2.0
1550.0,2550.0,1394.0,2388.0,1879.0,3179.0,3453.0,1474.0,1778.0,1.0,7.0,2.0
1548.0,2545.0,1395.0,2385.0,1874.0,3178.0,3450.0,1473.0,1776.0,1.0,7.0,2.0
1551.0,2547.0,1397.0,2390.0,1874.0,3180.0,3453.0,1474.0,1778.0,1.0,7.0,2.0
1550.0,2545.0,1397.0,2390.0,1872.0,3180.0,3452.0,1474.0,1778.0,1.0,7.0,2.0
1545.0,2538.0,1394.0,2383.0,1865.0,3173.0,3444.0,1472.0,1774.0,1.0,7.0,2.0
1542.0,2533.0,1389.0,2380.0,1861.0,3168.0,3437.0,1467.0,1770.0,1.0,7.0,2.0
1542.0,2535.0,1389.0,2382.0,1860.0,3170.0,3437.0,1468.0,1770.0,1.0,7.0,2.0
1540.0,2530.0,1387.0,2378.0,1857.0,3168.0,3432.0,1467.0,1769.0,1.0,7.0,2.0
1538.0,2529.0,1387.0,2378.0,1855.0,3167.0,3431.0,1466.0,1768.0,1.0,7.0,2.0
1540.0,2532.0,1387.0,2380.0,1842.0,3187.0,3431.0,1465.0,1769.0,1.0,7.0,2.0
1538.0,2530.0,1386.0,2377.0,1839.0,3184.0,3433.0,1465.0,1766.0,1.0,7.0,2.0
1535.0,2526.0,1383.0,2372.0,1836.0,3179.0,3429.0,1462.0,1762.0,1.0,7.0,2.0
1537.0,2529.0,1383.0,2375.0,1837.0,3181.0,3432.0,1461.0,1762.0,1.0,7.0,2.0
1536.0,2529.0,1382.0,2373.0,1836.0,3181.0,3431.0,1461.0,1762.0,1.0,7.0,2.0
1532.0,2525.0,1380.0,2368.0,1845.0,3159.0,3427.0,1459.0,1758.0,1.0,7.0,2.0
1533.0,2525.0,1381.0,2370.0,1847.0,3159.0,3427.0,1459.0,1760.0,1.0,7.0,2.0
1535.0,2527.0,1382.0,2373.0,1848.0,3160.0,3426.0,1459.0,1761.0,1.0,7.0,2.0
1531.0,2522.0,1380.0,2368.0,1845.0,3156.0,3420.0,1458.0,1759.0,1.0,7.0,2.0
1531.0,2519.0,1379.0,2367.0,1845.0,3155.0,3420.0,1458.0,1758.0,1.0,7.0,2.0
1534.0,2522.0,1380.0,2371.0,1848.0,3158.0,3423.0,1459.0,1761.0,1.0,7.0,2.0
1532.0,2521.0,1379.0,2368.0,1846.0,3158.0,3420.0,1459.0,1759.0,1.0,7.0,2.0
1530.0,2518.0,1377.0,2365.0,1844.0,3158.0,3420.0,1458.0,1758.0,1.0,7.0,2.0
1533.0,2520.0,1378.0,2368.0,1845.0,3160.0,3422.0,1459.0,1760.0,1.0,7.0,2.0
1534.0,2522.0,1380.0,2370.0,1846.0,3160.0,3422.0,1459.0,1760.0,1.0,7.0,2.0
1531.0,2517.0,1379.0,2366.0,1844.0,3155.0,3418.0,1458.0,1758.0,1.0,7.0,2.0
1532.0,2518.0,1381.0,2369.0,1848.0,3156.0,3419.0,1458.0,1759.0,1.0,7.0,2.0
1538.0,2526.0,1385.0,2376.0,1853.0,3162.0,3424.0,1462.0,1764.0,1.0,7.0,2.0
1537.0,2525.0,1385.0,2375.0,1852.0,3164.0,3427.0,1463.0,1763.0,1.0,7.0,2.0
1538.0,2527.0,1386.0,2376.0,1854.0,3167.0,3429.0,1464.0,1764.0,1.0,7.0,2.0
1543.0,2534.0,1389.0,2382.0,1859.0,3174.0,3435.0,1468.0,1770.0,1.0,7.0,2.0
1543.0,2535.0,1390.0,2381.0,1857.0,3173.0,3438.0,1468.0,1769.0,1.0,7.0,2.0
1540.0,2529.0,1388.0,2376.0,1854.0,3168.0,3433.0,1467.0,1766.0,1.0,7.0,2.0
1543.0,2531.0,1390.0,2381.0,1855.0,3168.0,3435.0,1468.0,1767.0,1.0,7.0,2.0
1543.0,2533.0,1390.0,2381.0,1856.0,3168.0,3435.0,1468.0,1768.0,1.0,7.0,2.0
1539.0,2527.0,1388.0,2376.0,1853.0,3164.0,3432.0,1466.0,1765.0,1.0,7.0,2.0
1541.0,2528.0,1389.0,2378.0,1854.0,3166.0,3433.0,1466.0,1765.0,1.0,7.0,2.0
1543.0,2532.0,1390.0,2382.0,1856.0,3170.0,3437.0,1467.0,1767.0,1.0,7.0,2.0
1541.0,2530.0,1389.0,2378.0,1854.0,3168.0,3435.0,1465.0,1765.0,1.0,7.0,2.0
1539.0,2527.0,1389.0,2377.0,1853.0,3165.0,3434.0,1466.0,1764.0,1.0,7.0,2.0
1543.0,2533.0,1392.0,2382.0,1857.0,3168.0,3437.0,1466.0,1766.0,1.0,7.0,2.0
1541.0,2531.0,1391.0,2380.0,1855.0,3166.0,3434.0,1465.0,1765.0,1.0,7.0,2.0
1538.0,2527.0,1389.0,2377.0,1851.0,3163.0,3429.0,1464.0,1764.0,1.0,7.0,2.0
1541.0,2530.0,1391.0,2380.0,1854.0,3166.0,3431.0,1466.0,1766.0,1.0,7.0,2.0
1539.0,2527.0,1387.0,2377.0,1852.0,3164.0,3427.0,1463.0,1763.0,1.0,7.0,2.0
1532.0,2518.0,1382.0,2367.0,1845.0,3156.0,3418.0,1458.0,1756.0,1.0,7.0,2.0
1530.0,2515.0,1379.0,2364.0,1842.0,3152.0,3415.0,1455.0,1753.0,1.0,7.0,2.0
1530.0,2514.0,1377.0,2363.0,1840.0,3150.0,3413.0,1452.0,1751.0,1.0,7.0,2.0
1524.0,2507.0,1372.0,2354.0,1832.0,3144.0,3408.0,1446.0,1744.0,1.0,7.0,2.0
1522.0,2504.0,1371.0,2352.0,1829.0,3142.0,3404.0,1446.0,1744.0,1.0,7.0,2.0
1525.0,2509.0,1372.0,2357.0,1830.0,3147.0,3409.0,1449.0,1747.0,1.0,7.0,2.0
1524.0,2508.0,1372.0,2357.0,1828.0,3148.0,3409.0,1449.0,1747.0,1.0,7.0,2.0
1521.0,2505.0,1371.0,2354.0,1825.0,3147.0,3410.0,1449.0,1745.0,1.0,7.0,2.0
1523.0,2507.0,1372.0,2358.0,1829.0,3150.0,3411.0,1451.0,1750.0,1.0,7.0,2.0
1525.0,2511.0,1373.0,2361.0,1831.0,3151.0,3414.0,1451.0,1751.0,1.0,7.0,2.0
1523.0,2507.0,1372.0,2356.0,1829.0,3148.0,3412.0,1451.0,1750.0,1.0,7.0,2.0
1525.0,2510.0,1374.0,2358.0,1831.0,3150.0,3414.0,1453.0,1752.0,1.0,7.0,2.0
1529.0,2515.0,1376.0,2364.0,1836.0,3155.0,3418.0,1456.0,1758.0,1.0,7.0,2.0
1528.0,2514.0,1375.0,2361.0,1835.0,3154.0,3417.0,1455.0,1757.0,1.0,7.0,2.0
1527.0,2514.0,1374.0,2360.0,1836.0,3155.0,3417.0,1456.0,1757.0,1.0,7.0,2.0
1532.0,2519.0,1378.0,2368.0,1831.0,3160.0,3422.0,1459.0,1787.0,1.0,7.0,2.0
1532.0,2519.0,1379.0,2369.0,1832.0,3159.0,3423.0,1460.0,1788.0,1.0,7.0,2.0
1530.0,2516.0,1379.0,2366.0,1830.0,3155.0,3419.0,1459.0,1785.0,1.0,7.0,2.0
1534.0,2520.0,1382.0,2371.0,1834.0,3157.0,3423.0,1461.0,1788.0,1.0,7.0,2.0
1536.0,2522.0,1384.0,2374.0,1836.0,3160.0,3424.0,1461.0,1790.0,1.0,7.0,2.0
1531.0,2518.0,1381.0,2368.0,1842.0,3156.0,3420.0,1460.0,1761.0,1.0,7.0,2.0
1531.0,2518.0,1381.0,2368.0,1841.0,3156.0,3418.0,1459.0,1760.0,1.0,7.0,2.0
1534.0,2523.0,1382.0,2372.0,1844.0,3160.0,3423.0,1460.0,1762.0,1.0,7.0,2.0
1531.0,2519.0,1380.0,2368.0,1841.0,3156.0,3422.0,1457.0,1759.0,1.0,7.0,2.0
1529.0,2516.0,1379.0,2366.0,1839.0,3153.0,3421.0,1457.0,1757.0,1.0,7.0,2.0
1533.0,2520.0,1381.0,2372.0,1844.0,3156.0,3424.0,1458.0,1760.0,1.0,7.0,2.0
1532.0,2520.0,1382.0,2371.0,1842.0,3155.0,3424.0,1457.0,1759.0,1.0,7.0,2.0
1529.0,2515.0,1381.0,2367.0,1839.0,3151.0,3421.0,1456.0,1756.0,1.0,7.0,2.0
1533.0,2518.0,1382.0,2370.0,1842.0,3154.0,3420.0,1458.0,1758.0,1.0,7.0,2.0
1535.0,2521.0,1383.0,2373.0,1844.0,3157.0,3422.0,1458.0,1759.0,1.0,7.0,2.0
1531.0,2517.0,1381.0,2368.0,1840.0,3154.0,3419.0,1456.0,1756.0,1.0,7.0,2.0
1532.0,2517.0,1381.0,2369.0,1842.0,3156.0,3419.0,1457.0,1758.0,1.0,7.0,2.0
1534.0,2520.0,1381.0,2371.0,1844.0,3158.0,3419.0,1455.0,1759.0,1.0,7.0,2.0
1529.0,2517.0,1378.0,2365.0,1841.0,3154.0,3416.0,1454.0,1756.0,1.0,7.0,2.0
1527.0,2513.0,1375.0,2361.0,1838.0,3151.0,3413.0,1452.0,1754.0,1.0,7.0,2.0
1530.0,2516.0,1375.0,2364.0,1841.0,3154.0,3415.0,1452.0,1755.0,1.0,7.0,2.0
1528.0,2515.0,1374.0,2362.0,1841.0,3153.0,3415.0,1451.0,1754.0,1.0,7.0,2.0
1525.0,2512.0,1372.0,2358.0,1837.0,3150.0,3412.0,1451.0,1753.0,1.0,7.0,2.0
1528.0,2515.0,1374.0,2362.0,1841.0,3154.0,3415.0,1453.0,1756.0,1.0,7.0,2.0
1531.0,2520.0,1377.0,2367.0,1845.0,3158.0,3418.0,1455.0,1759.0,1.0,7.0,2.0
1529.0,2519.0,1378.0,2364.0,1842.0,3157.0,3418.0,1457.0,1759.0,1.0,7.0,2.0
1531.0,2521.0,1379.0,2366.0,1845.0,3160.0,3418.0,1458.0,1761.0,1.0,7.0,2.0
1536.0,2526.0,1382.0,2372.0,1849.0,3165.0,3424.0,1461.0,1765.0,1.0,7.0,2.0
1534.0,2524.0,1381.0,2370.0,1848.0,3163.0,3423.0,1461.0,1765.0,1.0,7.0,2.0
1531.0,2520.0,1378.0,2366.0,1845.0,3158.0,3418.0,1458.0,1763.0,1.0,7.0,2.0
1534.0,2523.0,1379.0,2370.0,1848.0,3159.0,3419.0,1458.0,1764.0,1.0,7.0,2.0
1533.0,2522.0,1378.0,2370.0,1847.0,3156.0,3418.0,1458.0,1762.0,1.0,7.0,2.0
1529.0,2518.0,1377.0,2366.0,1843.0,3152.0,3415.0,1457.0,1759.0,1.0,7.0,2.0
1531.0,2519.0,1379.0,2368.0,1845.0,3152.0,3416.0,1457.0,1759.0,1.0,7.0,2.0
1534.0,2523.0,1381.0,2371.0,1848.0,3156.0,3422.0,1458.0,1759.0,1.0,7.0,2.0
1530.0,2519.0,1380.0,2367.0,1845.0,3153.0,3419.0,1458.0,1758.0,1.0,7.0,2.0
1531.0,2519.0,1380.0,2368.0,1847.0,3154.0,3423.0,1459.0,1759.0,1.0,7.0,2.0
1534.0,2523.0,1380.0,2371.0,1851.0,3158.0,3424.0,1460.0,1762.0,1.0,7.0,2.0
1532.0,2522.0,1379.0,2369.0,1848.0,3157.0,3426.0,1460.0,1761.0,1.0,7.0,2.0
1531.0,2518.0,1377.0,2366.0,1845.0,3154.0,3422.0,1460.0,1760.0,1.0,7.0,2.0
1534.0,2522.0,1378.0,2370.0,1847.0,3157.0,3423.0,1460.0,1762.0,1.0,7.0,2.0
1533.0,2521.0,1378.0,2368.0,1845.0,3157.0,3422.0,1458.0,1761.0,1.0,7.0,2.0
1530.0,2517.0,1376.0,2365.0,1842.0,3153.0,3421.0,1456.0,1758.0,1.0,7.0,2.0
1532.0,2518.0,1377.0,2367.0,1844.0,3155.0,3421.0,1456.0,1760.0,1.0,7.0,2.0
1533.0,2522.0,1379.0,2370.0,1845.0,3157.0,3424.0,1455.0,1759.0,1.0,7.0,2.0
1530.0,2518.0,1378.0,2365.0,1842.0,3154.0,3422.0,1455.0,1757.0,1.0,7.0,2.0
1531.0,2518.0,1379.0,2366.0,1845.0,3155.0,3420.0,1455.0,1758.0,1.0,7.0,2.0
1534.0,2523.0,1381.0,2371.0,1848.0,3160.0,3422.0,1456.0,1761.0,1.0,7.0,2.0
1555.0,2647.0,1269.0,2404.0,2068.0,3066.0,3581.0,1278.0,1653.0,2.0,7.0,2.0
1551.0,2654.0,1265.0,2403.0,2065.0,3061.0,3579.0,1278.0,1653.0,2.0,7.0,2.0
1553.0,2663.0,1262.0,2405.0,2067.0,3061.0,3582.0,1278.0,1654.0,2.0,7.0,2.0
1550.0,2659.0,1258.0,2402.0,2064.0,3059.0,3580.0,1276.0,1649.0,2.0,7.0,2.0
1547.0,2648.0,1253.0,2398.0,2060.0,3057.0,3576.0,1274.0,1640.0,2.0,7.0,2.0
1547.0,2643.0,1250.0,2399.0,2048.0,3077.0,3575.0,1271.0,1631.0,2.0,7.0,2.0
1544.0,2636.0,1247.0,2395.0,2046.0,3075.0,3572.0,1267.0,1623.0,2.0,7.0,2.0
1538.0,2630.0,1242.0,2387.0,2041.0,3069.0,3565.0,1264.0,1618.0,2.0,7.0,2.0
1537.0,2634.0,1240.0,2387.0,2041.0,3067.0,3563.0,1262.0,1618.0,2.0,7.0,2.0
1537.0,2642.0,1239.0,2388.0,2041.0,3064.0,3561.0,1261.0,1621.0,2.0,7.0,2.0
1534.0,2643.0,1237.0,2383.0,2049.0,3042.0,3559.0,1259.0,1622.0,2.0,7.0,2.0
1534.0,2642.0,1237.0,2383.0,2049.0,3043.0,3559.0,1260.0,1621.0,2.0,7.0,2.0
1538.0,2643.0,1238.0,2388.0,2053.0,3048.0,3563.0,1261.0,1620.0,2.0,7.0,2.0
1536.0,2634.0,1236.0,2385.0,2050.0,3047.0,3559.0,1259.0,1613.0,2.0,7.0,2.0
1534.0,2627.0,1235.0,2381.0,2047.0,3046.0,3558.0,1257.0,1605.0,2.0,7.0,2.0
1535.0,2629.0,1235.0,2385.0,2051.0,3047.0,3559.0,1256.0,1604.0,2.0,7.0,2.0
1534.0,2631.0,1234.0,2384.0,2050.0,3045.0,3558.0,1256.0,1605.0,2.0,7.0,2.0
1530.0,2631.0,1233.0,2379.0,2046.0,3041.0,3553.0,1255.0,1604.0,2.0,7.0,2.0
1532.0,2637.0,1234.0,2383.0,2048.0,3042.0,3557.0,1257.0,1607.0,2.0,7.0,2.0
1535.0,2640.0,1235.0,2387.0,2052.0,3044.0,3559.0,1258.0,1610.0,2.0,7.0,2.0
1533.0,2633.0,1234.0,2382.0,2048.0,3043.0,3558.0,1259.0,1607.0,2.0,7.0,2.0
1533.0,2627.0,1234.0,2382.0,2048.0,3044.0,3558.0,1259.0,1604.0,2.0,7.0,2.0
1538.0,2630.0,1236.0,2387.0,2054.0,3049.0,3563.0,1261.0,1605.0,2.0,7.0,2.0
1537.0,2630.0,1237.0,2385.0,2053.0,3050.0,3563.0,1261.0,1605.0,2.0,7.0,2.0
1536.0,2632.0,1238.0,2384.0,2052.0,3049.0,3563.0,1262.0,1606.0,2.0,7.0,2.0
1541.0,2644.0,1240.0,2390.0,2057.0,3052.0,3567.0,1264.0,1612.0,2.0,7.0,2.0
1542.0,2650.0,1242.0,2393.0,2058.0,3052.0,3571.0,1266.0,1616.0,2.0,7.0,2.0
1539.0,2645.0,1241.0,2390.0,2054.0,3050.0,3570.0,1267.0,1615.0,2.0,7.0,2.0
1541.0,2643.0,1242.0,2393.0,2057.0,3052.0,3573.0,1268.0,1615.0,2.0,7.0,2.0
1543.0,2643.0,1242.0,2395.0,2060.0,3055.0,3575.0,1268.0,1614.0,2.0,7.0,2.0
1539.0,2635.0,1241.0,2391.0,2056.0,3052.0,3571.0,1266.0,1609.0,2.0,7.0,2.0
1539.0,2634.0,1240.0,2389.0,2055.0,3051.0,3568.0,1266.0,1607.0,2.0,7.0,2.0
1541.0,2640.0,1241.0,2393.0,2058.0,3052.0,3568.0,1266.0,1610.0,2.0,7.0,2.0
1539.0,2641.0,1239.0,2390.0,2057.0,3049.0,3563.0,1265.0,1612.0,2.0,7.0,2.0
1537.0,2640.0,1239.0,2387.0,2053.0,3045.0,3559.0,1265.0,1612.0,2.0,7.0,2.0
1541.0,2643.0,1241.0,2392.0,2057.0,3049.0,3563.0,1266.0,1614.0,2.0,7.0,2.0
1541.0,2641.0,1241.0,2393.0,2058.0,3050.0,3565.0,1267.0,1613.0,2.0,7.0,2.0
1539.0,2632.0,1239.0,2388.0,2054.0,3047.0,3562.0,1266.0,1609.0,2.0,7.0,2.0
1540.0,2632.0,1240.0,2390.0,2055.0,3049.0,3564.0,1266.0,1607.0,2.0,7.0,2.0
1540.0,2633.0,1238.0,2391.0,2055.0,3049.0,3565.0,1265.0,1606.0,2.0,7.0,2.0
1500.0,2714.0,1187.0,2394.0,2075.0,2914.0,3573.0,1179.0,1587.0,3.0,7.0,2.0
1494.0,2710.0,1181.0,2391.0,2074.0,2911.0,3568.0,1177.0,1582.0,3.0,7.0,2.0
1489.0,2704.0,1175.0,2386.0,2070.0,2908.0,3564.0,1175.0,1576.0,3.0,7.0,2.0
1489.0,2705.0,1173.0,2388.0,2071.0,2908.0,3566.0,1174.0,1574.0,3.0,7.0,2.0
1491.0,2707.0,1173.0,2388.0,2071.0,2908.0,3565.0,1174.0,1572.0,3.0,7.0,2.0
1487.0,2703.0,1170.0,2383.0,2067.0,2904.0,3559.0,1172.0,1568.0,3.0,7.0,2.0
1488.0,2703.0,1168.0,2383.0,2067.0,2904.0,3560.0,1171.0,1566.0,3.0,7.0,2.0
1489.0,2707.0,1169.0,2386.0,2070.0,2906.0,3561.0,1171.0,1565.0,3.0,7.0,2.0
1485.0,2703.0,1168.0,2383.0,2066.0,2904.0,3558.0,1171.0,1562.0,3.0,7.0,2.0
1482.0,2698.0,1167.0,2381.0,2065.0,2902.0,3554.0,1170.0,1562.0,3.0,7.0,2.0
1486.0,2704.0,1170.0,2388.0,2070.0,2906.0,3561.0,1173.0,1564.0,3.0,7.0,2.0
1487.0,2706.0,1171.0,2388.0,2070.0,2907.0,3563.0,1174.0,1564.0,3.0,7.0,2.0
1488.0,2704.0,1173.0,2386.0,2069.0,2907.0,3562.0,1175.0,1564.0,3.0,7.0,2.0
1493.0,2710.0,1178.0,2391.0,2073.0,2912.0,3567.0,1177.0,1567.0,3.0,7.0,2.0
1497.0,2715.0,1181.0,2394.0,2074.0,2915.0,3571.0,1178.0,1567.0,3.0,7.0,2.0
1493.0,2710.0,1179.0,2390.0,2070.0,2912.0,3570.0,1177.0,1565.0,3.0,7.0,2.0
1492.0,2710.0,1177.0,2392.0,2073.0,2913.0,3572.0,1177.0,1565.0,3.0,7.0,2.0
1492.0,2713.0,1177.0,2396.0,2077.0,2915.0,3576.0,1178.0,1566.0,3.0,7.0,2.0
1489.0,2710.0,1174.0,2393.0,2074.0,2914.0,3574.0,1178.0,1564.0,3.0,7.0,2.0
1489.0,2709.0,1173.0,2391.0,2074.0,2913.0,3575.0,1178.0,1564.0,3.0,7.0,2.0
1493.0,2715.0,1173.0,2396.0,2078.0,2916.0,3578.0,1179.0,1565.0,3.0,7.0,2.0
1494.0,2715.0,1173.0,2395.0,2076.0,2916.0,3579.0,1179.0,1564.0,3.0,7.0,2.0
1491.0,2711.0,1173.0,2392.0,2073.0,2914.0,3576.0,1179.0,1563.0,3.0,7.0,2.0
1493.0,2714.0,1174.0,2395.0,2078.0,2916.0,3579.0,1180.0,1565.0,3.0,7.0,2.0
1491.0,2715.0,1171.0,2398.0,2080.0,2916.0,3581.0,1180.0,1566.0,3.0,7.0,2.0
1485.0,2709.0,1167.0,2394.0,2077.0,2912.0,3576.0,1180.0,1565.0,3.0,7.0,2.0
1485.0,2710.0,1168.0,2394.0,2079.0,2913.0,3576.0,1179.0,1565.0,3.0,7.0,2.0
1490.0,2715.0,1168.0,2396.0,2080.0,2915.0,3577.0,1178.0,1564.0,3.0,7.0,2.0
1489.0,2710.0,1168.0,2390.0,2073.0,2912.0,3573.0,1176.0,1560.0,3.0,7.0,2.0
1490.0,2708.0,1169.0,2385.0,2069.0,2910.0,3567.0,1175.0,1558.0,3.0,7.0,2.0
1492.0,2711.0,1171.0,2387.0,2071.0,2912.0,3569.0,1173.0,1557.0,3.0,7.0,2.0
1490.0,2708.0,1169.0,2384.0,2068.0,2910.0,3566.0,1173.0,1556.0,3.0,7.0,2.0
1485.0,2703.0,1169.0,2380.0,2065.0,2907.0,3562.0,1172.0,1555.0,3.0,7.0,2.0
1488.0,2704.0,1170.0,2383.0,2069.0,2909.0,3563.0,1173.0,1557.0,3.0,7.0,2.0
1489.0,2707.0,1169.0,2385.0,2070.0,2909.0,3565.0,1173.0,1557.0,3.0,7.0,2.0
1488.0,2703.0,1167.0,2381.0,2065.0,2905.0,3561.0,1174.0,1556.0,3.0,7.0,2.0
1490.0,2704.0,1169.0,2381.0,2065.0,2906.0,3561.0,1173.0,1556.0,3.0,7.0,2.0
1495.0,2708.0,1171.0,2384.0,2068.0,2909.0,3564.0,1172.0,1557.0,3.0,7.0,2.0
1491.0,2705.0,1170.0,2380.0,2064.0,2906.0,3561.0,1171.0,1555.0,3.0,7.0,2.0
1489.0,2701.0,1168.0,2378.0,2063.0,2904.0,3560.0,1171.0,1554.0,3.0,7.0,2.0
1491.0,2704.0,1169.0,2382.0,2068.0,2907.0,3561.0,1172.0,1556.0,3.0,7.0,2.0
1490.0,2704.0,1170.0,2382.0,2067.0,2907.0,3563.0,1171.0,1556.0,3.0,7.0,2.0
1488.0,2700.0,1171.0,2379.0,2062.0,2904.0,3559.0,1170.0,1554.0,3.0,7.0,2.0
1493.0,2705.0,1173.0,2383.0,2055.0,2909.0,3563.0,1173.0,1583.0,3.0,7.0,2.0
1497.0,2711.0,1175.0,2387.0,2059.0,2913.0,3566.0,1174.0,1586.0,3.0,7.0,2.0
1495.0,2710.0,1176.0,2385.0,2057.0,2913.0,3567.0,1175.0,1586.0,3.0,7.0,2.0
1496.0,2711.0,1177.0,2388.0,2060.0,2914.0,3567.0,1176.0,1588.0,3.0,7.0,2.0
1424.0,2721.0,977.0,2414.0,2245.0,2795.0,3601.0,1197.0,1448.0,4.0,7.0,2.0
1416.0,2717.0,968.0,2409.0,2237.0,2789.0,3595.0,1190.0,1434.0,4.0,7.0,2.0
1410.0,2713.0,962.0,2403.0,2228.0,2783.0,3587.0,1187.0,1425.0,4.0,7.0,2.0
1411.0,2720.0,960.0,2405.0,2227.0,2784.0,3588.0,1187.0,1420.0,4.0,7.0,2.0
1410.0,2723.0,959.0,2406.0,2227.0,2784.0,3587.0,1185.0,1417.0,4.0,7.0,2.0
1407.0,2718.0,958.0,2402.0,2224.0,2781.0,3584.0,1183.0,1413.0,4.0,7.0,2.0
1408.0,2716.0,959.0,2404.0,2229.0,2782.0,3586.0,1184.0,1414.0,4.0,7.0,2.0
1411.0,2717.0,959.0,2408.0,2236.0,2785.0,3591.0,1186.0,1414.0,4.0,7.0,2.0
1406.0,2710.0,957.0,2404.0,2232.0,2781.0,3586.0,1183.0,1410.0,4.0,7.0,2.0
1405.0,2708.0,957.0,2402.0,2230.0,2779.0,3583.0,1182.0,1407.0,4.0,7.0,2.0
1408.0,2714.0,957.0,2406.0,2231.0,2781.0,3586.0,1183.0,1409.0,4.0,7.0,2.0
1407.0,2717.0,956.0,2404.0,2227.0,2781.0,3585.0,1183.0,1410.0,4.0,7.0,2.0
1405.0,2713.0,955.0,2401.0,2222.0,2778.0,3582.0,1181.0,1407.0,4.0,7.0,2.0
1407.0,2714.0,955.0,2404.0,2227.0,2780.0,3586.0,1182.0,1407.0,4.0,7.0,2.0
1407.0,2712.0,955.0,2406.0,2230.0,2782.0,3590.0,1183.0,1407.0,4.0,7.0,2.0
1405.0,2705.0,954.0,2402.0,2227.0,2779.0,3588.0,1182.0,1406.0,4.0,7.0,2.0
1404.0,2704.0,955.0,2402.0,2228.0,2778.0,3588.0,1180.0,1405.0,4.0,7.0,2.0
1406.0,2709.0,956.0,2405.0,2231.0,2781.0,3592.0,1181.0,1405.0,4.0,7.0,2.0
1403.0,2709.0,955.0,2402.0,2226.0,2779.0,3589.0,1180.0,1403.0,4.0,7.0,2.0
1402.0,2710.0,955.0,2399.0,2222.0,2778.0,3585.0,1180.0,1403.0,4.0,7.0,2.0
1402.0,2712.0,954.0,2401.0,2223.0,2778.0,3585.0,1179.0,1402.0,4.0,7.0,2.0
1401.0,2709.0,951.0,2397.0,2221.0,2776.0,3582.0,1179.0,1401.0,4.0,7.0,2.0
1398.0,2701.0,949.0,2393.0,2218.0,2773.0,3576.0,1177.0,1399.0,4.0,7.0,2.0
1399.0,2699.0,948.0,2394.0,2221.0,2772.0,3576.0,1176.0,1397.0,4.0,7.0,2.0
1398.0,2699.0,946.0,2394.0,2221.0,2771.0,3574.0,1175.0,1396.0,4.0,7.0,2.0
1397.0,2697.0,946.0,2390.0,2216.0,2770.0,3572.0,1174.0,1397.0,4.0,7.0,2.0
1396.0,2698.0,946.0,2391.0,2215.0,2769.0,3571.0,1174.0,1397.0,4.0,7.0,2.0
1397.0,2703.0,946.0,2393.0,2217.0,2771.0,3572.0,1173.0,1396.0,4.0,7.0,2.0
1395.0,2701.0,945.0,2389.0,2214.0,2770.0,3570.0,1172.0,1395.0,4.0,7.0,2.0
1394.0,2697.0,945.0,2388.0,2213.0,2769.0,3570.0,1173.0,1395.0,4.0,7.0,2.0
1395.0,2696.0,944.0,2392.0,2218.0,2770.0,3572.0,1173.0,1396.0,4.0,7.0,2.0
1348.0,2602.0,971.0,2236.0,2340.0,2783.0,3590.0,1190.0,1240.0,5.0,7.0,2.0
1342.0,2595.0,964.0,2234.0,2329.0,2779.0,3585.0,1184.0,1228.0,5.0,7.0,2.0
1336.0,2590.0,958.0,2235.0,2321.0,2778.0,3585.0,1182.0,1221.0,5.0,7.0,2.0
1327.0,2581.0,955.0,2231.0,2310.0,2775.0,3580.0,1178.0,1214.0,5.0,7.0,2.0
1323.0,2575.0,952.0,2227.0,2303.0,2771.0,3574.0,1175.0,1209.0,5.0,7.0,2.0
1323.0,2577.0,951.0,2228.0,2309.0,2772.0,3576.0,1175.0,1208.0,5.0,7.0,2.0
1323.0,2577.0,949.0,2226.0,2314.0,2771.0,3576.0,1174.0,1204.0,5.0,7.0,2.0
1323.0,2576.0,948.0,2221.0,2312.0,2767.0,3572.0,1172.0,1201.0,5.0,7.0,2.0
1324.0,2578.0,948.0,2223.0,2315.0,2769.0,3574.0,1175.0,1203.0,5.0,7.0,2.0
1325.0,2579.0,949.0,2227.0,2318.0,2773.0,3578.0,1176.0,1203.0,5.0,7.0,2.0
1324.0,2578.0,950.0,2227.0,2310.0,2771.0,3578.0,1176.0,1202.0,5.0,7.0,2.0
1325.0,2578.0,952.0,2230.0,2306.0,2773.0,3580.0,1178.0,1204.0,5.0,7.0,2.0
1328.0,2581.0,952.0,2234.0,2311.0,2776.0,3585.0,1180.0,1204.0,5.0,7.0,2.0
1329.0,2584.0,951.0,2232.0,2314.0,2775.0,3585.0,1179.0,1203.0,5.0,7.0,2.0
1328.0,2584.0,951.0,2228.0,2316.0,2773.0,3583.0,1179.0,1203.0,5.0,7.0,2.0
1330.0,2585.0,950.0,2228.0,2322.0,2774.0,3583.0,1178.0,1202.0,5.0,7.0,2.0
1330.0,2586.0,951.0,2229.0,2323.0,2774.0,3584.0,1178.0,1202.0,5.0,7.0,2.0
1328.0,2581.0,951.0,2228.0,2317.0,2772.0,3582.0,1178.0,1201.0,5.0,7.0,2.0
1325.0,2577.0,950.0,2227.0,2312.0,2772.0,3583.0,1176.0,1200.0,5.0,7.0,2.0
1325.0,2578.0,951.0,2230.0,2312.0,2773.0,3584.0,1177.0,1200.0,5.0,7.0,2.0
1324.0,2577.0,950.0,2228.0,2310.0,2772.0,3583.0,1178.0,1199.0,5.0,7.0,2.0
1323.0,2576.0,949.0,2225.0,2308.0,2771.0,3581.0,1177.0,1198.0,5.0,7.0,2.0
1325.0,2580.0,949.0,2226.0,2315.0,2772.0,3583.0,1178.0,1198.0,5.0,7.0,2.0
1326.0,2582.0,950.0,2226.0,2320.0,2772.0,3583.0,1180.0,1199.0,5.0,7.0,2.0
1323.0,2578.0,949.0,2222.0,2315.0,2770.0,3578.0,1177.0,1198.0,5.0,7.0,2.0
1322.0,2576.0,948.0,2223.0,2312.0,2769.0,3576.0,1176.0,1197.0,5.0,7.0,2.0
1323.0,2576.0,947.0,2224.0,2311.0,2771.0,3578.0,1176.0,1197.0,5.0,7.0,2.0
1318.0,2569.0,945.0,2220.0,2301.0,2767.0,3574.0,1172.0,1193.0,5.0,7.0,2.0
1225.0,2569.0,986.0,1872.0,2285.0,2816.0,3474.0,1201.0,1257.0,6.0,7.0,2.0
1215.0,2560.0,971.0,1866.0,2289.0,2787.0,3466.0,1189.0,1237.0,6.0,7.0,2.0
1208.0,2553.0,963.0,1859.0,2281.0,2780.0,3457.0,1183.0,1225.0,6.0,7.0,2.0
1202.0,2548.0,957.0,1854.0,2274.0,2774.0,3451.0,1179.0,1217.0,6.0,7.0,2.0
1202.0,2549.0,955.0,1853.0,2275.0,2774.0,3451.0,1177.0,1213.0,6.0,7.0,2.0
1201.0,2549.0,952.0,1852.0,2273.0,2771.0,3449.0,1176.0,1208.0,6.0,7.0,2.0
1198.0,2545.0,950.0,1848.0,2268.0,2767.0,3445.0,1174.0,1203.0,6.0,7.0,2.0
1197.0,2544.0,948.0,1846.0,2267.0,2767.0,3444.0,1174.0,1201.0,6.0,7.0,2.0
1197.0,2545.0,948.0,1846.0,2269.0,2768.0,3446.0,1174.0,1200.0,6.0,7.0,2.0
1194.0,2540.0,945.0,1843.0,2264.0,2765.0,3443.0,1172.0,1197.0,6.0,7.0,2.0
1193.0,2539.0,945.0,1842.0,2262.0,2765.0,3441.0,1171.0,1196.0,6.0,7.0,2.0
1193.0,2540.0,944.0,1842.0,2265.0,2766.0,3441.0,1171.0,1196.0,6.0,7.0,2.0
1193.0,2539.0,943.0,1840.0,2264.0,2764.0,3440.0,1169.0,1194.0,6.0,7.0,2.0
1193.0,2538.0,943.0,1839.0,2262.0,2764.0,3438.0,1169.0,1195.0,6.0,7.0,2.0
1197.0,2543.0,946.0,1843.0,2267.0,2768.0,3442.0,1170.0,1196.0,6.0,7.0,2.0
1199.0,2545.0,947.0,1846.0,2271.0,2769.0,3444.0,1172.0,1198.0,6.0,7.0,2.0
1199.0,2544.0,948.0,1845.0,2268.0,2769.0,3445.0,1172.0,1197.0,6.0,7.0,2.0
1199.0,2546.0,950.0,1847.0,2271.0,2771.0,3448.0,1174.0,1199.0,6.0,7.0,2.0
1201.0,2547.0,950.0,1848.0,2274.0,2772.0,3452.0,1176.0,1199.0,6.0,7.0,2.0
1199.0,2543.0,949.0,1846.0,2270.0,2770.0,3450.0,1175.0,1197.0,6.0,7.0,2.0
1198.0,2542.0,948.0,1845.0,2267.0,2768.0,3449.0,1174.0,1197.0,6.0,7.0,2.0
1200.0,2544.0,948.0,1846.0,2271.0,2770.0,3450.0,1175.0,1198.0,6.0,7.0,2.0
1199.0,2542.0,947.0,1845.0,2270.0,2769.0,3450.0,1174.0,1197.0,6.0,7.0,2.0
1198.0,2541.0,946.0,1844.0,2267.0,2767.0,3448.0,1173.0,1197.0,6.0,7.0,2.0
1198.0,2542.0,946.0,1845.0,2270.0,2768.0,3448.0,1174.0,1197.0,6.0,7.0,2.0
1199.0,2544.0,947.0,1846.0,2272.0,2770.0,3450.0,1175.0,1197.0,6.0,7.0,2.0
1197.0,2541.0,947.0,1843.0,2268.0,2768.0,3448.0,1175.0,1196.0,6.0,7.0,2.0
1187.0,2356.0,938.0,1825.0,2241.0,2761.0,3436.0,1164.0,1191.0,7.0,7.0,2.0
1185.0,2353.0,936.0,1822.0,2237.0,2758.0,3430.0,1162.0,1189.0,7.0,7.0,2.0
1185.0,2352.0,936.0,1821.0,2237.0,2758.0,3429.0,1162.0,1189.0,7.0,7.0,2.0
1187.0,2356.0,936.0,1821.0,2242.0,2761.0,3430.0,1164.0,1190.0,7.0,7.0,2.0
1187.0,2355.0,936.0,1821.0,2241.0,2761.0,3430.0,1165.0,1191.0,7.0,7.0,2.0
1187.0,2354.0,937.0,1821.0,2241.0,2761.0,3430.0,1165.0,1190.0,7.0,7.0,2.0
1189.0,2359.0,940.0,1824.0,2245.0,2765.0,3435.0,1166.0,1191.0,7.0,7.0,2.0
1191.0,2361.0,941.0,1825.0,2246.0,2766.0,3436.0,1167.0,1191.0,7.0,7.0,2.0
1190.0,2360.0,942.0,1826.0,2244.0,2764.0,3434.0,1167.0,1191.0,7.0,7.0,2.0
1192.0,2362.0,942.0,1827.0,2246.0,2765.0,3436.0,1168.0,1192.0,7.0,7.0,2.0
1192.0,2364.0,943.0,1828.0,2248.0,2767.0,3438.0,1170.0,1194.0,7.0,7.0,2.0
1190.0,2362.0,941.0,1826.0,2244.0,2763.0,3437.0,1169.0,1192.0,7.0,7.0,2.0
1190.0,2362.0,942.0,1826.0,2242.0,2763.0,3437.0,1169.0,1191.0,7.0,7.0,2.0
1191.0,2365.0,943.0,1828.0,2246.0,2765.0,3441.0,1170.0,1191.0,7.0,7.0,2.0
1189.0,2363.0,942.0,1826.0,2243.0,2763.0,3438.0,1169.0,1189.0,7.0,7.0,2.0
1189.0,2361.0,942.0,1824.0,2241.0,2762.0,3437.0,1168.0,1188.0,7.0,7.0,2.0
1191.0,2364.0,942.0,1825.0,2244.0,2765.0,3440.0,1169.0,1189.0,7.0,7.0,2.0
1190.0,2363.0,941.0,1825.0,2246.0,2766.0,3439.0,1170.0,1191.0,7.0,7.0,2.0
1188.0,2361.0,939.0,1823.0,2242.0,2763.0,3434.0,1168.0,1190.0,7.0,7.0,2.0
1190.0,2363.0,939.0,1824.0,2246.0,2765.0,3436.0,1167.0,1189.0,7.0,7.0,2.0
1190.0,2364.0,939.0,1824.0,2234.0,2783.0,3436.0,1166.0,1187.0,7.0,7.0,2.0
1188.0,2358.0,936.0,1820.0,2230.0,2778.0,3428.0,1162.0,1184.0,7.0,7.0,2.0
1187.0,2356.0,935.0,1819.0,2228.0,2776.0,3425.0,1160.0,1182.0,7.0,7.0,2.0
1187.0,2357.0,935.0,1819.0,2228.0,2777.0,3429.0,1161.0,1181.0,7.0,7.0,2.0
1184.0,2353.0,933.0,1816.0,2223.0,2774.0,3426.0,1160.0,1180.0,7.0,7.0,2.0
1182.0,2350.0,931.0,1814.0,2233.0,2754.0,3424.0,1159.0,1180.0,7.0,7.0,2.0
1183.0,2353.0,932.0,1815.0,2236.0,2756.0,3427.0,1161.0,1181.0,7.0,7.0,2.0
1182.0,2354.0,932.0,1814.0,2236.0,2756.0,3428.0,1161.0,1181.0,7.0,7.0,2.0
1181.0,2353.0,932.0,1813.0,2234.0,2754.0,3425.0,1160.0,1179.0,7.0,7.0,2.0
1182.0,2355.0,933.0,1814.0,2235.0,2757.0,3427.0,1161.0,1180.0,7.0,7.0,2.0
1184.0,2358.0,933.0,1816.0,2237.0,2759.0,3429.0,1161.0,1181.0,7.0,7.0,2.0
1183.0,2355.0,932.0,1815.0,2234.0,2757.0,3428.0,1160.0,1180.0,7.0,7.0,2.0
1183.0,2354.0,932.0,1815.0,2234.0,2756.0,3427.0,1160.0,1180.0,7.0,7.0,2.0
1185.0,2356.0,933.0,1816.0,2237.0,2757.0,3429.0,1160.0,1180.0,7.0,7.0,2.0
1184.0,2355.0,933.0,1816.0,2236.0,2756.0,3428.0,1160.0,1180.0,7.0,7.0,2.0
1183.0,2351.0,932.0,1814.0,2234.0,2754.0,3426.0,1160.0,1179.0,7.0,7.0,2.0
1184.0,2353.0,933.0,1814.0,2236.0,2756.0,3426.0,1162.0,1181.0,7.0,7.0,2.0
1185.0,2355.0,934.0,1816.0,2238.0,2759.0,3429.0,1164.0,1183.0,7.0,7.0,2.0
1185.0,2354.0,935.0,1816.0,2237.0,2759.0,3429.0,1164.0,1184.0,7.0,7.0,2.0
1187.0,2357.0,936.0,1818.0,2240.0,2761.0,3431.0,1166.0,1187.0,7.0,7.0,2.0
1190.0,2362.0,940.0,1822.0,2244.0,2765.0,3435.0,1168.0,1189.0,7.0,7.0,2.0
1190.0,2362.0,941.0,1823.0,2246.0,2766.0,3436.0,1169.0,1190.0,7.0,7.0,2.0
1190.0,2361.0,941.0,1822.0,2245.0,2765.0,3437.0,1169.0,1190.0,7.0,7.0,2.0
1192.0,2363.0,941.0,1824.0,2248.0,2767.0,3437.0,1169.0,1190.0,7.0,7.0,2.0
1191.0,2361.0,940.0,1824.0,2246.0,2765.0,3435.0,1168.0,1189.0,7.0,7.0,2.0
1189.0,2357.0,938.0,1821.0,2244.0,2762.0,3431.0,1167.0,1188.0,7.0,7.0,2.0
1189.0,2359.0,939.0,1823.0,2243.0,2764.0,3435.0,1168.0,1188.0,7.0,7.0,2.0
1190.0,2360.0,941.0,1823.0,2245.0,2765.0,3435.0,1168.0,1189.0,7.0,7.0,2.0
1187.0,2358.0,940.0,1821.0,2241.0,2763.0,3433.0,1168.0,1188.0,7.0,7.0,2.0
1188.0,2359.0,941.0,1821.0,2243.0,2765.0,3435.0,1168.0,1188.0,7.0,7.0,2.0
1190.0,2362.0,942.0,1823.0,2246.0,2768.0,3438.0,1168.0,1188.0,7.0,7.0,2.0
1189.0,2360.0,942.0,1822.0,2246.0,2766.0,3436.0,1168.0,1188.0,7.0,7.0,2.0
1189.0,2359.0,942.0,1822.0,2244.0,2764.0,3437.0,1168.0,1187.0,7.0,7.0,2.0
1192.0,2362.0,944.0,1825.0,2247.0,2767.0,3439.0,1169.0,1189.0,7.0,7.0,2.0
1191.0,2360.0,941.0,1823.0,2244.0,2765.0,3437.0,1168.0,1188.0,7.0,7.0,2.0
1189.0,2355.0,939.0,1819.0,2238.0,2760.0,3432.0,1166.0,1185.0,7.0,7.0,2.0
1188.0,2355.0,937.0,1818.0,2239.0,2760.0,3428.0,1164.0,1184.0,7.0,7.0,2.0
1186.0,2356.0,936.0,1816.0,2239.0,2759.0,3425.0,1163.0,1184.0,7.0,7.0,2.0
1183.0,2353.0,934.0,1812.0,2235.0,2755.0,3420.0,1160.0,1181.0,7.0,7.0,2.0
1183.0,2351.0,934.0,1814.0,2234.0,2754.0,3420.0,1161.0,1181.0,7.0,7.0,2.0
1197.0,2179.0,947.0,1831.0,2089.0,2773.0,3339.0,1176.0,1203.0,8.0,7.0,2.0
1195.0,2176.0,945.0,1829.0,2074.0,2790.0,3337.0,1175.0,1200.0,8.0,7.0,2.0
1194.0,2176.0,944.0,1828.0,2073.0,2790.0,3336.0,1172.0,1198.0,8.0,7.0,2.0
1191.0,2173.0,941.0,1825.0,2069.0,2785.0,3331.0,1170.0,1195.0,8.0,7.0,2.0
1189.0,2169.0,937.0,1821.0,2066.0,2782.0,3326.0,1168.0,1192.0,8.0,7.0,2.0
1188.0,2169.0,935.0,1820.0,2066.0,2782.0,3325.0,1166.0,1189.0,8.0,7.0,2.0
1188.0,2169.0,934.0,1818.0,2078.0,2762.0,3324.0,1165.0,1188.0,8.0,7.0,2.0
1187.0,2166.0,933.0,1816.0,2076.0,2760.0,3325.0,1165.0,1187.0,8.0,7.0,2.0
1187.0,2166.0,933.0,1817.0,2078.0,2762.0,3326.0,1166.0,1186.0,8.0,7.0,2.0
1187.0,2168.0,934.0,1817.0,2078.0,2763.0,3327.0,1164.0,1185.0,8.0,7.0,2.0
1186.0,2166.0,933.0,1815.0,2074.0,2760.0,3325.0,1164.0,1185.0,8.0,7.0,2.0
1187.0,2167.0,934.0,1817.0,2075.0,2761.0,3326.0,1165.0,1185.0,8.0,7.0,2.0
1188.0,2169.0,934.0,1817.0,2076.0,2762.0,3325.0,1164.0,1185.0,8.0,7.0,2.0
1186.0,2167.0,934.0,1816.0,2074.0,2760.0,3324.0,1163.0,1184.0,8.0,7.0,2.0
1186.0,2166.0,934.0,1815.0,2074.0,2759.0,3323.0,1163.0,1185.0,8.0,7.0,2.0
1187.0,2168.0,935.0,1817.0,2076.0,2762.0,3326.0,1164.0,1186.0,8.0,7.0,2.0
1185.0,2166.0,934.0,1816.0,2075.0,2760.0,3324.0,1164.0,1185.0,8.0,7.0,2.0
1184.0,2164.0,933.0,1814.0,2074.0,2758.0,3323.0,1163.0,1184.0,8.0,7.0,2.0
1187.0,2168.0,935.0,1817.0,2078.0,2763.0,3326.0,1166.0,1187.0,8.0,7.0,2.0
1188.0,2170.0,936.0,1818.0,2080.0,2764.0,3328.0,1167.0,1187.0,8.0,7.0,2.0
1188.0,2170.0,937.0,1818.0,2079.0,2763.0,3328.0,1168.0,1187.0,8.0,7.0,2.0
1191.0,2172.0,939.0,1821.0,2082.0,2766.0,3330.0,1170.0,1189.0,8.0,7.0,2.0
1194.0,2175.0,941.0,1825.0,2085.0,2768.0,3335.0,1173.0,1192.0,8.0,7.0,2.0
1192.0,2172.0,940.0,1824.0,2083.0,2766.0,3333.0,1172.0,1190.0,8.0,7.0,2.0
1191.0,2172.0,940.0,1822.0,2082.0,2765.0,3330.0,1171.0,1190.0,8.0,7.0,2.0
1193.0,2174.0,941.0,1824.0,2085.0,2768.0,3333.0,1172.0,1191.0,8.0,7.0,2.0
1192.0,2174.0,941.0,1823.0,2084.0,2768.0,3333.0,1170.0,1190.0,8.0,7.0,2.0
1191.0,2172.0,940.0,1821.0,2083.0,2766.0,3331.0,1169.0,1189.0,8.0,7.0,2.0
1193.0,2174.0,941.0,1824.0,2085.0,2768.0,3334.0,1171.0,1191.0,8.0,7.0,2.0
1194.0,2175.0,941.0,1825.0,2085.0,2769.0,3338.0,1173.0,1191.0,8.0,7.0,2.0
1192.0,2171.0,940.0,1823.0,2082.0,2765.0,3334.0,1170.0,1189.0,8.0,7.0,2.0
1193.0,2172.0,941.0,1824.0,2082.0,2766.0,3334.0,1171.0,1189.0,8.0,7.0,2.0
1194.0,2174.0,942.0,1825.0,2085.0,2769.0,3334.0,1172.0,1191.0,8.0,7.0,2.0
1191.0,2171.0,941.0,1821.0,2081.0,2767.0,3330.0,1169.0,1188.0,8.0,7.0,2.0
1190.0,2169.0,940.0,1818.0,2080.0,2766.0,3325.0,1168.0,1189.0,8.0,7.0,2.0
1191.0,2171.0,940.0,1819.0,2081.0,2767.0,3327.0,1169.0,1189.0,8.0,7.0,2.0
1189.0,2168.0,937.0,1818.0,2079.0,2765.0,3326.0,1167.0,1187.0,8.0,7.0,2.0
1185.0,2164.0,934.0,1814.0,2074.0,2760.0,3323.0,1165.0,1186.0,8.0,7.0,2.0
1186.0,2164.0,934.0,1815.0,2075.0,2761.0,3325.0,1166.0,1185.0,8.0,7.0,2.0
1186.0,2165.0,933.0,1816.0,2075.0,2761.0,3326.0,1165.0,1184.0,8.0,7.0,2.0
1185.0,2163.0,932.0,1814.0,2073.0,2759.0,3325.0,1164.0,1183.0,8.0,7.0,2.0
1185.0,2163.0,932.0,1814.0,2073.0,2759.0,3325.0,1164.0,1184.0,8.0,7.0,2.0
1188.0,2166.0,933.0,1816.0,2075.0,2762.0,3326.0,1165.0,1184.0,8.0,7.0,2.0
1187.0,2164.0,933.0,1815.0,2074.0,2760.0,3324.0,1164.0,1183.0,8.0,7.0,2.0
1186.0,2163.0,934.0,1814.0,2073.0,2760.0,3321.0,1164.0,1182.0,8.0,7.0,2.0
1187.0,2164.0,933.0,1816.0,2076.0,2762.0,3322.0,1167.0,1184.0,8.0,7.0,2.0
1187.0,2164.0,933.0,1815.0,2075.0,2761.0,3321.0,1166.0,1182.0,8.0,7.0,2.0
1186.0,2163.0,933.0,1814.0,2073.0,2758.0,3319.0,1165.0,1182.0,8.0,7.0,2.0
1187.0,2164.0,933.0,1814.0,2075.0,2760.0,3321.0,1166.0,1184.0,8.0,7.0,2.0
1188.0,2165.0,933.0,1815.0,2075.0,2760.0,3322.0,1166.0,1183.0,8.0,7.0,2.0
1186.0,2164.0,933.0,1813.0,2073.0,2756.0,3320.0,1164.0,1181.0,8.0,7.0,2.0
1189.0,2165.0,935.0,1816.0,2064.0,2759.0,3321.0,1166.0,1211.0,8.0,7.0,2.0
1192.0,2168.0,936.0,1819.0,2068.0,2763.0,3326.0,1169.0,1214.0,8.0,7.0,2.0
1191.0,2169.0,938.0,1818.0,2068.0,2764.0,3326.0,1169.0,1215.0,8.0,7.0,2.0
1193.0,2170.0,941.0,1820.0,2069.0,2764.0,3329.0,1170.0,1217.0,8.0,7.0,2.0
1195.0,2173.0,943.0,1823.0,2073.0,2770.0,3335.0,1174.0,1220.0,8.0,7.0,2.0
1194.0,2173.0,943.0,1823.0,2084.0,2769.0,3335.0,1173.0,1191.0,8.0,7.0,2.0
1192.0,2172.0,943.0,1822.0,2081.0,2767.0,3336.0,1172.0,1189.0,8.0,7.0,2.0
1194.0,2174.0,944.0,1825.0,2083.0,2769.0,3337.0,1174.0,1190.0,8.0,7.0,2.0
1501.0,2524.0,1407.0,2367.0,1915.0,3133.0,3437.0,1524.0,1565.0,1.0,8.0,2.0
1500.0,2524.0,1407.0,2367.0,1914.0,3132.0,3434.0,1523.0,1564.0,1.0,8.0,2.0
1498.0,2519.0,1405.0,2364.0,1911.0,3129.0,3432.0,1521.0,1561.0,1.0,8.0,2.0
1500.0,2523.0,1406.0,2367.0,1913.0,3130.0,3432.0,1522.0,1562.0,1.0,8.0,2.0
1503.0,2524.0,1406.0,2369.0,1914.0,3132.0,3434.0,1524.0,1563.0,1.0,8.0,2.0
1500.0,2519.0,1403.0,2362.0,1909.0,3129.0,3430.0,1521.0,1559.0,1.0,8.0,2.0
1501.0,2520.0,1403.0,2362.0,1910.0,3129.0,3433.0,1521.0,1558.0,1.0,8.0,2.0
1504.0,2524.0,1405.0,2365.0,1914.0,3132.0,3435.0,1524.0,1562.0,1.0,8.0,2.0
1501.0,2522.0,1405.0,2362.0,1912.0,3132.0,3435.0,1524.0,1561.0,1.0,8.0,2.0
1501.0,2523.0,1407.0,2362.0,1912.0,3132.0,3436.0,1523.0,1561.0,1.0,8.0,2.0
1506.0,2530.0,1412.0,2370.0,1919.0,3138.0,3442.0,1527.0,1566.0,1.0,8.0,2.0
1507.0,2530.0,1412.0,2369.0,1919.0,3138.0,3442.0,1528.0,1566.0,1.0,8.0,2.0
1507.0,2530.0,1412.0,2366.0,1918.0,3138.0,3443.0,1528.0,1566.0,1.0,8.0,2.0
1510.0,2533.0,1413.0,2369.0,1921.0,3141.0,3446.0,1529.0,1566.0,1.0,8.0,2.0
1511.0,2535.0,1414.0,2370.0,1922.0,3142.0,3448.0,1530.0,1566.0,1.0,8.0,2.0
1508.0,2531.0,1411.0,2366.0,1918.0,3138.0,3446.0,1528.0,1563.0,1.0,8.0,2.0
1508.0,2531.0,1412.0,2369.0,1918.0,3139.0,3446.0,1528.0,1563.0,1.0,8.0,2.0
1510.0,2533.0,1413.0,2375.0,1922.0,3140.0,3450.0,1529.0,1564.0,1.0,8.0,2.0
1508.0,2530.0,1412.0,2372.0,1921.0,3139.0,3447.0,1528.0,1564.0,1.0,8.0,2.0
1507.0,2527.0,1410.0,2369.0,1919.0,3137.0,3445.0,1527.0,1563.0,1.0,8.0,2.0
1509.0,2531.0,1411.0,2372.0,1922.0,3139.0,3448.0,1528.0,1566.0,1.0,8.0,2.0
1507.0,2529.0,1410.0,2368.0,1921.0,3139.0,3447.0,1529.0,1565.0,1.0,8.0,2.0
1504.0,2525.0,1408.0,2363.0,1917.0,3136.0,3444.0,1528.0,1562.0,1.0,8.0,2.0
1506.0,2528.0,1410.0,2368.0,1919.0,3138.0,3446.0,1529.0,1563.0,1.0,8.0,2.0
1505.0,2528.0,1409.0,2368.0,1907.0,3157.0,3446.0,1529.0,1563.0,1.0,8.0,2.0
1500.0,2522.0,1405.0,2362.0,1903.0,3153.0,3439.0,1525.0,1559.0,1.0,8.0,2.0
1501.0,2522.0,1405.0,2362.0,1903.0,3153.0,3439.0,1524.0,1559.0,1.0,8.0,2.0
1503.0,2524.0,1404.0,2363.0,1904.0,3155.0,3439.0,1523.0,1560.0,1.0,8.0,2.0
1498.0,2519.0,1400.0,2355.0,1900.0,3150.0,3434.0,1520.0,1556.0,1.0,8.0,2.0
1499.0,2518.0,1400.0,2353.0,1912.0,3130.0,3433.0,1519.0,1555.0,1.0,8.0,2.0
1502.0,2523.0,1403.0,2358.0,1915.0,3134.0,3436.0,1521.0,1557.0,1.0,8.0,2.0
1501.0,2523.0,1403.0,2356.0,1914.0,3132.0,3435.0,1521.0,1556.0,1.0,8.0,2.0
1498.0,2519.0,1402.0,2354.0,1912.0,3130.0,3434.0,1520.0,1555.0,1.0,8.0,2.0
1501.0,2522.0,1403.0,2358.0,1914.0,3133.0,3435.0,1521.0,1556.0,1.0,8.0,2.0
1501.0,2524.0,1403.0,2359.0,1915.0,3134.0,3435.0,1521.0,1557.0,1.0,8.0,2.0
1498.0,2519.0,1400.0,2354.0,1911.0,3129.0,3435.0,1520.0,1555.0,1.0,8.0,2.0
1498.0,2518.0,1399.0,2355.0,1912.0,3129.0,3433.0,1519.0,1555.0,1.0,8.0,2.0
1502.0,2521.0,1401.0,2358.0,1914.0,3131.0,3437.0,1520.0,1556.0,1.0,8.0,2.0
1499.0,2518.0,1399.0,2353.0,1911.0,3128.0,3434.0,1519.0,1554.0,1.0,8.0,2.0
1498.0,2516.0,1398.0,2352.0,1910.0,3127.0,3433.0,1518.0,1554.0,1.0,8.0,2.0
1501.0,2520.0,1400.0,2357.0,1913.0,3130.0,3433.0,1519.0,1556.0,1.0,8.0,2.0
1502.0,2521.0,1402.0,2358.0,1914.0,3131.0,3436.0,1521.0,1557.0,1.0,8.0,2.0
1500.0,2520.0,1402.0,2355.0,1913.0,3129.0,3434.0,1522.0,1556.0,1.0,8.0,2.0
1505.0,2526.0,1406.0,2361.0,1917.0,3135.0,3440.0,1526.0,1559.0,1.0,8.0,2.0
1507.0,2528.0,1408.0,2363.0,1919.0,3137.0,3443.0,1527.0,1560.0,1.0,8.0,2.0
1506.0,2526.0,1407.0,2361.0,1918.0,3136.0,3442.0,1528.0,1560.0,1.0,8.0,2.0
1508.0,2527.0,1408.0,2361.0,1920.0,3139.0,3444.0,1530.0,1562.0,1.0,8.0,2.0
1510.0,2531.0,1409.0,2363.0,1923.0,3142.0,3446.0,1531.0,1564.0,1.0,8.0,2.0
1508.0,2526.0,1408.0,2359.0,1920.0,3140.0,3443.0,1530.0,1563.0,1.0,8.0,2.0
1507.0,2526.0,1407.0,2357.0,1920.0,3139.0,3442.0,1531.0,1564.0,1.0,8.0,2.0
1510.0,2530.0,1409.0,2360.0,1922.0,3143.0,3447.0,1532.0,1566.0,1.0,8.0,2.0
1508.0,2528.0,1409.0,2358.0,1920.0,3141.0,3446.0,1530.0,1566.0,1.0,8.0,2.0
1505.0,2523.0,1407.0,2355.0,1917.0,3138.0,3445.0,1529.0,1565.0,1.0,8.0,2.0
1507.0,2527.0,1409.0,2358.0,1919.0,3140.0,3448.0,1529.0,1566.0,1.0,8.0,2.0
1508.0,2529.0,1410.0,2359.0,1920.0,3142.0,3450.0,1529.0,1566.0,1.0,8.0,2.0
1504.0,2525.0,1408.0,2355.0,1917.0,3139.0,3447.0,1527.0,1564.0,1.0,8.0,2.0
1505.0,2526.0,1408.0,2358.0,1918.0,3139.0,3448.0,1527.0,1563.0,1.0,8.0,2.0
1507.0,2530.0,1410.0,2363.0,1921.0,3142.0,3450.0,1528.0,1564.0,1.0,8.0,2.0
1503.0,2524.0,1405.0,2358.0,1917.0,3136.0,3444.0,1525.0,1559.0,1.0,8.0,2.0
1501.0,2521.0,1403.0,2356.0,1914.0,3132.0,3440.0,1522.0,1558.0,1.0,8.0,2.0
1504.0,2524.0,1404.0,2359.0,1917.0,3134.0,3443.0,1524.0,1559.0,1.0,8.0,2.0
1501.0,2520.0,1402.0,2355.0,1914.0,3131.0,3440.0,1522.0,1557.0,1.0,8.0,2.0
1499.0,2515.0,1399.0,2349.0,1911.0,3127.0,3435.0,1519.0,1554.0,1.0,8.0,2.0
1502.0,2519.0,1401.0,2354.0,1914.0,3130.0,3439.0,1522.0,1556.0,1.0,8.0,2.0
1501.0,2521.0,1402.0,2357.0,1915.0,3131.0,3440.0,1522.0,1556.0,1.0,8.0,2.0
1499.0,2517.0,1399.0,2353.0,1911.0,3127.0,3435.0,1521.0,1554.0,1.0,8.0,2.0
1500.0,2517.0,1399.0,2357.0,1913.0,3128.0,3434.0,1521.0,1555.0,1.0,8.0,2.0
1502.0,2521.0,1400.0,2360.0,1915.0,3131.0,3437.0,1523.0,1557.0,1.0,8.0,2.0
1499.0,2518.0,1399.0,2356.0,1912.0,3128.0,3434.0,1522.0,1556.0,1.0,8.0,2.0
1498.0,2517.0,1399.0,2353.0,1912.0,3129.0,3432.0,1520.0,1556.0,1.0,8.0,2.0
1502.0,2521.0,1401.0,2358.0,1916.0,3132.0,3434.0,1521.0,1557.0,1.0,8.0,2.0
1501.0,2521.0,1401.0,2357.0,1914.0,3132.0,3436.0,1521.0,1556.0,1.0,8.0,2.0
1497.0,2518.0,1400.0,2354.0,1911.0,3128.0,3435.0,1520.0,1554.0,1.0,8.0,2.0
1501.0,2522.0,1401.0,2360.0,1916.0,3132.0,3438.0,1521.0,1555.0,1.0,8.0,2.0
1504.0,2523.0,1403.0,2364.0,1908.0,3133.0,3440.0,1523.0,1584.0,1.0,8.0,2.0
1502.0,2522.0,1403.0,2359.0,1906.0,3132.0,3438.0,1524.0,1584.0,1.0,8.0,2.0
1505.0,2525.0,1405.0,2361.0,1909.0,3137.0,3442.0,1526.0,1588.0,1.0,8.0,2.0
1510.0,2530.0,1408.0,2366.0,1914.0,3141.0,3445.0,1528.0,1590.0,1.0,8.0,2.0
1509.0,2528.0,1409.0,2364.0,1912.0,3139.0,3444.0,1529.0,1590.0,1.0,8.0,2.0
1508.0,2528.0,1408.0,2366.0,1921.0,3138.0,3445.0,1529.0,1562.0,1.0,8.0,2.0
1511.0,2531.0,1411.0,2375.0,1925.0,3141.0,3450.0,1531.0,1564.0,1.0,8.0,2.0
1509.0,2530.0,1410.0,2376.0,1924.0,3139.0,3448.0,1530.0,1562.0,1.0,8.0,2.0
1507.0,2527.0,1409.0,2374.0,1921.0,3136.0,3447.0,1529.0,1561.0,1.0,8.0,2.0
1510.0,2531.0,1410.0,2378.0,1925.0,3139.0,3448.0,1529.0,1562.0,1.0,8.0,2.0
1511.0,2533.0,1410.0,2378.0,1926.0,3141.0,3449.0,1529.0,1563.0,1.0,8.0,2.0
1508.0,2528.0,1408.0,2373.0,1923.0,3137.0,3445.0,1527.0,1560.0,1.0,8.0,2.0
1511.0,2531.0,1409.0,2376.0,1925.0,3138.0,3444.0,1528.0,1561.0,1.0,8.0,2.0
1511.0,2534.0,1410.0,2380.0,1927.0,3140.0,3445.0,1530.0,1562.0,1.0,8.0,2.0
1507.0,2530.0,1409.0,2377.0,1922.0,3135.0,3442.0,1529.0,1560.0,1.0,8.0,2.0
1506.0,2529.0,1409.0,2377.0,1921.0,3134.0,3442.0,1529.0,1560.0,1.0,8.0,2.0
1509.0,2534.0,1410.0,2382.0,1924.0,3137.0,3443.0,1530.0,1561.0,1.0,8.0,2.0
1505.0,2530.0,1408.0,2377.0,1920.0,3133.0,3439.0,1527.0,1558.0,1.0,8.0,2.0
1502.0,2525.0,1405.0,2372.0,1915.0,3129.0,3436.0,1525.0,1555.0,1.0,8.0,2.0
1504.0,2528.0,1406.0,2376.0,1918.0,3131.0,3438.0,1525.0,1555.0,1.0,8.0,2.0
1503.0,2526.0,1404.0,2376.0,1917.0,3129.0,3436.0,1523.0,1553.0,1.0,8.0,2.0
1499.0,2520.0,1401.0,2370.0,1912.0,3125.0,3431.0,1520.0,1549.0,1.0,8.0,2.0
1501.0,2522.0,1402.0,2372.0,1913.0,3127.0,3435.0,1521.0,1550.0,1.0,8.0,2.0
1503.0,2526.0,1403.0,2376.0,1916.0,3129.0,3435.0,1521.0,1552.0,1.0,8.0,2.0
1500.0,2521.0,1400.0,2370.0,1912.0,3126.0,3431.0,1520.0,1550.0,1.0,8.0,2.0
1500.0,2522.0,1400.0,2369.0,1913.0,3126.0,3431.0,1520.0,1550.0,1.0,8.0,2.0
1503.0,2525.0,1401.0,2372.0,1916.0,3129.0,3435.0,1521.0,1552.0,1.0,8.0,2.0
1502.0,2524.0,1401.0,2370.0,1915.0,3128.0,3432.0,1520.0,1552.0,1.0,8.0,2.0
1499.0,2520.0,1399.0,2367.0,1912.0,3125.0,3432.0,1520.0,1551.0,1.0,8.0,2.0
1502.0,2523.0,1401.0,2372.0,1916.0,3128.0,3434.0,1521.0,1553.0,1.0,8.0,2.0
1502.0,2523.0,1401.0,2372.0,1915.0,3128.0,3434.0,1522.0,1553.0,1.0,8.0,2.0
1499.0,2519.0,1399.0,2366.0,1912.0,3124.0,3431.0,1521.0,1551.0,1.0,8.0,2.0
1501.0,2519.0,1400.0,2367.0,1913.0,3125.0,3433.0,1523.0,1553.0,1.0,8.0,2.0
1504.0,2523.0,1402.0,2369.0,1915.0,3128.0,3433.0,1523.0,1555.0,1.0,8.0,2.0
1501.0,2520.0,1402.0,2364.0,1913.0,3127.0,3433.0,1523.0,1555.0,1.0,8.0,2.0
1502.0,2520.0,1404.0,2366.0,1914.0,3128.0,3436.0,1525.0,1556.0,1.0,8.0,2.0
1506.0,2526.0,1407.0,2374.0,1919.0,3133.0,3440.0,1528.0,1559.0,1.0,8.0,2.0
1506.0,2528.0,1408.0,2375.0,1919.0,3133.0,3438.0,1528.0,1558.0,1.0,8.0,2.0
1505.0,2526.0,1408.0,2374.0,1919.0,3132.0,3439.0,1529.0,1558.0,1.0,8.0,2.0
1509.0,2532.0,1410.0,2379.0,1924.0,3136.0,3442.0,1529.0,1560.0,1.0,8.0,2.0
1509.0,2531.0,1394.0,2412.0,2028.0,3103.0,3465.0,1299.0,1585.0,2.0,8.0,2.0
1511.0,2533.0,1393.0,2414.0,2027.0,3105.0,3464.0,1299.0,1584.0,2.0,8.0,2.0
1507.0,2529.0,1391.0,2408.0,2021.0,3102.0,3459.0,1297.0,1579.0,2.0,8.0,2.0
1504.0,2525.0,1388.0,2404.0,2018.0,3099.0,3455.0,1294.0,1574.0,2.0,8.0,2.0
1506.0,2528.0,1387.0,2406.0,2022.0,3099.0,3457.0,1294.0,1574.0,2.0,8.0,2.0
1504.0,2527.0,1385.0,2406.0,2021.0,3097.0,3455.0,1294.0,1572.0,2.0,8.0,2.0
1501.0,2523.0,1383.0,2401.0,2018.0,3093.0,3452.0,1293.0,1569.0,2.0,8.0,2.0
1503.0,2525.0,1384.0,2404.0,2021.0,3095.0,3455.0,1294.0,1569.0,2.0,8.0,2.0
1504.0,2527.0,1385.0,2406.0,2022.0,3097.0,3456.0,1293.0,1569.0,2.0,8.0,2.0
1501.0,2524.0,1383.0,2401.0,2016.0,3095.0,3453.0,1289.0,1565.0,2.0,8.0,2.0
1501.0,2523.0,1382.0,2400.0,2016.0,3095.0,3452.0,1287.0,1563.0,2.0,8.0,2.0
1502.0,2526.0,1382.0,2403.0,2020.0,3097.0,3454.0,1288.0,1564.0,2.0,8.0,2.0
1498.0,2522.0,1378.0,2398.0,2005.0,3111.0,3450.0,1286.0,1561.0,2.0,8.0,2.0
1496.0,2519.0,1375.0,2394.0,2003.0,3107.0,3448.0,1284.0,1559.0,2.0,8.0,2.0
1499.0,2521.0,1375.0,2397.0,2007.0,3108.0,3449.0,1286.0,1560.0,2.0,8.0,2.0
1496.0,2520.0,1374.0,2395.0,2003.0,3107.0,3447.0,1286.0,1558.0,2.0,8.0,2.0
1492.0,2514.0,1371.0,2389.0,1995.0,3103.0,3441.0,1283.0,1554.0,2.0,8.0,2.0
1494.0,2516.0,1372.0,2391.0,2006.0,3087.0,3441.0,1282.0,1554.0,2.0,8.0,2.0
1493.0,2517.0,1372.0,2392.0,2007.0,3088.0,3444.0,1281.0,1553.0,2.0,8.0,2.0
1489.0,2514.0,1371.0,2386.0,2003.0,3086.0,3439.0,1279.0,1551.0,2.0,8.0,2.0
1491.0,2515.0,1372.0,2387.0,2005.0,3086.0,3440.0,1281.0,1551.0,2.0,8.0,2.0
1494.0,2521.0,1374.0,2391.0,2011.0,3089.0,3445.0,1283.0,1553.0,2.0,8.0,2.0
1492.0,2517.0,1371.0,2388.0,2010.0,3086.0,3445.0,1283.0,1552.0,2.0,8.0,2.0
1492.0,2515.0,1370.0,2386.0,2008.0,3084.0,3443.0,1281.0,1550.0,2.0,8.0,2.0
1494.0,2517.0,1371.0,2389.0,2009.0,3085.0,3447.0,1280.0,1550.0,2.0,8.0,2.0
1492.0,2514.0,1369.0,2388.0,2006.0,3084.0,3445.0,1281.0,1550.0,2.0,8.0,2.0
1489.0,2509.0,1368.0,2384.0,2002.0,3080.0,3441.0,1279.0,1549.0,2.0,8.0,2.0
1491.0,2513.0,1370.0,2388.0,2007.0,3083.0,3444.0,1280.0,1551.0,2.0,8.0,2.0
1493.0,2516.0,1371.0,2390.0,2012.0,3084.0,3445.0,1281.0,1554.0,2.0,8.0,2.0
1492.0,2515.0,1371.0,2389.0,2012.0,3083.0,3446.0,1284.0,1555.0,2.0,8.0,2.0
1495.0,2517.0,1373.0,2391.0,2014.0,3084.0,3447.0,1285.0,1556.0,2.0,8.0,2.0
1499.0,2522.0,1376.0,2398.0,2018.0,3088.0,3451.0,1286.0,1558.0,2.0,8.0,2.0
1496.0,2520.0,1376.0,2395.0,2014.0,3087.0,3450.0,1287.0,1557.0,2.0,8.0,2.0
1497.0,2519.0,1378.0,2396.0,2012.0,3089.0,3451.0,1288.0,1557.0,2.0,8.0,2.0
1501.0,2523.0,1380.0,2402.0,2016.0,3094.0,3452.0,1290.0,1559.0,2.0,8.0,2.0
1501.0,2523.0,1380.0,2401.0,2016.0,3094.0,3455.0,1292.0,1559.0,2.0,8.0,2.0
1499.0,2520.0,1377.0,2396.0,2015.0,3092.0,3453.0,1292.0,1558.0,2.0,8.0,2.0
1503.0,2524.0,1379.0,2401.0,2021.0,3094.0,3457.0,1292.0,1561.0,2.0,8.0,2.0
1504.0,2525.0,1379.0,2402.0,2021.0,3094.0,3457.0,1291.0,1560.0,2.0,8.0,2.0
1499.0,2521.0,1377.0,2395.0,2014.0,3091.0,3454.0,1289.0,1557.0,2.0,8.0,2.0
1499.0,2521.0,1378.0,2396.0,2013.0,3093.0,3451.0,1289.0,1558.0,2.0,8.0,2.0
1501.0,2525.0,1381.0,2400.0,2015.0,3097.0,3454.0,1289.0,1559.0,2.0,8.0,2.0
1499.0,2521.0,1378.0,2395.0,2012.0,3095.0,3452.0,1289.0,1557.0,2.0,8.0,2.0
1498.0,2519.0,1378.0,2395.0,2011.0,3094.0,3453.0,1290.0,1558.0,2.0,8.0,2.0
1501.0,2523.0,1380.0,2400.0,2017.0,3097.0,3457.0,1292.0,1560.0,2.0,8.0,2.0
1501.0,2521.0,1380.0,2399.0,2017.0,3094.0,3457.0,1292.0,1559.0,2.0,8.0,2.0
1498.0,2515.0,1376.0,2392.0,2013.0,3089.0,3451.0,1289.0,1556.0,2.0,8.0,2.0
1499.0,2517.0,1376.0,2395.0,2013.0,3090.0,3449.0,1287.0,1556.0,2.0,8.0,2.0
1498.0,2516.0,1374.0,2392.0,2009.0,3091.0,3446.0,1285.0,1553.0,2.0,8.0,2.0
1493.0,2510.0,1371.0,2385.0,2001.0,3087.0,3437.0,1283.0,1550.0,2.0,8.0,2.0
1492.0,2509.0,1369.0,2385.0,1999.0,3086.0,3435.0,1282.0,1548.0,2.0,8.0,2.0
1493.0,2512.0,1371.0,2388.0,2003.0,3089.0,3440.0,1283.0,1550.0,2.0,8.0,2.0
1489.0,2508.0,1368.0,2384.0,1999.0,3085.0,3437.0,1284.0,1548.0,2.0,8.0,2.0
1489.0,2508.0,1370.0,2384.0,2000.0,3084.0,3434.0,1285.0,1548.0,2.0,8.0,2.0
1494.0,2513.0,1372.0,2389.0,2005.0,3088.0,3439.0,1287.0,1550.0,2.0,8.0,2.0
1492.0,2513.0,1371.0,2386.0,2001.0,3088.0,3439.0,1286.0,1549.0,2.0,8.0,2.0
1490.0,2509.0,1370.0,2383.0,1995.0,3085.0,3435.0,1283.0,1546.0,2.0,8.0,2.0
1494.0,2513.0,1372.0,2387.0,2000.0,3088.0,3437.0,1282.0,1548.0,2.0,8.0,2.0
1493.0,2514.0,1372.0,2387.0,2000.0,3088.0,3438.0,1282.0,1548.0,2.0,8.0,2.0
1533.0,2563.0,1167.0,2437.0,2258.0,2983.0,3545.0,1194.0,1577.0,3.0,8.0,2.0
1525.0,2556.0,1153.0,2434.0,2252.0,2978.0,3542.0,1187.0,1561.0,3.0,8.0,2.0
1515.0,2547.0,1143.0,2425.0,2243.0,2972.0,3535.0,1182.0,1548.0,3.0,8.0,2.0
1513.0,2545.0,1139.0,2424.0,2242.0,2971.0,3533.0,1179.0,1540.0,3.0,8.0,2.0
1512.0,2547.0,1136.0,2426.0,2244.0,2972.0,3535.0,1178.0,1535.0,3.0,8.0,2.0
1508.0,2543.0,1132.0,2421.0,2238.0,2969.0,3530.0,1176.0,1528.0,3.0,8.0,2.0
1505.0,2541.0,1130.0,2418.0,2236.0,2967.0,3525.0,1174.0,1523.0,3.0,8.0,2.0
1507.0,2546.0,1130.0,2423.0,2240.0,2969.0,3527.0,1174.0,1523.0,3.0,8.0,2.0
1505.0,2544.0,1129.0,2421.0,2238.0,2968.0,3526.0,1172.0,1521.0,3.0,8.0,2.0
1505.0,2541.0,1128.0,2419.0,2227.0,2966.0,3524.0,1173.0,1549.0,3.0,8.0,2.0
1509.0,2547.0,1130.0,2425.0,2233.0,2969.0,3530.0,1175.0,1551.0,3.0,8.0,2.0
1512.0,2550.0,1131.0,2428.0,2235.0,2971.0,3533.0,1176.0,1551.0,3.0,8.0,2.0
1510.0,2548.0,1130.0,2426.0,2231.0,2969.0,3534.0,1177.0,1547.0,3.0,8.0,2.0
1514.0,2552.0,1132.0,2429.0,2235.0,2972.0,3536.0,1179.0,1547.0,3.0,8.0,2.0
1515.0,2555.0,1133.0,2432.0,2248.0,2975.0,3540.0,1179.0,1519.0,3.0,8.0,2.0
1512.0,2551.0,1133.0,2428.0,2244.0,2974.0,3538.0,1177.0,1518.0,3.0,8.0,2.0
1512.0,2550.0,1132.0,2428.0,2244.0,2974.0,3541.0,1178.0,1518.0,3.0,8.0,2.0
1515.0,2553.0,1132.0,2431.0,2249.0,2976.0,3542.0,1177.0,1520.0,3.0,8.0,2.0
1512.0,2551.0,1132.0,2429.0,2246.0,2974.0,3541.0,1176.0,1519.0,3.0,8.0,2.0
1510.0,2548.0,1130.0,2426.0,2244.0,2970.0,3537.0,1175.0,1517.0,3.0,8.0,2.0
1512.0,2551.0,1131.0,2430.0,2248.0,2971.0,3540.0,1177.0,1516.0,3.0,8.0,2.0
1511.0,2550.0,1129.0,2430.0,2247.0,2969.0,3539.0,1177.0,1514.0,3.0,8.0,2.0
1507.0,2545.0,1128.0,2425.0,2242.0,2965.0,3535.0,1177.0,1512.0,3.0,8.0,2.0
1509.0,2547.0,1128.0,2427.0,2245.0,2967.0,3536.0,1178.0,1514.0,3.0,8.0,2.0
1511.0,2548.0,1129.0,2429.0,2246.0,2969.0,3539.0,1179.0,1516.0,3.0,8.0,2.0
1508.0,2543.0,1127.0,2423.0,2241.0,2966.0,3533.0,1179.0,1516.0,3.0,8.0,2.0
1506.0,2540.0,1125.0,2420.0,2238.0,2964.0,3528.0,1176.0,1513.0,3.0,8.0,2.0
1509.0,2543.0,1125.0,2423.0,2240.0,2965.0,3528.0,1175.0,1511.0,3.0,8.0,2.0
1506.0,2541.0,1124.0,2420.0,2235.0,2962.0,3524.0,1175.0,1508.0,3.0,8.0,2.0
1503.0,2539.0,1123.0,2416.0,2231.0,2960.0,3521.0,1173.0,1503.0,3.0,8.0,2.0
1505.0,2542.0,1123.0,2419.0,2236.0,2963.0,3523.0,1172.0,1503.0,3.0,8.0,2.0
1506.0,2543.0,1125.0,2420.0,2238.0,2965.0,3526.0,1173.0,1505.0,3.0,8.0,2.0
1503.0,2541.0,1125.0,2417.0,2234.0,2964.0,3526.0,1173.0,1507.0,3.0,8.0,2.0
1507.0,2543.0,1126.0,2421.0,2239.0,2968.0,3530.0,1174.0,1510.0,3.0,8.0,2.0
1508.0,2545.0,1126.0,2422.0,2241.0,2970.0,3532.0,1174.0,1512.0,3.0,8.0,2.0
1504.0,2540.0,1123.0,2418.0,2235.0,2965.0,3527.0,1172.0,1508.0,3.0,8.0,2.0
1504.0,2540.0,1123.0,2418.0,2235.0,2965.0,3528.0,1173.0,1507.0,3.0,8.0,2.0
1507.0,2543.0,1123.0,2422.0,2240.0,2969.0,3529.0,1174.0,1508.0,3.0,8.0,2.0
1503.0,2540.0,1120.0,2418.0,2236.0,2966.0,3527.0,1173.0,1507.0,3.0,8.0,2.0
1502.0,2538.0,1120.0,2415.0,2234.0,2964.0,3524.0,1173.0,1506.0,3.0,8.0,2.0
1506.0,2543.0,1121.0,2419.0,2240.0,2967.0,3530.0,1174.0,1509.0,3.0,8.0,2.0
1506.0,2544.0,1123.0,2420.0,2239.0,2967.0,3530.0,1175.0,1510.0,3.0,8.0,2.0
1505.0,2541.0,1123.0,2417.0,2236.0,2966.0,3528.0,1175.0,1508.0,3.0,8.0,2.0
1510.0,2546.0,1126.0,2423.0,2242.0,2971.0,3533.0,1177.0,1511.0,3.0,8.0,2.0
1503.0,2563.0,969.0,2432.0,2286.0,2790.0,3544.0,1187.0,1428.0,4.0,8.0,2.0
1498.0,2556.0,964.0,2426.0,2279.0,2784.0,3539.0,1183.0,1419.0,4.0,8.0,2.0
1493.0,2549.0,959.0,2417.0,2271.0,2778.0,3534.0,1178.0,1410.0,4.0,8.0,2.0
1495.0,2549.0,957.0,2419.0,2273.0,2779.0,3533.0,1177.0,1406.0,4.0,8.0,2.0
1495.0,2550.0,955.0,2419.0,2273.0,2779.0,3535.0,1176.0,1403.0,4.0,8.0,2.0
1488.0,2546.0,953.0,2414.0,2267.0,2776.0,3531.0,1174.0,1399.0,4.0,8.0,2.0
1489.0,2547.0,954.0,2417.0,2260.0,2777.0,3533.0,1175.0,1426.0,4.0,8.0,2.0
1492.0,2553.0,956.0,2422.0,2265.0,2780.0,3535.0,1178.0,1427.0,4.0,8.0,2.0
1489.0,2551.0,955.0,2420.0,2262.0,2779.0,3534.0,1178.0,1426.0,4.0,8.0,2.0
1491.0,2550.0,955.0,2419.0,2263.0,2780.0,3534.0,1178.0,1426.0,4.0,8.0,2.0
1497.0,2555.0,957.0,2425.0,2270.0,2783.0,3539.0,1180.0,1428.0,4.0,8.0,2.0
1496.0,2553.0,955.0,2423.0,2278.0,2782.0,3538.0,1179.0,1399.0,4.0,8.0,2.0
1494.0,2549.0,954.0,2419.0,2274.0,2780.0,3536.0,1177.0,1397.0,4.0,8.0,2.0
1495.0,2553.0,955.0,2422.0,2278.0,2782.0,3540.0,1177.0,1396.0,4.0,8.0,2.0
1493.0,2554.0,956.0,2424.0,2278.0,2781.0,3542.0,1177.0,1396.0,4.0,8.0,2.0
1489.0,2550.0,955.0,2419.0,2273.0,2779.0,3539.0,1176.0,1395.0,4.0,8.0,2.0
1490.0,2552.0,955.0,2421.0,2275.0,2781.0,3540.0,1176.0,1394.0,4.0,8.0,2.0
1493.0,2556.0,956.0,2423.0,2277.0,2782.0,3543.0,1177.0,1395.0,4.0,8.0,2.0
1491.0,2551.0,955.0,2419.0,2274.0,2780.0,3540.0,1177.0,1393.0,4.0,8.0,2.0
1492.0,2551.0,954.0,2418.0,2274.0,2781.0,3540.0,1177.0,1393.0,4.0,8.0,2.0
1494.0,2555.0,955.0,2421.0,2278.0,2782.0,3543.0,1178.0,1394.0,4.0,8.0,2.0
1491.0,2553.0,954.0,2418.0,2275.0,2780.0,3541.0,1178.0,1394.0,4.0,8.0,2.0
1488.0,2550.0,953.0,2416.0,2274.0,2779.0,3537.0,1177.0,1393.0,4.0,8.0,2.0
1487.0,2552.0,951.0,2416.0,2275.0,2779.0,3535.0,1175.0,1391.0,4.0,8.0,2.0
1484.0,2550.0,949.0,2414.0,2273.0,2776.0,3530.0,1174.0,1389.0,4.0,8.0,2.0
1482.0,2544.0,947.0,2409.0,2266.0,2772.0,3525.0,1171.0,1386.0,4.0,8.0,2.0
1484.0,2544.0,945.0,2409.0,2267.0,2771.0,3524.0,1169.0,1385.0,4.0,8.0,2.0
1483.0,2544.0,944.0,2409.0,2267.0,2771.0,3523.0,1166.0,1383.0,4.0,8.0,2.0
1480.0,2541.0,944.0,2406.0,2263.0,2768.0,3520.0,1166.0,1383.0,4.0,8.0,2.0
1479.0,2540.0,944.0,2407.0,2262.0,2767.0,3522.0,1167.0,1383.0,4.0,8.0,2.0
1480.0,2542.0,944.0,2409.0,2266.0,2769.0,3525.0,1167.0,1383.0,4.0,8.0,2.0
1478.0,2540.0,943.0,2406.0,2263.0,2766.0,3523.0,1167.0,1381.0,4.0,8.0,2.0
1478.0,2537.0,943.0,2406.0,2262.0,2766.0,3523.0,1169.0,1381.0,4.0,8.0,2.0
1306.0,2562.0,973.0,2238.0,2294.0,2783.0,3543.0,1188.0,1234.0,5.0,8.0,2.0
1303.0,2560.0,966.0,2237.0,2282.0,2780.0,3544.0,1185.0,1252.0,5.0,8.0,2.0
1298.0,2553.0,960.0,2232.0,2276.0,2774.0,3537.0,1180.0,1244.0,5.0,8.0,2.0
1295.0,2549.0,958.0,2229.0,2273.0,2771.0,3534.0,1178.0,1238.0,5.0,8.0,2.0
1296.0,2551.0,957.0,2231.0,2277.0,2773.0,3536.0,1180.0,1238.0,5.0,8.0,2.0
1295.0,2551.0,955.0,2230.0,2276.0,2771.0,3536.0,1179.0,1235.0,5.0,8.0,2.0
1291.0,2546.0,954.0,2226.0,2281.0,2767.0,3531.0,1176.0,1203.0,5.0,8.0,2.0
1291.0,2548.0,953.0,2227.0,2281.0,2769.0,3535.0,1177.0,1202.0,5.0,8.0,2.0
1292.0,2549.0,952.0,2228.0,2283.0,2768.0,3535.0,1175.0,1200.0,5.0,8.0,2.0
1289.0,2546.0,950.0,2223.0,2278.0,2765.0,3531.0,1172.0,1197.0,5.0,8.0,2.0
1289.0,2545.0,950.0,2221.0,2279.0,2765.0,3531.0,1173.0,1197.0,5.0,8.0,2.0
1290.0,2548.0,949.0,2222.0,2282.0,2766.0,3533.0,1172.0,1196.0,5.0,8.0,2.0
1289.0,2545.0,948.0,2220.0,2280.0,2764.0,3529.0,1171.0,1194.0,5.0,8.0,2.0
1288.0,2543.0,947.0,2218.0,2278.0,2764.0,3527.0,1171.0,1193.0,5.0,8.0,2.0
1289.0,2546.0,948.0,2220.0,2281.0,2766.0,3528.0,1170.0,1192.0,5.0,8.0,2.0
1289.0,2546.0,948.0,2218.0,2281.0,2766.0,3528.0,1169.0,1191.0,5.0,8.0,2.0
1287.0,2542.0,947.0,2214.0,2277.0,2764.0,3524.0,1170.0,1190.0,5.0,8.0,2.0
1289.0,2543.0,947.0,2215.0,2279.0,2766.0,3525.0,1169.0,1190.0,5.0,8.0,2.0
1288.0,2544.0,946.0,2215.0,2280.0,2765.0,3523.0,1168.0,1190.0,5.0,8.0,2.0
1285.0,2539.0,943.0,2210.0,2273.0,2760.0,3521.0,1167.0,1189.0,5.0,8.0,2.0
1283.0,2535.0,940.0,2207.0,2270.0,2758.0,3518.0,1165.0,1187.0,5.0,8.0,2.0
1282.0,2537.0,940.0,2208.0,2271.0,2758.0,3519.0,1164.0,1186.0,5.0,8.0,2.0
1278.0,2534.0,938.0,2204.0,2265.0,2754.0,3516.0,1164.0,1185.0,5.0,8.0,2.0
1276.0,2530.0,937.0,2203.0,2263.0,2752.0,3515.0,1163.0,1183.0,5.0,8.0,2.0
1278.0,2533.0,938.0,2206.0,2267.0,2754.0,3515.0,1163.0,1183.0,5.0,8.0,2.0
1279.0,2534.0,937.0,2205.0,2267.0,2754.0,3514.0,1165.0,1184.0,5.0,8.0,2.0
1276.0,2530.0,936.0,2201.0,2264.0,2751.0,3510.0,1162.0,1182.0,5.0,8.0,2.0
1278.0,2532.0,937.0,2204.0,2267.0,2753.0,3512.0,1163.0,1182.0,5.0,8.0,2.0
1199.0,2422.0,959.0,1847.0,2289.0,2772.0,3521.0,1177.0,1212.0,6.0,8.0,2.0
1197.0,2419.0,954.0,1842.0,2288.0,2770.0,3518.0,1173.0,1206.0,6.0,8.0,2.0
1193.0,2411.0,949.0,1837.0,2281.0,2765.0,3512.0,1169.0,1199.0,6.0,8.0,2.0
1192.0,2406.0,947.0,1835.0,2278.0,2762.0,3510.0,1167.0,1195.0,6.0,8.0,2.0
1192.0,2407.0,945.0,1835.0,2280.0,2763.0,3512.0,1167.0,1193.0,6.0,8.0,2.0
1191.0,2406.0,944.0,1834.0,2279.0,2761.0,3511.0,1166.0,1190.0,6.0,8.0,2.0
1187.0,2402.0,942.0,1830.0,2274.0,2758.0,3507.0,1164.0,1187.0,6.0,8.0,2.0
1189.0,2405.0,941.0,1830.0,2277.0,2759.0,3507.0,1164.0,1187.0,6.0,8.0,2.0
1189.0,2407.0,942.0,1832.0,2268.0,2760.0,3510.0,1166.0,1217.0,6.0,8.0,2.0
1188.0,2405.0,941.0,1831.0,2265.0,2758.0,3508.0,1166.0,1216.0,6.0,8.0,2.0
1189.0,2406.0,942.0,1832.0,2268.0,2761.0,3510.0,1167.0,1218.0,6.0,8.0,2.0
1191.0,2408.0,944.0,1833.0,2271.0,2763.0,3516.0,1169.0,1218.0,6.0,8.0,2.0
1191.0,2406.0,945.0,1832.0,2269.0,2763.0,3516.0,1168.0,1216.0,6.0,8.0,2.0
1192.0,2406.0,944.0,1831.0,2279.0,2763.0,3514.0,1168.0,1187.0,6.0,8.0,2.0
1194.0,2409.0,945.0,1833.0,2283.0,2765.0,3518.0,1169.0,1187.0,6.0,8.0,2.0
1192.0,2408.0,944.0,1832.0,2281.0,2763.0,3515.0,1168.0,1186.0,6.0,8.0,2.0
1191.0,2407.0,943.0,1831.0,2278.0,2761.0,3511.0,1167.0,1185.0,6.0,8.0,2.0
1192.0,2407.0,943.0,1831.0,2281.0,2763.0,3513.0,1169.0,1187.0,6.0,8.0,2.0
1191.0,2408.0,944.0,1831.0,2282.0,2763.0,3514.0,1169.0,1187.0,6.0,8.0,2.0
1189.0,2403.0,943.0,1828.0,2277.0,2759.0,3510.0,1168.0,1186.0,6.0,8.0,2.0
1191.0,2404.0,943.0,1830.0,2279.0,2761.0,3511.0,1168.0,1185.0,6.0,8.0,2.0
1193.0,2405.0,943.0,1831.0,2282.0,2762.0,3515.0,1170.0,1187.0,6.0,8.0,2.0
1190.0,2403.0,942.0,1828.0,2279.0,2760.0,3512.0,1169.0,1186.0,6.0,8.0,2.0
1190.0,2402.0,942.0,1828.0,2279.0,2761.0,3512.0,1168.0,1185.0,6.0,8.0,2.0
1191.0,2406.0,944.0,1830.0,2283.0,2764.0,3514.0,1168.0,1186.0,6.0,8.0,2.0
1188.0,2404.0,942.0,1827.0,2278.0,2760.0,3511.0,1167.0,1185.0,6.0,8.0,2.0
1184.0,2399.0,940.0,1823.0,2273.0,2757.0,3505.0,1164.0,1183.0,6.0,8.0,2.0
1185.0,2400.0,940.0,1824.0,2275.0,2757.0,3506.0,1164.0,1182.0,6.0,8.0,2.0
1184.0,2398.0,937.0,1822.0,2273.0,2755.0,3503.0,1162.0,1181.0,6.0,8.0,2.0
1182.0,2393.0,935.0,1819.0,2267.0,2751.0,3501.0,1160.0,1178.0,6.0,8.0,2.0
1183.0,2395.0,935.0,1820.0,2270.0,2752.0,3502.0,1161.0,1177.0,6.0,8.0,2.0
1185.0,2398.0,937.0,1822.0,2273.0,2755.0,3506.0,1162.0,1178.0,6.0,8.0,2.0
1183.0,2395.0,935.0,1818.0,2268.0,2753.0,3503.0,1161.0,1177.0,6.0,8.0,2.0
1217.0,2382.0,979.0,1858.0,2249.0,2807.0,3381.0,1198.0,1236.0,7.0,8.0,2.0
1211.0,2375.0,972.0,1852.0,2242.0,2799.0,3374.0,1194.0,1226.0,7.0,8.0,2.0
1210.0,2372.0,969.0,1851.0,2241.0,2798.0,3372.0,1192.0,1221.0,7.0,8.0,2.0
1195.0,2349.0,952.0,1827.0,2221.0,2769.0,3343.0,1174.0,1202.0,7.0,8.0,2.0
1187.0,2338.0,944.0,1820.0,2212.0,2761.0,3333.0,1167.0,1193.0,7.0,8.0,2.0
1185.0,2335.0,942.0,1818.0,2209.0,2758.0,3328.0,1164.0,1189.0,7.0,8.0,2.0
1186.0,2337.0,941.0,1819.0,2211.0,2761.0,3329.0,1164.0,1188.0,7.0,8.0,2.0
1185.0,2334.0,940.0,1818.0,2198.0,2758.0,3328.0,1164.0,1216.0,7.0,8.0,2.0
1185.0,2333.0,941.0,1819.0,2196.0,2757.0,3328.0,1165.0,1215.0,7.0,8.0,2.0
1188.0,2336.0,943.0,1821.0,2198.0,2760.0,3330.0,1168.0,1217.0,7.0,8.0,2.0
1189.0,2337.0,944.0,1822.0,2198.0,2761.0,3332.0,1169.0,1217.0,7.0,8.0,2.0
1188.0,2335.0,944.0,1822.0,2195.0,2759.0,3331.0,1170.0,1217.0,7.0,8.0,2.0
1188.0,2336.0,945.0,1822.0,2207.0,2762.0,3332.0,1169.0,1187.0,7.0,8.0,2.0
1190.0,2338.0,945.0,1823.0,2209.0,2763.0,3334.0,1169.0,1187.0,7.0,8.0,2.0
1188.0,2337.0,944.0,1821.0,2208.0,2761.0,3333.0,1167.0,1185.0,7.0,8.0,2.0
1188.0,2339.0,944.0,1822.0,2210.0,2761.0,3336.0,1168.0,1186.0,7.0,8.0,2.0
1189.0,2340.0,943.0,1823.0,2212.0,2763.0,3337.0,1168.0,1186.0,7.0,8.0,2.0
1189.0,2339.0,942.0,1822.0,2208.0,2761.0,3336.0,1169.0,1186.0,7.0,8.0,2.0
1188.0,2336.0,941.0,1820.0,2204.0,2760.0,3333.0,1168.0,1185.0,7.0,8.0,2.0
1188.0,2338.0,941.0,1820.0,2206.0,2763.0,3334.0,1169.0,1186.0,7.0,8.0,2.0
1188.0,2337.0,939.0,1819.0,2207.0,2762.0,3332.0,1168.0,1186.0,7.0,8.0,2.0
1187.0,2335.0,939.0,1817.0,2206.0,2760.0,3329.0,1166.0,1185.0,7.0,8.0,2.0
1188.0,2337.0,939.0,1818.0,2211.0,2762.0,3332.0,1167.0,1186.0,7.0,8.0,2.0
1187.0,2337.0,940.0,1819.0,2212.0,2762.0,3332.0,1168.0,1185.0,7.0,8.0,2.0
1185.0,2332.0,938.0,1815.0,2206.0,2758.0,3327.0,1166.0,1183.0,7.0,8.0,2.0
1183.0,2330.0,937.0,1814.0,2200.0,2755.0,3326.0,1163.0,1180.0,7.0,8.0,2.0
1183.0,2330.0,937.0,1816.0,2200.0,2756.0,3327.0,1163.0,1180.0,7.0,8.0,2.0
1180.0,2324.0,934.0,1812.0,2193.0,2751.0,3322.0,1160.0,1177.0,7.0,8.0,2.0
1179.0,2324.0,932.0,1809.0,2193.0,2749.0,3319.0,1159.0,1177.0,7.0,8.0,2.0
1181.0,2330.0,933.0,1811.0,2200.0,2752.0,3323.0,1160.0,1178.0,7.0,8.0,2.0
1180.0,2330.0,933.0,1811.0,2201.0,2751.0,3321.0,1160.0,1178.0,7.0,8.0,2.0
1177.0,2327.0,931.0,1807.0,2198.0,2749.0,3319.0,1159.0,1177.0,7.0,8.0,2.0
1180.0,2330.0,933.0,1810.0,2201.0,2752.0,3322.0,1161.0,1178.0,7.0,8.0,2.0
1180.0,2331.0,933.0,1810.0,2201.0,2753.0,3323.0,1160.0,1177.0,7.0,8.0,2.0
1206.0,2189.0,959.0,1841.0,2106.0,2789.0,3272.0,1184.0,1240.0,8.0,8.0,2.0
1188.0,2165.0,943.0,1817.0,2082.0,2757.0,3239.0,1166.0,1220.0,8.0,8.0,2.0
1188.0,2167.0,942.0,1817.0,2093.0,2759.0,3239.0,1164.0,1188.0,8.0,8.0,2.0
1186.0,2164.0,939.0,1815.0,2091.0,2757.0,3235.0,1162.0,1186.0,8.0,8.0,2.0
1183.0,2162.0,938.0,1813.0,2085.0,2753.0,3233.0,1160.0,1184.0,8.0,8.0,2.0
1183.0,2162.0,938.0,1813.0,2085.0,2754.0,3234.0,1160.0,1183.0,8.0,8.0,2.0
1182.0,2159.0,935.0,1811.0,2084.0,2752.0,3232.0,1159.0,1182.0,8.0,8.0,2.0
1179.0,2155.0,933.0,1808.0,2080.0,2748.0,3228.0,1158.0,1180.0,8.0,8.0,2.0
1179.0,2156.0,933.0,1809.0,2081.0,2749.0,3230.0,1158.0,1179.0,8.0,8.0,2.0
1181.0,2156.0,932.0,1809.0,2084.0,2751.0,3233.0,1161.0,1180.0,8.0,8.0,2.0
1180.0,2155.0,931.0,1808.0,2083.0,2750.0,3232.0,1160.0,1180.0,8.0,8.0,2.0
1180.0,2155.0,932.0,1809.0,2083.0,2751.0,3233.0,1161.0,1180.0,8.0,8.0,2.0
1181.0,2157.0,933.0,1811.0,2087.0,2754.0,3236.0,1163.0,1183.0,8.0,8.0,2.0
1182.0,2157.0,934.0,1811.0,2086.0,2754.0,3236.0,1163.0,1184.0,8.0,8.0,2.0
1179.0,2154.0,932.0,1807.0,2082.0,2751.0,3230.0,1160.0,1180.0,8.0,8.0,2.0
1178.0,2153.0,930.0,1806.0,2081.0,2751.0,3231.0,1158.0,1179.0,8.0,8.0,2.0
1177.0,2152.0,927.0,1803.0,2079.0,2749.0,3228.0,1156.0,1176.0,8.0,8.0,2.0
1174.0,2148.0,924.0,1799.0,2075.0,2743.0,3223.0,1152.0,1172.0,8.0,8.0,2.0
1173.0,2146.0,923.0,1797.0,2074.0,2743.0,3221.0,1151.0,1168.0,8.0,8.0,2.0
1174.0,2147.0,923.0,1799.0,2075.0,2744.0,3222.0,1152.0,1169.0,8.0,8.0,2.0
1173.0,2147.0,923.0,1797.0,2073.0,2742.0,3219.0,1151.0,1168.0,8.0,8.0,2.0
1173.0,2147.0,924.0,1797.0,2073.0,2742.0,3219.0,1150.0,1168.0,8.0,8.0,2.0
1175.0,2149.0,925.0,1798.0,2075.0,2745.0,3222.0,1152.0,1170.0,8.0,8.0,2.0
1174.0,2149.0,924.0,1798.0,2074.0,2743.0,3220.0,1150.0,1170.0,8.0,8.0,2.0
1173.0,2147.0,924.0,1797.0,2072.0,2741.0,3220.0,1150.0,1168.0,8.0,8.0,2.0
1174.0,2148.0,924.0,1798.0,2075.0,2743.0,3221.0,1151.0,1169.0,8.0,8.0,2.0
1173.0,2149.0,923.0,1797.0,2074.0,2742.0,3221.0,1151.0,1168.0,8.0,8.0,2.0
1172.0,2145.0,922.0,1796.0,2072.0,2740.0,3218.0,1150.0,1167.0,8.0,8.0,2.0
1173.0,2147.0,922.0,1796.0,2073.0,2741.0,3221.0,1150.0,1167.0,8.0,8.0,2.0
1174.0,2148.0,923.0,1798.0,2075.0,2743.0,3222.0,1151.0,1168.0,8.0,8.0,2.0
1173.0,2146.0,923.0,1796.0,2072.0,2740.0,3219.0,1150.0,1167.0,8.0,8.0,2.0
1174.0,2147.0,925.0,1798.0,2075.0,2742.0,3221.0,1151.0,1169.0,8.0,8.0,2.0
1177.0,2152.0,928.0,1802.0,2079.0,2745.0,3225.0,1153.0,1171.0,8.0,8.0,2.0
1177.0,2151.0,929.0,1803.0,2078.0,2745.0,3225.0,1154.0,1171.0,8.0,8.0,2.0
